;TAZID,CO_TAZID,TOTHH,HHPOP,HHSIZE,TOTEMP,RETEMP,INDEMP,OTHEMP,ALLEMP,RETL,FOOD,MANU,WSLE,OFFI,GVED,HLTH,OTHR,FM_AGRI,FM_MING,FM_CONS,HBJ,AVGINCOME,Enrol_Elem,Enrol_Midl,Enrol_High,CO_FIPS,CO_NAME
1,30001,0.0,0.0,0.0,0.0,0.0,0.0,0.0,0.0,0.0,0.0,0.0,0.0,0.0,0.0,0.0,0.0,0.0,0.0,0.0,0.0,66905,0,0,0,3,BOX ELDER
2,30002,0.0,0.0,0.0,0.0,0.0,0.0,0.0,0.0,0.0,0.0,0.0,0.0,0.0,0.0,0.0,0.0,0.0,0.0,0.0,0.0,66905,0,0,0,3,BOX ELDER
3,30003,0.0,0.0,0.0,0.0,0.0,0.0,0.0,0.0,0.0,0.0,0.0,0.0,0.0,0.0,0.0,0.0,0.0,0.0,0.0,0.0,51492,0,0,0,3,BOX ELDER
4,30004,0.0,0.0,0.0,0.0,0.0,0.0,0.0,0.0,0.0,0.0,0.0,0.0,0.0,0.0,0.0,0.0,0.0,0.0,0.0,0.0,51492,0,0,0,3,BOX ELDER
5,30005,0.0,0.0,0.0,0.0,0.0,0.0,0.0,0.0,0.0,0.0,0.0,0.0,0.0,0.0,0.0,0.0,0.0,0.0,0.0,0.0,68948,0,0,0,3,BOX ELDER
6,30006,0.0,0.0,0.0,0.0,0.0,0.0,0.0,0.0,0.0,0.0,0.0,0.0,0.0,0.0,0.0,0.0,0.0,0.0,0.0,0.0,51492,0,0,0,3,BOX ELDER
7,30007,0.0,0.0,0.0,0.0,0.0,0.0,0.0,0.0,0.0,0.0,0.0,0.0,0.0,0.0,0.0,0.0,0.0,0.0,0.0,0.0,51492,0,0,0,3,BOX ELDER
8,30008,0.0,0.0,0.0,0.0,0.0,0.0,0.0,0.0,0.0,0.0,0.0,0.0,0.0,0.0,0.0,0.0,0.0,0.0,0.0,0.0,71055,0,0,0,3,BOX ELDER
9,30009,0.0,0.0,0.0,0.0,0.0,0.0,0.0,0.0,0.0,0.0,0.0,0.0,0.0,0.0,0.0,0.0,0.0,0.0,0.0,0.0,51492,0,0,0,3,BOX ELDER
10,30010,0.0,0.0,0.0,0.0,0.0,0.0,0.0,0.0,0.0,0.0,0.0,0.0,0.0,0.0,0.0,0.0,0.0,0.0,0.0,0.0,51492,0,0,0,3,BOX ELDER
11,30011,0.0,0.0,0.0,0.0,0.0,0.0,0.0,0.0,0.0,0.0,0.0,0.0,0.0,0.0,0.0,0.0,0.0,0.0,0.0,0.0,71342,0,0,0,3,BOX ELDER
12,30012,0.0,0.0,0.0,0.0,0.0,0.0,0.0,0.0,0.0,0.0,0.0,0.0,0.0,0.0,0.0,0.0,0.0,0.0,0.0,0.0,71342,0,0,0,3,BOX ELDER
13,30013,0.0,0.0,0.0,0.0,0.0,0.0,0.0,0.0,0.0,0.0,0.0,0.0,0.0,0.0,0.0,0.0,0.0,0.0,0.0,0.0,71342,0,0,0,3,BOX ELDER
14,30014,0.0,0.0,0.0,0.0,0.0,0.0,0.0,0.0,0.0,0.0,0.0,0.0,0.0,0.0,0.0,0.0,0.0,0.0,0.0,0.0,71342,0,0,0,3,BOX ELDER
15,30015,0.0,0.0,0.0,0.0,0.0,0.0,0.0,0.0,0.0,0.0,0.0,0.0,0.0,0.0,0.0,0.0,0.0,0.0,0.0,0.0,66905,0,0,0,3,BOX ELDER
16,30016,0.0,0.0,0.0,0.0,0.0,0.0,0.0,0.0,0.0,0.0,0.0,0.0,0.0,0.0,0.0,0.0,0.0,0.0,0.0,0.0,68948,0,0,0,3,BOX ELDER
17,30017,0.0,0.0,0.0,0.0,0.0,0.0,0.0,0.0,0.0,0.0,0.0,0.0,0.0,0.0,0.0,0.0,0.0,0.0,0.0,0.0,71342,0,0,0,3,BOX ELDER
18,30018,0.0,0.0,0.0,0.0,0.0,0.0,0.0,0.0,0.0,0.0,0.0,0.0,0.0,0.0,0.0,0.0,0.0,0.0,0.0,0.0,71342,0,0,0,3,BOX ELDER
19,30019,0.0,0.0,0.0,0.0,0.0,0.0,0.0,0.0,0.0,0.0,0.0,0.0,0.0,0.0,0.0,0.0,0.0,0.0,0.0,0.0,68948,0,0,0,3,BOX ELDER
20,30020,0.0,0.0,0.0,0.0,0.0,0.0,0.0,0.0,0.0,0.0,0.0,0.0,0.0,0.0,0.0,0.0,0.0,0.0,0.0,0.0,79483,0,0,0,3,BOX ELDER
21,30021,0.0,0.0,0.0,0.0,0.0,0.0,0.0,0.0,0.0,0.0,0.0,0.0,0.0,0.0,0.0,0.0,0.0,0.0,0.0,0.0,68948,0,0,0,3,BOX ELDER
22,30022,0.0,0.0,0.0,0.0,0.0,0.0,0.0,0.0,0.0,0.0,0.0,0.0,0.0,0.0,0.0,0.0,0.0,0.0,0.0,0.0,68948,0,0,0,3,BOX ELDER
23,30023,0.0,0.0,0.0,0.0,0.0,0.0,0.0,0.0,0.0,0.0,0.0,0.0,0.0,0.0,0.0,0.0,0.0,0.0,0.0,0.0,68948,0,0,0,3,BOX ELDER
24,30024,0.0,0.0,0.0,0.0,0.0,0.0,0.0,0.0,0.0,0.0,0.0,0.0,0.0,0.0,0.0,0.0,0.0,0.0,0.0,0.0,68948,0,0,0,3,BOX ELDER
25,30025,0.0,0.0,0.0,0.0,0.0,0.0,0.0,0.0,0.0,0.0,0.0,0.0,0.0,0.0,0.0,0.0,0.0,0.0,0.0,0.0,61738,0,0,0,3,BOX ELDER
26,30026,0.0,0.0,0.0,0.0,0.0,0.0,0.0,0.0,0.0,0.0,0.0,0.0,0.0,0.0,0.0,0.0,0.0,0.0,0.0,0.0,54266,0,0,0,3,BOX ELDER
27,30027,0.0,0.0,0.0,0.0,0.0,0.0,0.0,0.0,0.0,0.0,0.0,0.0,0.0,0.0,0.0,0.0,0.0,0.0,0.0,0.0,71342,0,0,0,3,BOX ELDER
28,30028,0.0,0.0,0.0,0.0,0.0,0.0,0.0,0.0,0.0,0.0,0.0,0.0,0.0,0.0,0.0,0.0,0.0,0.0,0.0,0.0,71342,0,0,0,3,BOX ELDER
29,30029,0.0,0.0,0.0,0.0,0.0,0.0,0.0,0.0,0.0,0.0,0.0,0.0,0.0,0.0,0.0,0.0,0.0,0.0,0.0,0.0,71342,0,0,0,3,BOX ELDER
30,30030,0.0,0.0,0.0,0.0,0.0,0.0,0.0,0.0,0.0,0.0,0.0,0.0,0.0,0.0,0.0,0.0,0.0,0.0,0.0,0.0,50633,0,0,0,3,BOX ELDER
31,30031,0.0,0.0,0.0,0.0,0.0,0.0,0.0,0.0,0.0,0.0,0.0,0.0,0.0,0.0,0.0,0.0,0.0,0.0,0.0,0.0,48874,0,0,0,3,BOX ELDER
32,30032,0.0,0.0,0.0,0.0,0.0,0.0,0.0,0.0,0.0,0.0,0.0,0.0,0.0,0.0,0.0,0.0,0.0,0.0,0.0,0.0,54597,0,0,0,3,BOX ELDER
33,30033,0.0,0.0,0.0,0.0,0.0,0.0,0.0,0.0,0.0,0.0,0.0,0.0,0.0,0.0,0.0,0.0,0.0,0.0,0.0,0.0,47880,0,0,0,3,BOX ELDER
34,30034,0.0,0.0,0.0,0.0,0.0,0.0,0.0,0.0,0.0,0.0,0.0,0.0,0.0,0.0,0.0,0.0,0.0,0.0,0.0,0.0,72580,0,0,0,3,BOX ELDER
35,30035,0.0,0.0,0.0,0.0,0.0,0.0,0.0,0.0,0.0,0.0,0.0,0.0,0.0,0.0,0.0,0.0,0.0,0.0,0.0,0.0,69784,0,0,0,3,BOX ELDER
36,30036,0.0,0.0,0.0,0.0,0.0,0.0,0.0,0.0,0.0,0.0,0.0,0.0,0.0,0.0,0.0,0.0,0.0,0.0,0.0,0.0,79483,0,0,0,3,BOX ELDER
37,30037,0.0,0.0,0.0,0.0,0.0,0.0,0.0,0.0,0.0,0.0,0.0,0.0,0.0,0.0,0.0,0.0,0.0,0.0,0.0,0.0,71342,0,0,0,3,BOX ELDER
38,30038,0.0,0.0,0.0,0.0,0.0,0.0,0.0,0.0,0.0,0.0,0.0,0.0,0.0,0.0,0.0,0.0,0.0,0.0,0.0,0.0,71342,0,0,0,3,BOX ELDER
39,30039,0.0,0.0,0.0,0.0,0.0,0.0,0.0,0.0,0.0,0.0,0.0,0.0,0.0,0.0,0.0,0.0,0.0,0.0,0.0,0.0,63775,0,0,0,3,BOX ELDER
40,30040,0.0,0.0,0.0,0.0,0.0,0.0,0.0,0.0,0.0,0.0,0.0,0.0,0.0,0.0,0.0,0.0,0.0,0.0,0.0,0.0,44064,0,0,0,3,BOX ELDER
41,30041,0.0,0.0,0.0,0.0,0.0,0.0,0.0,0.0,0.0,0.0,0.0,0.0,0.0,0.0,0.0,0.0,0.0,0.0,0.0,0.0,37413,0,0,0,3,BOX ELDER
42,30042,0.0,0.0,0.0,0.0,0.0,0.0,0.0,0.0,0.0,0.0,0.0,0.0,0.0,0.0,0.0,0.0,0.0,0.0,0.0,0.0,37413,0,0,0,3,BOX ELDER
43,30043,0.0,0.0,0.0,0.0,0.0,0.0,0.0,0.0,0.0,0.0,0.0,0.0,0.0,0.0,0.0,0.0,0.0,0.0,0.0,0.0,69838,0,0,0,3,BOX ELDER
44,30044,0.0,0.0,0.0,0.0,0.0,0.0,0.0,0.0,0.0,0.0,0.0,0.0,0.0,0.0,0.0,0.0,0.0,0.0,0.0,0.0,79596,0,0,0,3,BOX ELDER
45,30045,0.0,0.0,0.0,0.0,0.0,0.0,0.0,0.0,0.0,0.0,0.0,0.0,0.0,0.0,0.0,0.0,0.0,0.0,0.0,0.0,79606,0,0,0,3,BOX ELDER
46,30046,0.0,0.0,0.0,0.0,0.0,0.0,0.0,0.0,0.0,0.0,0.0,0.0,0.0,0.0,0.0,0.0,0.0,0.0,0.0,0.0,79606,0,0,0,3,BOX ELDER
47,30047,0.0,0.0,0.0,0.0,0.0,0.0,0.0,0.0,0.0,0.0,0.0,0.0,0.0,0.0,0.0,0.0,0.0,0.0,0.0,0.0,71342,0,0,0,3,BOX ELDER
48,30048,0.0,0.0,0.0,0.0,0.0,0.0,0.0,0.0,0.0,0.0,0.0,0.0,0.0,0.0,0.0,0.0,0.0,0.0,0.0,0.0,71342,0,0,0,3,BOX ELDER
49,30049,0.0,0.0,0.0,0.0,0.0,0.0,0.0,0.0,0.0,0.0,0.0,0.0,0.0,0.0,0.0,0.0,0.0,0.0,0.0,0.0,71342,0,0,0,3,BOX ELDER
50,30050,0.0,0.0,0.0,0.0,0.0,0.0,0.0,0.0,0.0,0.0,0.0,0.0,0.0,0.0,0.0,0.0,0.0,0.0,0.0,0.0,71342,0,0,0,3,BOX ELDER
51,30051,0.0,0.0,0.0,0.0,0.0,0.0,0.0,0.0,0.0,0.0,0.0,0.0,0.0,0.0,0.0,0.0,0.0,0.0,0.0,0.0,53556,0,0,0,3,BOX ELDER
52,30052,0.0,0.0,0.0,0.0,0.0,0.0,0.0,0.0,0.0,0.0,0.0,0.0,0.0,0.0,0.0,0.0,0.0,0.0,0.0,0.0,36260,0,0,0,3,BOX ELDER
53,30053,0.0,0.0,0.0,0.0,0.0,0.0,0.0,0.0,0.0,0.0,0.0,0.0,0.0,0.0,0.0,0.0,0.0,0.0,0.0,0.0,36260,0,0,0,3,BOX ELDER
54,30054,0.0,0.0,0.0,0.0,0.0,0.0,0.0,0.0,0.0,0.0,0.0,0.0,0.0,0.0,0.0,0.0,0.0,0.0,0.0,0.0,40402,0,0,0,3,BOX ELDER
55,30055,0.0,0.0,0.0,0.0,0.0,0.0,0.0,0.0,0.0,0.0,0.0,0.0,0.0,0.0,0.0,0.0,0.0,0.0,0.0,0.0,40402,0,0,0,3,BOX ELDER
56,30056,0.0,0.0,0.0,0.0,0.0,0.0,0.0,0.0,0.0,0.0,0.0,0.0,0.0,0.0,0.0,0.0,0.0,0.0,0.0,0.0,79606,0,0,0,3,BOX ELDER
57,30057,0.0,0.0,0.0,0.0,0.0,0.0,0.0,0.0,0.0,0.0,0.0,0.0,0.0,0.0,0.0,0.0,0.0,0.0,0.0,0.0,79606,0,0,0,3,BOX ELDER
58,30058,0.0,0.0,0.0,0.0,0.0,0.0,0.0,0.0,0.0,0.0,0.0,0.0,0.0,0.0,0.0,0.0,0.0,0.0,0.0,0.0,79606,0,0,0,3,BOX ELDER
59,30059,0.0,0.0,0.0,0.0,0.0,0.0,0.0,0.0,0.0,0.0,0.0,0.0,0.0,0.0,0.0,0.0,0.0,0.0,0.0,0.0,71342,0,0,0,3,BOX ELDER
60,30060,0.0,0.0,0.0,0.0,0.0,0.0,0.0,0.0,0.0,0.0,0.0,0.0,0.0,0.0,0.0,0.0,0.0,0.0,0.0,0.0,71342,0,0,0,3,BOX ELDER
61,30061,0.0,0.0,0.0,0.0,0.0,0.0,0.0,0.0,0.0,0.0,0.0,0.0,0.0,0.0,0.0,0.0,0.0,0.0,0.0,0.0,52227,0,0,0,3,BOX ELDER
62,30062,0.0,0.0,0.0,0.0,0.0,0.0,0.0,0.0,0.0,0.0,0.0,0.0,0.0,0.0,0.0,0.0,0.0,0.0,0.0,0.0,52635,0,0,0,3,BOX ELDER
63,30063,0.0,0.0,0.0,0.0,0.0,0.0,0.0,0.0,0.0,0.0,0.0,0.0,0.0,0.0,0.0,0.0,0.0,0.0,0.0,0.0,53556,0,0,0,3,BOX ELDER
64,30064,0.0,0.0,0.0,0.0,0.0,0.0,0.0,0.0,0.0,0.0,0.0,0.0,0.0,0.0,0.0,0.0,0.0,0.0,0.0,0.0,52227,0,0,0,3,BOX ELDER
65,30065,0.0,0.0,0.0,0.0,0.0,0.0,0.0,0.0,0.0,0.0,0.0,0.0,0.0,0.0,0.0,0.0,0.0,0.0,0.0,0.0,53556,0,0,0,3,BOX ELDER
66,30066,0.0,0.0,0.0,0.0,0.0,0.0,0.0,0.0,0.0,0.0,0.0,0.0,0.0,0.0,0.0,0.0,0.0,0.0,0.0,0.0,44338,0,0,0,3,BOX ELDER
67,30067,0.0,0.0,0.0,0.0,0.0,0.0,0.0,0.0,0.0,0.0,0.0,0.0,0.0,0.0,0.0,0.0,0.0,0.0,0.0,0.0,42956,0,0,0,3,BOX ELDER
68,30068,0.0,0.0,0.0,0.0,0.0,0.0,0.0,0.0,0.0,0.0,0.0,0.0,0.0,0.0,0.0,0.0,0.0,0.0,0.0,0.0,44041,0,0,0,3,BOX ELDER
69,30069,0.0,0.0,0.0,0.0,0.0,0.0,0.0,0.0,0.0,0.0,0.0,0.0,0.0,0.0,0.0,0.0,0.0,0.0,0.0,0.0,42956,0,0,0,3,BOX ELDER
70,30070,0.0,0.0,0.0,0.0,0.0,0.0,0.0,0.0,0.0,0.0,0.0,0.0,0.0,0.0,0.0,0.0,0.0,0.0,0.0,0.0,45647,0,0,0,3,BOX ELDER
71,30071,0.0,0.0,0.0,0.0,0.0,0.0,0.0,0.0,0.0,0.0,0.0,0.0,0.0,0.0,0.0,0.0,0.0,0.0,0.0,0.0,44592,0,0,0,3,BOX ELDER
72,30072,0.0,0.0,0.0,0.0,0.0,0.0,0.0,0.0,0.0,0.0,0.0,0.0,0.0,0.0,0.0,0.0,0.0,0.0,0.0,0.0,43896,0,0,0,3,BOX ELDER
73,30073,0.0,0.0,0.0,0.0,0.0,0.0,0.0,0.0,0.0,0.0,0.0,0.0,0.0,0.0,0.0,0.0,0.0,0.0,0.0,0.0,84675,0,0,0,3,BOX ELDER
74,30074,0.0,0.0,0.0,0.0,0.0,0.0,0.0,0.0,0.0,0.0,0.0,0.0,0.0,0.0,0.0,0.0,0.0,0.0,0.0,0.0,71342,0,0,0,3,BOX ELDER
75,30075,0.0,0.0,0.0,0.0,0.0,0.0,0.0,0.0,0.0,0.0,0.0,0.0,0.0,0.0,0.0,0.0,0.0,0.0,0.0,0.0,52227,0,0,0,3,BOX ELDER
76,30076,0.0,0.0,0.0,0.0,0.0,0.0,0.0,0.0,0.0,0.0,0.0,0.0,0.0,0.0,0.0,0.0,0.0,0.0,0.0,0.0,52227,0,0,0,3,BOX ELDER
77,30077,0.0,0.0,0.0,0.0,0.0,0.0,0.0,0.0,0.0,0.0,0.0,0.0,0.0,0.0,0.0,0.0,0.0,0.0,0.0,0.0,52227,0,0,0,3,BOX ELDER
78,30078,0.0,0.0,0.0,0.0,0.0,0.0,0.0,0.0,0.0,0.0,0.0,0.0,0.0,0.0,0.0,0.0,0.0,0.0,0.0,0.0,46674,0,0,0,3,BOX ELDER
79,30079,0.0,0.0,0.0,0.0,0.0,0.0,0.0,0.0,0.0,0.0,0.0,0.0,0.0,0.0,0.0,0.0,0.0,0.0,0.0,0.0,46674,0,0,0,3,BOX ELDER
80,30080,0.0,0.0,0.0,0.0,0.0,0.0,0.0,0.0,0.0,0.0,0.0,0.0,0.0,0.0,0.0,0.0,0.0,0.0,0.0,0.0,46674,0,0,0,3,BOX ELDER
81,30081,0.0,0.0,0.0,0.0,0.0,0.0,0.0,0.0,0.0,0.0,0.0,0.0,0.0,0.0,0.0,0.0,0.0,0.0,0.0,0.0,45683,0,0,0,3,BOX ELDER
82,30082,0.0,0.0,0.0,0.0,0.0,0.0,0.0,0.0,0.0,0.0,0.0,0.0,0.0,0.0,0.0,0.0,0.0,0.0,0.0,0.0,45683,0,0,0,3,BOX ELDER
83,30083,0.0,0.0,0.0,0.0,0.0,0.0,0.0,0.0,0.0,0.0,0.0,0.0,0.0,0.0,0.0,0.0,0.0,0.0,0.0,0.0,93342,0,0,0,3,BOX ELDER
84,30084,0.0,0.0,0.0,0.0,0.0,0.0,0.0,0.0,0.0,0.0,0.0,0.0,0.0,0.0,0.0,0.0,0.0,0.0,0.0,0.0,93342,0,0,0,3,BOX ELDER
85,30085,0.0,0.0,0.0,0.0,0.0,0.0,0.0,0.0,0.0,0.0,0.0,0.0,0.0,0.0,0.0,0.0,0.0,0.0,0.0,0.0,93342,0,0,0,3,BOX ELDER
86,30086,0.0,0.0,0.0,0.0,0.0,0.0,0.0,0.0,0.0,0.0,0.0,0.0,0.0,0.0,0.0,0.0,0.0,0.0,0.0,0.0,71342,0,0,0,3,BOX ELDER
87,30087,0.0,0.0,0.0,0.0,0.0,0.0,0.0,0.0,0.0,0.0,0.0,0.0,0.0,0.0,0.0,0.0,0.0,0.0,0.0,0.0,93342,0,0,0,3,BOX ELDER
88,30088,0.0,0.0,0.0,0.0,0.0,0.0,0.0,0.0,0.0,0.0,0.0,0.0,0.0,0.0,0.0,0.0,0.0,0.0,0.0,0.0,93342,0,0,0,3,BOX ELDER
89,30089,0.0,0.0,0.0,0.0,0.0,0.0,0.0,0.0,0.0,0.0,0.0,0.0,0.0,0.0,0.0,0.0,0.0,0.0,0.0,0.0,93342,0,0,0,3,BOX ELDER
90,30090,0.0,0.0,0.0,0.0,0.0,0.0,0.0,0.0,0.0,0.0,0.0,0.0,0.0,0.0,0.0,0.0,0.0,0.0,0.0,0.0,93342,0,0,0,3,BOX ELDER
91,30091,0.0,0.0,0.0,0.0,0.0,0.0,0.0,0.0,0.0,0.0,0.0,0.0,0.0,0.0,0.0,0.0,0.0,0.0,0.0,0.0,93342,0,0,0,3,BOX ELDER
92,30092,0.0,0.0,0.0,0.0,0.0,0.0,0.0,0.0,0.0,0.0,0.0,0.0,0.0,0.0,0.0,0.0,0.0,0.0,0.0,0.0,93342,0,0,0,3,BOX ELDER
93,30093,0.0,0.0,0.0,0.0,0.0,0.0,0.0,0.0,0.0,0.0,0.0,0.0,0.0,0.0,0.0,0.0,0.0,0.0,0.0,0.0,71901,0,0,0,3,BOX ELDER
94,30094,0.0,0.0,0.0,0.0,0.0,0.0,0.0,0.0,0.0,0.0,0.0,0.0,0.0,0.0,0.0,0.0,0.0,0.0,0.0,0.0,71901,0,0,0,3,BOX ELDER
95,30095,0.0,0.0,0.0,0.0,0.0,0.0,0.0,0.0,0.0,0.0,0.0,0.0,0.0,0.0,0.0,0.0,0.0,0.0,0.0,0.0,71901,0,0,0,3,BOX ELDER
96,30096,0.0,0.0,0.0,0.0,0.0,0.0,0.0,0.0,0.0,0.0,0.0,0.0,0.0,0.0,0.0,0.0,0.0,0.0,0.0,0.0,93342,0,0,0,3,BOX ELDER
97,30097,0.0,0.0,0.0,0.0,0.0,0.0,0.0,0.0,0.0,0.0,0.0,0.0,0.0,0.0,0.0,0.0,0.0,0.0,0.0,0.0,71342,0,0,0,3,BOX ELDER
98,30098,0.0,0.0,0.0,0.0,0.0,0.0,0.0,0.0,0.0,0.0,0.0,0.0,0.0,0.0,0.0,0.0,0.0,0.0,0.0,0.0,71342,0,0,0,3,BOX ELDER
99,30099,0.0,0.0,0.0,0.0,0.0,0.0,0.0,0.0,0.0,0.0,0.0,0.0,0.0,0.0,0.0,0.0,0.0,0.0,0.0,0.0,90006,0,0,0,3,BOX ELDER
100,30100,0.0,0.0,0.0,0.0,0.0,0.0,0.0,0.0,0.0,0.0,0.0,0.0,0.0,0.0,0.0,0.0,0.0,0.0,0.0,0.0,90006,0,0,0,3,BOX ELDER
101,30101,0.0,0.0,0.0,0.0,0.0,0.0,0.0,0.0,0.0,0.0,0.0,0.0,0.0,0.0,0.0,0.0,0.0,0.0,0.0,0.0,83414,0,0,0,3,BOX ELDER
102,30102,0.0,0.0,0.0,0.0,0.0,0.0,0.0,0.0,0.0,0.0,0.0,0.0,0.0,0.0,0.0,0.0,0.0,0.0,0.0,0.0,90006,0,0,0,3,BOX ELDER
103,30103,0.0,0.0,0.0,0.0,0.0,0.0,0.0,0.0,0.0,0.0,0.0,0.0,0.0,0.0,0.0,0.0,0.0,0.0,0.0,0.0,90006,0,0,0,3,BOX ELDER
104,30104,0.0,0.0,0.0,0.0,0.0,0.0,0.0,0.0,0.0,0.0,0.0,0.0,0.0,0.0,0.0,0.0,0.0,0.0,0.0,0.0,90006,0,0,0,3,BOX ELDER
105,30105,0.0,0.0,0.0,0.0,0.0,0.0,0.0,0.0,0.0,0.0,0.0,0.0,0.0,0.0,0.0,0.0,0.0,0.0,0.0,0.0,80348,0,0,0,3,BOX ELDER
106,30106,0.0,0.0,0.0,0.0,0.0,0.0,0.0,0.0,0.0,0.0,0.0,0.0,0.0,0.0,0.0,0.0,0.0,0.0,0.0,0.0,74493,0,0,0,3,BOX ELDER
107,30107,0.0,0.0,0.0,0.0,0.0,0.0,0.0,0.0,0.0,0.0,0.0,0.0,0.0,0.0,0.0,0.0,0.0,0.0,0.0,0.0,80348,0,0,0,3,BOX ELDER
108,30108,0.0,0.0,0.0,0.0,0.0,0.0,0.0,0.0,0.0,0.0,0.0,0.0,0.0,0.0,0.0,0.0,0.0,0.0,0.0,0.0,80348,0,0,0,3,BOX ELDER
109,30109,0.0,0.0,0.0,0.0,0.0,0.0,0.0,0.0,0.0,0.0,0.0,0.0,0.0,0.0,0.0,0.0,0.0,0.0,0.0,0.0,71342,0,0,0,3,BOX ELDER
110,30110,0.0,0.0,0.0,0.0,0.0,0.0,0.0,0.0,0.0,0.0,0.0,0.0,0.0,0.0,0.0,0.0,0.0,0.0,0.0,0.0,80348,0,0,0,3,BOX ELDER
111,30111,0.0,0.0,0.0,0.0,0.0,0.0,0.0,0.0,0.0,0.0,0.0,0.0,0.0,0.0,0.0,0.0,0.0,0.0,0.0,0.0,80348,0,0,0,3,BOX ELDER
112,30112,0.0,0.0,0.0,0.0,0.0,0.0,0.0,0.0,0.0,0.0,0.0,0.0,0.0,0.0,0.0,0.0,0.0,0.0,0.0,0.0,80348,0,0,0,3,BOX ELDER
113,30113,0.0,0.0,0.0,0.0,0.0,0.0,0.0,0.0,0.0,0.0,0.0,0.0,0.0,0.0,0.0,0.0,0.0,0.0,0.0,0.0,80348,0,0,0,3,BOX ELDER
114,30114,0.0,0.0,0.0,0.0,0.0,0.0,0.0,0.0,0.0,0.0,0.0,0.0,0.0,0.0,0.0,0.0,0.0,0.0,0.0,0.0,74493,0,0,0,3,BOX ELDER
115,30115,0.0,0.0,0.0,0.0,0.0,0.0,0.0,0.0,0.0,0.0,0.0,0.0,0.0,0.0,0.0,0.0,0.0,0.0,0.0,0.0,80348,0,0,0,3,BOX ELDER
116,30116,0.0,0.0,0.0,0.0,0.0,0.0,0.0,0.0,0.0,0.0,0.0,0.0,0.0,0.0,0.0,0.0,0.0,0.0,0.0,0.0,80348,0,0,0,3,BOX ELDER
117,30117,0.0,0.0,0.0,0.0,0.0,0.0,0.0,0.0,0.0,0.0,0.0,0.0,0.0,0.0,0.0,0.0,0.0,0.0,0.0,0.0,80348,0,0,0,3,BOX ELDER
118,30118,0.0,0.0,0.0,0.0,0.0,0.0,0.0,0.0,0.0,0.0,0.0,0.0,0.0,0.0,0.0,0.0,0.0,0.0,0.0,0.0,74493,0,0,0,3,BOX ELDER
119,30119,0.0,0.0,0.0,0.0,0.0,0.0,0.0,0.0,0.0,0.0,0.0,0.0,0.0,0.0,0.0,0.0,0.0,0.0,0.0,0.0,80348,0,0,0,3,BOX ELDER
120,30120,0.0,0.0,0.0,0.0,0.0,0.0,0.0,0.0,0.0,0.0,0.0,0.0,0.0,0.0,0.0,0.0,0.0,0.0,0.0,0.0,80348,0,0,0,3,BOX ELDER
121,30121,0.0,0.0,0.0,0.0,0.0,0.0,0.0,0.0,0.0,0.0,0.0,0.0,0.0,0.0,0.0,0.0,0.0,0.0,0.0,0.0,80348,0,0,0,3,BOX ELDER
122,30122,0.0,0.0,0.0,0.0,0.0,0.0,0.0,0.0,0.0,0.0,0.0,0.0,0.0,0.0,0.0,0.0,0.0,0.0,0.0,0.0,74493,0,0,0,3,BOX ELDER
123,30123,0.0,0.0,0.0,0.0,0.0,0.0,0.0,0.0,0.0,0.0,0.0,0.0,0.0,0.0,0.0,0.0,0.0,0.0,0.0,0.0,80348,0,0,0,3,BOX ELDER
124,30124,0.0,0.0,0.0,0.0,0.0,0.0,0.0,0.0,0.0,0.0,0.0,0.0,0.0,0.0,0.0,0.0,0.0,0.0,0.0,0.0,80348,0,0,0,3,BOX ELDER
125,30125,0.0,0.0,0.0,0.0,0.0,0.0,0.0,0.0,0.0,0.0,0.0,0.0,0.0,0.0,0.0,0.0,0.0,0.0,0.0,0.0,80348,0,0,0,3,BOX ELDER
126,30126,0.0,0.0,0.0,0.0,0.0,0.0,0.0,0.0,0.0,0.0,0.0,0.0,0.0,0.0,0.0,0.0,0.0,0.0,0.0,0.0,74493,0,0,0,3,BOX ELDER
127,30127,0.0,0.0,0.0,0.0,0.0,0.0,0.0,0.0,0.0,0.0,0.0,0.0,0.0,0.0,0.0,0.0,0.0,0.0,0.0,0.0,80348,0,0,0,3,BOX ELDER
128,30128,0.0,0.0,0.0,0.0,0.0,0.0,0.0,0.0,0.0,0.0,0.0,0.0,0.0,0.0,0.0,0.0,0.0,0.0,0.0,0.0,80348,0,0,0,3,BOX ELDER
129,30129,0.0,0.0,0.0,0.0,0.0,0.0,0.0,0.0,0.0,0.0,0.0,0.0,0.0,0.0,0.0,0.0,0.0,0.0,0.0,0.0,80348,0,0,0,3,BOX ELDER
130,30130,0.0,0.0,0.0,0.0,0.0,0.0,0.0,0.0,0.0,0.0,0.0,0.0,0.0,0.0,0.0,0.0,0.0,0.0,0.0,0.0,74493,0,0,0,3,BOX ELDER
131,30131,0.0,0.0,0.0,0.0,0.0,0.0,0.0,0.0,0.0,0.0,0.0,0.0,0.0,0.0,0.0,0.0,0.0,0.0,0.0,0.0,74493,0,0,0,3,BOX ELDER
132,30132,0.0,0.0,0.0,0.0,0.0,0.0,0.0,0.0,0.0,0.0,0.0,0.0,0.0,0.0,0.0,0.0,0.0,0.0,0.0,0.0,74493,0,0,0,3,BOX ELDER
133,30133,0.0,0.0,0.0,0.0,0.0,0.0,0.0,0.0,0.0,0.0,0.0,0.0,0.0,0.0,0.0,0.0,0.0,0.0,0.0,0.0,80348,0,0,0,3,BOX ELDER
134,30134,0.0,0.0,0.0,0.0,0.0,0.0,0.0,0.0,0.0,0.0,0.0,0.0,0.0,0.0,0.0,0.0,0.0,0.0,0.0,0.0,80348,0,0,0,3,BOX ELDER
135,30135,0.0,0.0,0.0,0.0,0.0,0.0,0.0,0.0,0.0,0.0,0.0,0.0,0.0,0.0,0.0,0.0,0.0,0.0,0.0,0.0,80348,0,0,0,3,BOX ELDER
136,30136,0.0,0.0,0.0,0.0,0.0,0.0,0.0,0.0,0.0,0.0,0.0,0.0,0.0,0.0,0.0,0.0,0.0,0.0,0.0,0.0,74493,0,0,0,3,BOX ELDER
137,30137,0.0,0.0,0.0,0.0,0.0,0.0,0.0,0.0,0.0,0.0,0.0,0.0,0.0,0.0,0.0,0.0,0.0,0.0,0.0,0.0,80348,0,0,0,3,BOX ELDER
138,30138,0.0,0.0,0.0,0.0,0.0,0.0,0.0,0.0,0.0,0.0,0.0,0.0,0.0,0.0,0.0,0.0,0.0,0.0,0.0,0.0,80348,0,0,0,3,BOX ELDER
139,30139,0.0,0.0,0.0,0.0,0.0,0.0,0.0,0.0,0.0,0.0,0.0,0.0,0.0,0.0,0.0,0.0,0.0,0.0,0.0,0.0,74493,0,0,0,3,BOX ELDER
140,30140,0.0,0.0,0.0,0.0,0.0,0.0,0.0,0.0,0.0,0.0,0.0,0.0,0.0,0.0,0.0,0.0,0.0,0.0,0.0,0.0,80348,0,0,0,3,BOX ELDER
141,30141,0.0,0.0,0.0,0.0,0.0,0.0,0.0,0.0,0.0,0.0,0.0,0.0,0.0,0.0,0.0,0.0,0.0,0.0,0.0,0.0,80348,0,0,0,3,BOX ELDER
142,30142,0.0,0.0,0.0,0.0,0.0,0.0,0.0,0.0,0.0,0.0,0.0,0.0,0.0,0.0,0.0,0.0,0.0,0.0,0.0,0.0,80348,0,0,0,3,BOX ELDER
143,30143,0.0,0.0,0.0,0.0,0.0,0.0,0.0,0.0,0.0,0.0,0.0,0.0,0.0,0.0,0.0,0.0,0.0,0.0,0.0,0.0,80348,0,0,0,3,BOX ELDER
144,30144,0.0,0.0,0.0,0.0,0.0,0.0,0.0,0.0,0.0,0.0,0.0,0.0,0.0,0.0,0.0,0.0,0.0,0.0,0.0,0.0,80348,0,0,0,3,BOX ELDER
145,30145,0.0,0.0,0.0,0.0,0.0,0.0,0.0,0.0,0.0,0.0,0.0,0.0,0.0,0.0,0.0,0.0,0.0,0.0,0.0,0.0,78516,0,0,0,3,BOX ELDER
146,30146,0.0,0.0,0.0,0.0,0.0,0.0,0.0,0.0,0.0,0.0,0.0,0.0,0.0,0.0,0.0,0.0,0.0,0.0,0.0,0.0,79483,0,0,0,3,BOX ELDER
147,30147,0.0,0.0,0.0,0.0,0.0,0.0,0.0,0.0,0.0,0.0,0.0,0.0,0.0,0.0,0.0,0.0,0.0,0.0,0.0,0.0,84675,0,0,0,3,BOX ELDER
148,30148,0.0,0.0,0.0,0.0,0.0,0.0,0.0,0.0,0.0,0.0,0.0,0.0,0.0,0.0,0.0,0.0,0.0,0.0,0.0,0.0,79483,0,0,0,3,BOX ELDER
149,30149,0.0,0.0,0.0,0.0,0.0,0.0,0.0,0.0,0.0,0.0,0.0,0.0,0.0,0.0,0.0,0.0,0.0,0.0,0.0,0.0,79483,0,0,0,3,BOX ELDER
150,30150,0.0,0.0,0.0,0.0,0.0,0.0,0.0,0.0,0.0,0.0,0.0,0.0,0.0,0.0,0.0,0.0,0.0,0.0,0.0,0.0,84445,0,0,0,3,BOX ELDER
151,30151,0.0,0.0,0.0,0.0,0.0,0.0,0.0,0.0,0.0,0.0,0.0,0.0,0.0,0.0,0.0,0.0,0.0,0.0,0.0,0.0,84675,0,0,0,3,BOX ELDER
152,30152,0.0,0.0,0.0,0.0,0.0,0.0,0.0,0.0,0.0,0.0,0.0,0.0,0.0,0.0,0.0,0.0,0.0,0.0,0.0,0.0,74493,0,0,0,3,BOX ELDER
153,30153,0.0,0.0,0.0,0.0,0.0,0.0,0.0,0.0,0.0,0.0,0.0,0.0,0.0,0.0,0.0,0.0,0.0,0.0,0.0,0.0,74493,0,0,0,3,BOX ELDER
582,110001,32.0,90.74830709491252,2.835884596716016,0.0,0.0,0.0,0.0,42.96686726690178,0.0,0.0,0.0,0.0,0.0,0.0,0.0,0.0,39.96402877697842,0.0,0.0,3.002838489923361,91175,0,0,0,11,DAVIS
583,110002,50.0,158.0088170593771,3.160176341187542,0.0,0.0,0.0,0.0,50.96336391006412,0.0,0.0,0.0,0.0,0.0,0.0,0.0,0.0,45.95863309352518,0.0,0.0,5.004730816538935,91175,0,0,0,11,DAVIS
584,110003,34.0,117.43898565223974,3.4540878133011685,0.0,0.0,0.0,0.0,115.97456508803224,0.0,0.0,0.0,0.0,0.0,0.0,0.0,0.0,15.985611510791369,0.0,96.9861150873175,3.002838489923361,93635,0,0,0,11,DAVIS
585,110004,63.0,181.49661418982504,2.880898637933731,0.0,0.0,0.0,0.0,418.93899737191555,0.0,0.0,0.0,0.0,0.0,0.0,0.0,0.0,9.991007194244604,0.0,402.9423131978242,6.005676979846722,93635,0,0,0,11,DAVIS
586,110005,21.0,60.85474711070604,2.897845100509812,0.0,0.0,0.0,0.0,19.985705276255864,0.0,0.0,0.0,0.0,0.0,0.0,0.0,0.0,17.98381294964029,0.0,0.0,2.001892326615574,91175,0,0,0,11,DAVIS
587,110006,130.0,459.07967118602807,3.53138208604637,3.0,0.0,0.0,3.0,27.00056259278697,0.0,0.0,0.0,0.0,2.0,0.0,1.0,0.0,11.989208633093526,0.0,0.0,12.011353959693444,93635,0,0,0,11,DAVIS
588,110007,152.0,529.5430625773719,3.4838359380090256,92.0,1.0,50.0,41.0,112.00785060285578,1.0,0.0,0.0,50.0,0.0,1.0,0.0,40.0,5.994604316546763,0.0,0.0,14.013246286309018,93635,0,0,0,11,DAVIS
589,110008,49.0,166.54983419772182,3.398976208116772,0.0,0.0,0.0,0.0,16.99393944963246,0.0,0.0,0.0,0.0,0.0,0.0,0.0,0.0,11.989208633093526,0.0,0.0,5.004730816538935,93635,0,0,0,11,DAVIS
590,110009,110.0,340.57305839149524,3.0961187126499565,0.0,0.0,0.0,0.0,20.00046882732247,0.0,0.0,0.0,0.0,0.0,0.0,0.0,0.0,9.991007194244604,0.0,0.0,10.00946163307787,93635,0,0,0,11,DAVIS
591,110010,174.0,619.2237425299913,3.5587571409769616,0.0,0.0,0.0,0.0,21.010642210046893,0.0,0.0,0.0,0.0,0.0,0.0,0.0,0.0,4.995503597122302,0.0,0.0,16.01513861292459,93635,0,0,0,11,DAVIS
592,110011,146.0,525.2725540081996,3.597757219234244,11.0,0.0,0.0,11.0,30.00874988343132,0.0,0.0,0.0,0.0,11.0,0.0,0.0,0.0,4.995503597122302,0.0,0.0,14.013246286309018,91175,0,0,0,11,DAVIS
593,110012,156.0,559.4366225615784,3.5861321959075534,125.0,0.0,25.0,100.0,224.99748843521598,0.0,0.0,1.0,24.0,2.0,84.0,0.0,14.0,5.994604316546763,0.0,78.98869166905239,15.014192449616804,90061,945,0,0,11,DAVIS
594,110013,286.0,990.757988047986,3.464188769398553,195.0,20.0,45.0,130.0,223.0246471287347,20.0,0.0,1.0,44.0,5.0,48.0,56.0,21.0,0.9991007194244604,0.0,0.0,27.025546409310248,89302,0,0,0,11,DAVIS
595,110014,520.0,1835.2510576018192,3.5293289569265758,325.0,3.0,42.0,280.0,413.039267134031,3.0,0.0,2.0,40.0,34.0,188.0,8.0,50.0,1.9982014388489209,0.0,36.99470369310049,49.04636200208156,89302,877,1342,0,11,DAVIS
596,110015,380.0,1209.6215522180694,3.1832146111001824,15.0,3.0,0.0,12.0,52.033162598504795,3.0,0.0,0.0,0.0,0.0,0.0,1.0,11.0,0.9991007194244604,0.0,0.0,36.03406187908033,60058,0,0,0,11,DAVIS
597,110016,174.0,607.4798439647674,3.491263471061881,0.0,0.0,0.0,0.0,27.005246526593655,0.0,0.0,0.0,0.0,0.0,0.0,0.0,0.0,10.990107913669064,0.0,0.0,16.01513861292459,91175,0,0,0,11,DAVIS
598,110017,86.0,369.3989912334087,4.295337107365217,1.0,0.0,0.0,1.0,36.98768241036795,0.0,0.0,0.0,0.0,1.0,0.0,0.0,0.0,20.98111510791367,0.0,6.998997995991984,8.007569306462296,91175,0,0,0,11,DAVIS
599,110018,92.0,314.9500069764611,3.4233696410484904,53.0,0.0,4.0,49.0,74.99682482228808,0.0,0.0,0.0,4.0,0.0,0.0,20.0,29.0,12.988309352517986,0.0,0.0,9.008515469770083,97179,0,0,0,11,DAVIS
600,110019,365.0,1096.453075135002,3.0039810277671286,440.0,317.0,3.0,120.0,1242.9133517788546,209.0,108.0,2.0,1.0,46.0,16.0,2.0,56.0,12.988309352517986,0.0,754.891926710564,35.033115715772546,97584,0,0,0,11,DAVIS
601,110020,376.0,1227.771213637052,3.265348972438968,0.0,0.0,0.0,0.0,37.033162598504795,0.0,0.0,0.0,0.0,0.0,0.0,0.0,0.0,0.9991007194244604,0.0,0.0,36.03406187908033,67768,0,0,0,11,DAVIS
602,110021,46.0,171.88796990918726,3.73669499802581,0.0,0.0,0.0,0.0,21.987597602871435,0.0,0.0,0.0,0.0,0.0,0.0,0.0,0.0,17.98381294964029,0.0,0.0,4.003784653231148,91175,0,0,0,11,DAVIS
603,110022,238.0,846.6283238384192,3.557261864867308,4.0,0.0,3.0,1.0,31.01816463377694,0.0,0.0,0.0,3.0,0.0,0.0,0.0,1.0,3.9964028776978417,0.0,0.0,23.0217617560791,93208,0,0,0,11,DAVIS
604,110023,357.0,1225.6359593524655,3.43315394776601,8.0,1.0,2.0,5.0,44.03037099131368,1.0,0.0,0.0,2.0,0.0,1.0,0.0,4.0,1.9982014388489209,0.0,0.0,34.03216955246476,83139,0,0,0,11,DAVIS
605,110024,18.0,42.70508569172354,2.372504760651308,148.0,1.0,1.0,146.0,155.99649664316235,1.0,0.0,1.0,0.0,3.0,4.0,0.0,139.0,5.994604316546763,0.0,0.0,2.001892326615574,72574,0,0,0,11,DAVIS
606,110025,313.0,1052.6803623009853,3.363196045690049,0.0,0.0,0.0,0.0,30.028384899233608,0.0,0.0,0.0,0.0,0.0,0.0,0.0,0.0,0.0,0.0,0.0,30.028384899233608,72495,0,0,0,11,DAVIS
607,110026,260.0,871.1837481111602,3.3507067235044623,18.0,0.0,4.0,14.0,70.01978921009233,0.0,0.0,0.0,4.0,6.0,0.0,0.0,8.0,0.0,0.0,26.996135127397654,25.023654082694677,60368,0,0,0,11,DAVIS
608,110027,195.0,676.8756082138182,3.4711569651990675,0.0,0.0,0.0,0.0,25.010735975511388,0.0,0.0,0.0,0.0,0.0,0.0,0.0,0.0,6.993705035971223,0.0,0.0,18.017030939540167,93635,0,0,0,11,DAVIS
609,110028,867.0,2997.8970155589927,3.457782024866197,626.0,245.0,31.0,350.0,708.0775853912385,139.0,106.0,13.0,18.0,10.0,65.0,3.0,272.0,0.0,0.0,0.0,82.07758539123853,83139,734,0,0,11,DAVIS
610,110029,183.0,614.953233960819,3.360400185578246,1160.0,743.0,1.0,416.0,1177.0160847762324,605.0,138.0,1.0,0.0,5.0,244.0,93.0,74.0,0.0,0.0,0.0,17.01608477623238,72574,531,0,0,11,DAVIS
611,110030,357.0,1158.375449388001,3.244749157949583,188.0,58.0,7.0,123.0,222.03216955246475,58.0,0.0,0.0,7.0,4.0,58.0,3.0,58.0,0.0,0.0,0.0,34.03216955246476,72574,541,0,0,11,DAVIS
612,110031,448.0,1537.3830849020476,3.4316586716563564,56.0,1.0,6.0,49.0,98.03973885892705,1.0,0.0,0.0,6.0,0.0,9.0,1.0,39.0,0.0,0.0,0.0,42.03973885892705,74962,0,0,0,11,DAVIS
613,110032,142.0,512.4610283006825,3.608880480990722,0.0,0.0,0.0,0.0,14.01140084242569,0.0,0.0,0.0,0.0,0.0,0.0,0.0,0.0,0.9991007194244604,0.0,0.0,13.01230012300123,93635,0,0,0,11,DAVIS
614,110033,836.0,3006.4380326973373,3.59621774246093,235.0,98.0,0.0,137.0,314.07474690131517,49.0,49.0,0.0,0.0,1.0,1.0,116.0,19.0,0.0,0.0,0.0,79.07474690131517,81139,0,0,0,11,DAVIS
615,110034,164.0,562.6395039884577,3.4307286828564494,1144.0,622.0,3.0,519.0,1161.014239332349,514.0,108.0,3.0,0.0,8.0,44.0,46.0,421.0,0.9991007194244604,0.0,0.0,16.01513861292459,96912,0,0,0,11,DAVIS
616,110035,377.0,1320.6547750165505,3.503063063704378,97.0,2.0,17.0,78.0,133.03406187908033,2.0,0.0,2.0,15.0,4.0,50.0,3.0,21.0,0.0,0.0,0.0,36.03406187908033,96912,480,0,0,11,DAVIS
617,110036,461.0,1573.6824077400124,3.413627782516296,20.0,1.0,6.0,13.0,64.04163118554263,1.0,0.0,0.0,6.0,5.0,0.0,0.0,8.0,0.0,0.0,0.0,44.04163118554263,91112,0,0,0,11,DAVIS
618,110037,243.0,886.1305281032635,3.646627687667751,114.0,24.0,55.0,35.0,144.01546679205032,24.0,0.0,23.0,32.0,4.0,2.0,0.0,29.0,6.993705035971223,0.0,0.0,23.0217617560791,81139,0,0,0,11,DAVIS
619,110038,1.0,3.202881426879266,3.202881426879266,28.0,12.0,1.0,15.0,36.99190647482014,0.0,12.0,0.0,1.0,13.0,1.0,0.0,1.0,8.991906474820144,0.0,0.0,0.0,96912,0,0,0,11,DAVIS
620,110039,351.0,1209.6215522180694,3.446215248484528,9.0,0.0,0.0,9.0,43.03032410858143,0.0,0.0,0.0,0.0,2.0,0.0,0.0,7.0,0.9991007194244604,0.0,0.0,33.03122338915697,94690,0,0,0,11,DAVIS
621,110040,539.0,1827.777667605768,3.39105318665263,4.0,3.0,0.0,1.0,55.04825432869713,3.0,0.0,0.0,0.0,0.0,0.0,0.0,1.0,0.0,0.0,0.0,51.04825432869713,65721,0,0,0,11,DAVIS
622,110041,502.0,1574.7500348823055,3.136952260721724,2624.0,616.0,8.0,2000.0,2706.0405489621635,616.0,0.0,3.0,5.0,342.0,109.0,66.0,1483.0,0.0,0.0,33.995133123389635,48.04541583877378,66155,299,0,0,11,DAVIS
623,110042,0.0,0.0,0.0,0.0,0.0,0.0,0.0,0.0,0.0,0.0,0.0,0.0,0.0,0.0,0.0,0.0,0.0,0.0,0.0,0.0,49014,0,0,0,11,DAVIS
624,110043,465.0,1462.6491849415313,3.1454821181538306,274.0,52.0,29.0,193.0,345.03776631294033,26.0,26.0,2.0,27.0,8.0,57.0,10.0,118.0,0.0,0.0,26.996135127397654,44.04163118554263,58909,333,0,0,11,DAVIS
625,110044,447.0,1416.7412178229283,3.1694434403197507,315.0,16.0,140.0,159.0,392.03472883888696,16.0,0.0,2.0,138.0,6.0,111.0,1.0,41.0,0.0,0.0,34.99498997995992,42.03973885892705,55845,0,964,0,11,DAVIS
626,110045,0.0,0.0,0.0,0.0,0.0,0.0,0.0,0.0,0.0,0.0,0.0,0.0,0.0,0.0,0.0,0.0,0.0,0.0,0.0,0.0,49014,0,0,0,11,DAVIS
627,110046,353.0,1107.1293465579329,3.136343757954484,283.0,22.0,34.0,227.0,316.031223389157,21.0,1.0,17.0,17.0,98.0,48.0,18.0,63.0,0.0,0.0,0.0,33.03122338915697,60255,305,0,0,11,DAVIS
628,110047,0.0,0.0,0.0,0.0,0.0,0.0,0.0,0.0,0.0,0.0,0.0,0.0,0.0,0.0,0.0,0.0,0.0,0.0,0.0,0.0,49014,0,0,0,11,DAVIS
629,110048,0.0,0.0,0.0,0.0,0.0,0.0,0.0,0.0,0.0,0.0,0.0,0.0,0.0,0.0,0.0,0.0,0.0,0.0,0.0,0.0,49014,0,0,0,11,DAVIS
630,110049,0.0,0.0,0.0,0.0,0.0,0.0,0.0,0.0,0.0,0.0,0.0,0.0,0.0,0.0,0.0,0.0,0.0,0.0,0.0,0.0,49014,0,0,0,11,DAVIS
631,110050,0.0,0.0,0.0,6693.0,0.0,0.0,6693.0,6693.0,0.0,0.0,0.0,0.0,161.0,6532.0,0.0,0.0,0.0,0.0,0.0,0.0,49014,0,0,0,11,DAVIS
632,110051,0.0,0.0,0.0,0.0,0.0,0.0,0.0,0.0,0.0,0.0,0.0,0.0,0.0,0.0,0.0,0.0,0.0,0.0,0.0,0.0,49014,0,0,0,11,DAVIS
633,110052,0.0,0.0,0.0,0.0,0.0,0.0,0.0,0.0,0.0,0.0,0.0,0.0,0.0,0.0,0.0,0.0,0.0,0.0,0.0,0.0,49014,0,0,0,11,DAVIS
634,110053,0.0,0.0,0.0,17775.0,274.0,0.0,17501.0,17775.0,228.0,46.0,0.0,0.0,957.0,15814.0,509.0,221.0,0.0,0.0,0.0,0.0,49014,0,0,0,11,DAVIS
635,110054,161.0,492.1761125971138,3.056994488180831,199.0,0.0,2.0,197.0,302.99464745005963,0.0,0.0,1.0,1.0,3.0,14.0,0.0,180.0,8.991906474820144,0.0,79.98854852562268,15.014192449616804,94630,0,0,0,11,DAVIS
636,110055,396.0,1288.6259607477575,3.2541059614842367,301.0,1.0,91.0,209.0,358.01886787476064,1.0,0.0,6.0,85.0,6.0,90.0,23.0,90.0,18.982913669064747,0.0,0.0,38.0359542056959,94630,817,0,0,11,DAVIS
637,110056,546.0,1790.4107176255095,3.279140508471629,79.0,0.0,10.0,69.0,135.04560336970277,0.0,0.0,0.0,10.0,2.0,57.0,4.0,6.0,3.9964028776978417,0.0,0.0,52.04920049200492,94669,0,0,0,11,DAVIS
638,110057,634.0,2180.094624562487,3.4386350545149638,174.0,2.0,30.0,142.0,236.05497123731612,2.0,0.0,1.0,29.0,11.0,59.0,4.0,68.0,1.9982014388489209,0.0,0.0,60.056769798467215,105552,370,251,0,11,DAVIS
639,110058,4.0,9.608644280637796,2.4021610701594494,49.0,37.0,0.0,12.0,87.544,0.0,37.0,0.0,0.0,0.0,0.0,6.0,6.0,0.0,38.544,0.0,0.0,105552,0,0,0,11,DAVIS
640,110059,0.0,0.0,0.0,0.0,0.0,0.0,0.0,0.0,0.0,0.0,0.0,0.0,0.0,0.0,0.0,0.0,0.0,0.0,0.0,0.0,105552,0,0,0,11,DAVIS
641,110060,52.0,152.67068134791165,2.935974641305993,148.0,0.0,34.0,114.0,155.00293225538786,0.0,0.0,0.0,34.0,5.0,6.0,5.0,98.0,1.9982014388489209,0.0,0.0,5.004730816538935,107637,0,0,0,11,DAVIS
642,110061,409.0,1417.8088449652216,3.4665252933135005,8.0,0.0,0.0,8.0,47.03690036900369,0.0,0.0,0.0,0.0,6.0,0.0,0.0,2.0,0.0,0.0,0.0,39.03690036900369,107062,0,0,0,11,DAVIS
643,110062,588.0,1903.5791947085768,3.237379582837716,491.0,199.0,7.0,285.0,578.048547698915,181.0,18.0,0.0,7.0,8.0,64.0,27.0,186.0,0.0,0.0,30.995562553678788,56.05298514523607,60506,462,0,0,11,DAVIS
644,110063,420.0,1467.9873206529967,3.495207906316659,0.0,0.0,0.0,0.0,40.03784653231148,0.0,0.0,0.0,0.0,0.0,0.0,0.0,0.0,0.0,0.0,0.0,40.03784653231148,72140,0,0,0,11,DAVIS
645,110064,618.0,2075.467164617764,3.3583611077957345,200.0,127.0,8.0,65.0,265.05496477458115,31.0,96.0,8.0,0.0,20.0,0.0,0.0,45.0,0.0,0.0,5.999141139421701,59.05582363515943,46352,0,0,0,11,DAVIS
646,110065,903.0,2688.285144293997,2.9770599604584684,1065.0,61.0,38.0,966.0,1220.0714931478192,30.0,31.0,1.0,37.0,56.0,265.0,285.0,360.0,0.0,0.0,68.99012310334956,86.08137004446968,51332,462,0,0,11,DAVIS
647,110066,0.0,0.0,0.0,226.0,33.0,0.0,193.0,226.0,0.0,33.0,0.0,0.0,164.0,0.0,0.0,29.0,0.0,0.0,0.0,0.0,49014,0,0,0,11,DAVIS
648,110067,508.0,1732.758851941683,3.4109426219324464,0.0,0.0,0.0,0.0,49.04451655819824,0.0,0.0,0.0,0.0,0.0,0.0,0.0,0.0,0.9991007194244604,0.0,0.0,48.04541583877378,70231,0,0,0,11,DAVIS
649,110068,251.0,843.42544241154,3.360260726739203,22.0,20.0,0.0,2.0,50.019110797084736,20.0,0.0,0.0,0.0,1.0,0.0,0.0,1.0,3.9964028776978417,0.0,0.0,24.02270791938689,88595,0,0,0,11,DAVIS
650,110069,397.0,1394.3210478347737,3.5121436973168105,2.0,0.0,1.0,1.0,67.03208933309355,0.0,0.0,0.0,1.0,0.0,0.0,0.0,1.0,0.0,0.0,26.996135127397654,38.0359542056959,88595,0,0,0,11,DAVIS
651,110070,0.0,0.0,0.0,202.0,0.0,103.0,99.0,205.99640287769785,0.0,0.0,48.0,55.0,1.0,3.0,0.0,95.0,3.9964028776978417,0.0,0.0,0.0,88595,0,0,0,11,DAVIS
652,110071,34.0,117.43898565223974,3.4540878133011685,562.0,3.0,266.0,293.0,565.0028384899233,3.0,0.0,171.0,95.0,15.0,13.0,240.0,25.0,0.0,0.0,0.0,3.002838489923361,82312,0,0,0,11,DAVIS
653,110072,266.0,680.0784896406974,2.5566860512808174,666.0,132.0,4.0,530.0,691.0236540826946,130.0,2.0,3.0,1.0,114.0,113.0,52.0,251.0,0.0,0.0,0.0,25.023654082694677,35289,0,0,0,11,DAVIS
654,110073,562.0,1773.32868334882,3.1553891162790397,638.0,135.0,35.0,468.0,721.0458523524212,90.0,45.0,2.0,33.0,122.0,8.0,136.0,202.0,0.0,0.0,29.995705697108505,53.05014665531271,57882,0,0,0,11,DAVIS
655,110074,1092.0,3214.6253254444896,2.943796085571877,106.0,0.0,0.0,106.0,210.09840098400986,0.0,0.0,0.0,0.0,0.0,59.0,2.0,45.0,0.0,0.0,0.0,104.09840098400984,52244,528,0,0,11,DAVIS
656,110075,348.0,1371.9008778466189,3.9422439018581,1.0,1.0,0.0,0.0,37.02852554743035,1.0,0.0,0.0,0.0,0.0,0.0,0.0,0.0,2.997302158273381,0.0,0.0,33.03122338915697,87014,0,0,0,11,DAVIS
657,110076,1.0,5.338135711465442,5.338135711465442,2347.0,15.0,2208.0,124.0,2347.0,15.0,0.0,2148.0,60.0,37.0,85.0,0.0,2.0,0.0,0.0,0.0,0.0,53084,0,0,0,11,DAVIS
658,110077,528.0,1490.4074906411515,2.822741459547636,78.0,18.0,2.0,58.0,301.0225443520484,7.0,11.0,1.0,1.0,18.0,0.0,1.0,39.0,0.0,0.0,172.97523618665903,50.04730816538935,35195,0,0,0,11,DAVIS
659,110078,218.0,616.0208611031121,2.8257837665280374,1265.0,46.0,171.0,1048.0,1303.0174359911584,8.0,38.0,165.0,6.0,91.0,180.0,10.0,767.0,0.0,0.0,16.997566561694818,21.01986942946353,53595,550,988,0,11,DAVIS
660,110079,899.0,2419.2431044361388,2.6910379359690086,605.0,11.0,1.0,593.0,772.0686861199251,11.0,0.0,1.0,0.0,11.0,256.0,301.0,25.0,0.0,0.0,81.98826223876324,85.08042388116189,53532,0,0,2016,11,DAVIS
661,110080,993.0,2264.437168803641,2.280399968583727,1331.0,72.0,0.0,1259.0,1866.025056961281,16.0,56.0,0.0,0.0,741.0,32.0,225.0,261.0,0.9991007194244604,0.0,439.9370168909247,94.08893935093198,60401,0,0,0,11,DAVIS
662,110081,566.0,1304.640367882154,2.3050183178129933,1450.0,48.0,5.0,1397.0,1504.0510928186204,48.0,0.0,2.0,3.0,383.0,13.0,10.0,991.0,0.0,0.0,0.0,54.051092818620496,59130,0,0,0,11,DAVIS
663,110082,133.0,521.0020454390273,3.917308612323513,7102.0,275.0,5502.0,1325.0,7123.009642701272,176.0,99.0,5220.0,282.0,6.0,235.0,406.0,678.0,1.9982014388489209,0.0,5.999141139421701,13.01230012300123,53084,0,0,0,11,DAVIS
664,110083,757.0,2037.032587495213,2.690928120865539,385.0,73.0,0.0,312.0,458.0672244775851,8.0,65.0,0.0,0.0,14.0,21.0,147.0,130.0,0.9991007194244604,0.0,0.0,72.06812375816067,40944,0,0,0,11,DAVIS
665,110084,719.0,2660.5268385943764,3.700315491786337,359.0,10.0,41.0,308.0,430.0616412632029,10.0,0.0,8.0,33.0,9.0,76.0,31.0,192.0,2.997302158273381,0.0,0.0,68.06433910492952,60917,711,0,0,11,DAVIS
666,110085,1105.0,4559.835524733781,4.126547986184417,296.0,77.0,1.0,218.0,402.0984478667421,48.0,29.0,1.0,0.0,8.0,85.0,91.0,34.0,0.9991007194244604,0.0,0.0,105.09934714731764,87488,0,0,0,11,DAVIS
667,110086,362.0,1195.7423993682592,3.303155799359832,0.0,0.0,0.0,0.0,41.02587458843598,0.0,0.0,0.0,0.0,0.0,0.0,0.0,0.0,6.993705035971223,0.0,0.0,34.03216955246476,94203,0,0,0,11,DAVIS
668,110087,194.0,601.0740811110088,3.0983200057268494,1.0,1.0,0.0,0.0,1014.8646303006467,0.0,1.0,0.0,0.0,0.0,0.0,0.0,0.0,12.988309352517986,0.0,982.8592900085886,18.017030939540167,97584,0,0,0,11,DAVIS
669,110088,393.0,1170.119347953225,2.977402921000573,676.0,15.0,230.0,431.0,718.0305116395103,1.0,14.0,85.0,145.0,17.0,189.0,0.0,225.0,4.995503597122302,0.0,0.0,37.03500804238812,67768,748,0,2240,11,DAVIS
670,110089,932.0,3215.6929525867827,3.4503143268098526,14.0,0.0,7.0,7.0,104.08146380993418,0.0,0.0,0.0,7.0,5.0,0.0,0.0,2.0,1.9982014388489209,0.0,0.0,88.08326237108525,91175,0,0,0,11,DAVIS
671,110090,322.0,1135.9552793998462,3.5278114267075966,198.0,35.0,100.0,63.0,238.02123753736154,5.0,30.0,0.0,100.0,7.0,2.0,48.0,6.0,8.991906474820144,0.0,0.0,31.029331062541395,97584,0,0,0,11,DAVIS
672,110091,371.0,1520.301050625358,4.097846497642474,44.0,4.0,4.0,36.0,93.03035557061068,4.0,0.0,0.0,4.0,21.0,0.0,12.0,3.0,0.9991007194244604,0.0,12.998139135413684,35.033115715772546,87014,0,0,0,11,DAVIS
673,110092,237.0,880.792392391798,3.716423596589865,9.0,0.0,0.0,9.0,37.015419909318084,0.0,0.0,0.0,0.0,0.0,0.0,0.0,9.0,5.994604316546763,0.0,0.0,22.020815592771317,91175,0,0,0,11,DAVIS
674,110093,376.0,1351.6159621430502,3.594723303571942,1322.0,673.0,20.0,629.0,1387.0291545824728,542.0,131.0,16.0,4.0,100.0,168.0,63.0,298.0,0.9991007194244604,0.0,27.995991983967937,36.03406187908033,97584,0,1318,0,11,DAVIS
675,110094,787.0,3000.032269843579,3.811985095099846,467.0,21.0,29.0,417.0,612.060186070858,21.0,0.0,0.0,29.0,46.0,155.0,81.0,135.0,0.9991007194244604,0.0,68.99012310334956,75.07096224808402,80015,1800,0,0,11,DAVIS
676,110095,4.0,16.01440713439633,4.003601783599082,70.0,0.0,60.0,10.0,84.98651079136691,0.0,0.0,1.0,59.0,0.0,0.0,0.0,10.0,14.986510791366907,0.0,0.0,0.0,77899,0,0,0,11,DAVIS
677,110096,365.0,1349.4807078584638,3.697207418790312,231.0,0.0,2.0,229.0,295.0070365790819,0.0,0.0,0.0,2.0,3.0,217.0,5.0,4.0,28.973920863309356,0.0,0.0,35.033115715772546,77899,929,0,0,11,DAVIS
678,110097,382.0,1381.5095221272566,3.6165170736315617,263.0,2.0,10.0,251.0,308.0259683539005,0.0,2.0,1.0,9.0,3.0,56.0,171.0,21.0,8.991906474820144,0.0,0.0,36.03406187908033,77899,0,0,0,11,DAVIS
679,110098,663.0,2467.286325839328,3.721397173211656,258.0,22.0,3.0,233.0,341.0552331455046,10.0,12.0,1.0,2.0,29.0,0.0,101.0,103.0,1.9982014388489209,0.0,17.9974234182651,63.05960828839058,97356,0,0,0,11,DAVIS
680,110099,804.0,2705.3671785706865,3.3648845504610527,540.0,96.0,12.0,432.0,640.066960694787,50.0,46.0,4.0,8.0,82.0,144.0,39.0,167.0,1.9982014388489209,0.0,21.996850844546238,76.0719084113918,96228,0,0,0,11,DAVIS
681,110100,717.0,2565.508022930292,3.578114397392317,551.0,238.0,67.0,246.0,622.399439824354,108.0,130.0,5.0,62.0,14.0,99.0,2.0,131.0,0.9991007194244604,2.336,0.0,68.06433910492952,122221,922,0,0,11,DAVIS
682,110101,643.0,2358.3883573254325,3.6677890471624144,30.0,0.0,11.0,19.0,93.05591740062393,0.0,0.0,2.0,9.0,3.0,0.0,3.0,13.0,1.9982014388489209,0.0,0.0,61.057715961775,98876,0,0,0,11,DAVIS
683,110102,26.0,92.8835613794987,3.572444668442258,0.0,0.0,0.0,0.0,27.978511031651546,0.0,0.0,0.0,0.0,0.0,0.0,0.0,0.0,25.97661870503597,0.0,0.0,2.001892326615574,77899,0,0,0,11,DAVIS
684,110103,71.0,266.90678557327215,3.759250501032002,4.0,0.0,0.0,4.0,41.98176999389607,0.0,0.0,0.0,0.0,0.0,4.0,0.0,0.0,26.975719424460436,0.0,3.999427426281134,7.006623143154509,77899,0,0,0,11,DAVIS
685,110104,520.0,1523.5039320522374,2.9298152539466105,432.0,373.0,2.0,57.0,487.0409663186283,373.0,0.0,1.0,1.0,5.0,30.0,2.0,20.0,5.994604316546763,0.0,0.0,49.04636200208156,84343,0,0,0,11,DAVIS
686,110105,403.0,1462.6491849415313,3.629402444023651,25.0,1.0,2.0,22.0,63.0359542056959,1.0,0.0,0.0,2.0,7.0,0.0,9.0,6.0,0.0,0.0,0.0,38.0359542056959,100411,0,0,0,11,DAVIS
687,110106,595.0,2176.891743135608,3.658641585101861,14.0,5.0,1.0,8.0,72.05118658408499,5.0,0.0,0.0,1.0,2.0,1.0,0.0,5.0,1.9982014388489209,0.0,0.0,56.05298514523607,122221,0,0,0,11,DAVIS
688,110107,389.0,1409.2678278268768,3.622796472562665,0.0,0.0,0.0,0.0,37.03500804238812,0.0,0.0,0.0,0.0,0.0,0.0,0.0,0.0,0.0,0.0,0.0,37.03500804238812,77899,0,0,0,11,DAVIS
689,110108,0.0,0.0,0.0,0.0,0.0,0.0,0.0,46.95773381294964,0.0,0.0,0.0,0.0,0.0,0.0,0.0,0.0,46.95773381294964,0.0,0.0,0.0,77899,0,0,0,11,DAVIS
690,110109,574.0,1811.7632604713715,3.1563819868839222,565.0,56.0,14.0,495.0,718.0255795618912,55.0,1.0,1.0,13.0,116.0,81.0,95.0,203.0,14.986510791366907,0.0,83.9879759519038,54.051092818620496,72651,787,0,0,11,DAVIS
691,110110,522.0,1646.2810534159426,3.15379512148648,919.0,48.0,465.0,406.0,1398.9725689895406,48.0,0.0,333.0,132.0,109.0,5.0,192.0,100.0,15.985611510791369,0.0,414.9405954766676,49.04636200208156,72651,0,0,0,11,DAVIS
692,110111,548.0,1980.4483489536792,3.613956841156349,309.0,43.0,27.0,239.0,361.0492004920049,43.0,0.0,1.0,26.0,187.0,4.0,5.0,43.0,0.0,0.0,0.0,52.04920049200492,110982,0,0,0,11,DAVIS
693,110112,1348.0,3217.828206871369,2.387112913109324,1398.0,8.0,44.0,1346.0,1527.1202096228212,1.0,7.0,34.0,10.0,115.0,203.0,125.0,903.0,0.9991007194244604,0.0,0.0,128.12110890339673,59691,0,0,0,11,DAVIS
694,110113,1489.0,3636.33804665026,2.4421343496643786,586.0,353.0,129.0,104.0,764.1266004452068,321.0,32.0,1.0,128.0,6.0,50.0,2.0,46.0,1.9982014388489209,0.0,34.99498997995992,141.13340902639797,43124,516,0,0,11,DAVIS
695,110114,45.0,150.53542706332547,3.345231712518344,154.0,4.0,80.0,70.0,172.99029544459805,4.0,0.0,66.0,14.0,1.0,20.0,0.0,49.0,14.986510791366907,0.0,0.0,4.003784653231148,100295,0,0,0,11,DAVIS
696,110115,347.0,1110.332227984812,3.199804691598882,593.0,251.0,16.0,326.0,640.0269509697034,122.0,129.0,13.0,3.0,81.0,18.0,8.0,219.0,2.997302158273381,0.0,10.998425422273119,33.03122338915697,100295,0,0,0,11,DAVIS
697,110116,605.0,1982.5836032382651,3.276997691302918,232.0,14.0,0.0,218.0,292.0512334668172,13.0,1.0,0.0,0.0,36.0,5.0,170.0,7.0,2.997302158273381,0.0,0.0,57.05393130854386,103987,0,0,0,11,DAVIS
698,110117,797.0,2753.4103999738754,3.4547181931918134,164.0,0.0,14.0,150.0,245.07119269424322,0.0,0.0,0.0,14.0,16.0,63.0,5.0,66.0,0.0,0.0,4.999284282851417,76.0719084113918,92507,576,0,0,11,DAVIS
699,110118,209.0,687.551879636749,3.2897219121375554,9.0,3.0,0.0,6.0,32.01622542442912,0.0,3.0,0.0,0.0,1.0,0.0,0.0,5.0,2.997302158273381,0.0,0.0,20.01892326615574,92898,0,0,0,11,DAVIS
700,110119,600.0,1427.417489245859,2.379029148743099,1020.0,544.0,15.0,461.0,1077.053931308544,133.0,411.0,14.0,1.0,148.0,62.0,7.0,244.0,0.0,0.0,0.0,57.05393130854386,60401,0,1107,0,11,DAVIS
701,110120,772.0,2380.8085273135875,3.0839488695771857,1484.0,62.0,82.0,1340.0,1559.0672713603174,58.0,4.0,20.0,62.0,111.0,250.0,169.0,810.0,1.9982014388489209,0.0,0.0,73.06906992146845,61800,0,0,1868,11,DAVIS
702,110121,930.0,2701.0966700015138,2.904405021507004,744.0,87.0,59.0,598.0,833.0823630905097,83.0,4.0,4.0,55.0,13.0,69.0,5.0,511.0,0.9991007194244604,0.0,0.0,88.08326237108525,61138,366,0,0,11,DAVIS
703,110122,1092.0,3107.862611215181,2.846028032248334,2837.0,368.0,10.0,2459.0,3946.954398693715,279.0,89.0,4.0,6.0,32.0,67.0,2145.0,215.0,0.0,0.0,1005.8559977097051,104.09840098400984,42449,0,0,0,11,DAVIS
704,110123,572.0,1684.7156305384938,2.945307046395968,2626.0,1446.0,0.0,1180.0,3091.9921177255774,413.0,1033.0,0.0,0.0,285.0,117.0,209.0,569.0,0.0,0.0,411.9410249069568,54.051092818620496,51122,0,0,0,11,DAVIS
705,110124,1646.0,5147.03045299498,3.1269929848086147,1330.0,393.0,106.0,831.0,1488.1458029148635,289.0,104.0,14.0,92.0,227.0,9.0,142.0,453.0,1.9982014388489209,0.0,0.0,156.14760147601476,71934,0,0,0,11,DAVIS
706,110125,99.0,276.51542985390995,2.793085150039494,60.0,6.0,18.0,36.0,74.0040190668924,6.0,0.0,0.0,18.0,1.0,0.0,0.0,35.0,4.995503597122302,0.0,0.0,9.008515469770083,76224,0,0,0,11,DAVIS
707,110126,890.0,2890.0666741873906,3.247265926053248,8.0,0.0,0.0,8.0,96.07588059555195,0.0,0.0,0.0,0.0,3.0,1.0,1.0,3.0,3.9964028776978417,0.0,0.0,84.0794777178541,98407,0,0,0,11,DAVIS
708,110127,1087.0,4448.8023019353,4.092734408404139,17.0,0.0,0.0,17.0,120.09745482070204,0.0,0.0,0.0,0.0,7.0,0.0,5.0,5.0,0.0,0.0,0.0,103.09745482070204,87834,0,0,0,11,DAVIS
709,110128,127.0,539.1517068580097,4.245289030378029,360.0,55.0,104.0,201.0,376.0077568373913,55.0,0.0,59.0,45.0,29.0,8.0,152.0,12.0,3.9964028776978417,0.0,0.0,12.011353959693444,65047,0,0,0,11,DAVIS
710,110129,669.0,1882.226651862715,2.81349275315802,939.0,504.0,7.0,428.0,1523.9848874180786,293.0,211.0,0.0,7.0,192.0,41.0,49.0,146.0,0.0,0.0,521.925279129688,63.05960828839058,50717,0,0,0,11,DAVIS
711,110130,89.0,275.4478027116168,3.0949191315912,1155.0,896.0,0.0,259.0,1163.0075693064623,528.0,368.0,0.0,0.0,104.0,6.0,33.0,116.0,0.0,0.0,0.0,8.007569306462296,51122,0,0,0,11,DAVIS
712,110131,72.0,256.23051415034126,3.558757140976962,435.0,55.0,1.0,379.0,445.0039253014279,39.0,16.0,1.0,0.0,45.0,64.0,268.0,2.0,2.997302158273381,0.0,0.0,7.006623143154509,76224,523,0,0,11,DAVIS
713,110132,681.0,2213.1910659735727,3.249913459579402,52.0,0.0,17.0,35.0,119.05970205385508,0.0,0.0,0.0,17.0,2.0,0.0,20.0,13.0,1.9982014388489209,0.0,0.0,65.06150061500615,77278,0,0,0,11,DAVIS
714,110133,614.0,1950.5547889694728,3.176799330569174,152.0,1.0,13.0,138.0,214.0512803495495,1.0,0.0,0.0,13.0,11.0,63.0,3.0,61.0,3.9964028776978417,0.0,0.0,58.05487747185165,92042,641,0,0,11,DAVIS
715,110134,311.0,966.2025637752452,3.1067606552258686,10.0,0.0,1.0,9.0,80.02156985530745,0.0,0.0,0.0,1.0,4.0,0.0,0.0,5.0,0.0,0.0,40.99413111938162,29.027438735925823,92898,0,0,0,11,DAVIS
716,110135,171.0,609.6150982493535,3.565000574557623,95.0,19.0,0.0,76.0,125.01086619347109,13.0,6.0,0.0,0.0,1.0,0.0,73.0,2.0,2.997302158273381,0.0,10.998425422273119,16.01513861292459,122221,0,0,0,11,DAVIS
717,110136,293.0,1189.3366365145007,4.05916940789932,35.0,0.0,0.0,35.0,76.01707033657348,0.0,0.0,0.0,0.0,0.0,0.0,34.0,1.0,9.991007194244604,0.0,2.9995705697108503,28.02649257261804,86386,0,0,0,11,DAVIS
718,110137,27.0,127.04762993287754,4.705467775291761,276.0,1.0,32.0,243.0,282.00014064819675,1.0,0.0,20.0,12.0,42.0,77.0,0.0,124.0,2.997302158273381,0.0,0.0,3.002838489923361,104511,936,0,0,11,DAVIS
719,110138,0.0,0.0,0.0,720.0,10.0,455.0,255.0,728.176,10.0,0.0,104.0,351.0,126.0,0.0,0.0,129.0,0.0,8.176,0.0,0.0,75567,0,0,0,11,DAVIS
720,110139,501.0,1478.6635920759277,2.9514243354808936,2303.0,1772.0,31.0,500.0,2556.014225991799,1397.0,375.0,15.0,16.0,68.0,41.0,49.0,342.0,0.9991007194244604,0.0,204.9706555969081,47.04446967546599,45532,0,0,0,11,DAVIS
721,110140,507.0,1511.7600334870133,2.98177521397833,548.0,73.0,152.0,323.0,623.0415509661715,55.0,18.0,5.0,147.0,19.0,146.0,4.0,154.0,0.0,0.0,26.996135127397654,48.04541583877378,59699,377,995,0,11,DAVIS
722,110141,162.0,478.2969597473037,2.9524503688105166,1350.0,147.0,102.0,1101.0,1605.9781826087633,51.0,96.0,19.0,83.0,155.0,446.0,57.0,443.0,1.9982014388489209,0.0,238.96578872029775,15.014192449616804,28499,0,0,2051,11,DAVIS
723,110142,1052.0,3081.1719326578536,2.928870658420013,285.0,54.0,10.0,221.0,389.0940437570598,0.0,54.0,1.0,9.0,17.0,42.0,28.0,134.0,0.0,0.0,3.999427426281134,100.09461633077868,49587,379,0,0,11,DAVIS
724,110143,1216.0,3601.1063509545875,2.961436143877128,422.0,155.0,13.0,254.0,549.102554236364,103.0,52.0,7.0,6.0,58.0,2.0,31.0,163.0,5.994604316546763,0.0,5.999141139421701,115.1088087803955,80392,0,0,0,11,DAVIS
725,110144,218.0,814.5995095696265,3.73669499802581,518.0,5.0,23.0,490.0,539.0198694294635,5.0,0.0,0.0,23.0,26.0,196.0,1.0,267.0,0.0,0.0,0.0,21.01986942946353,122221,0,1165,0,11,DAVIS
726,110145,211.0,853.0340866921778,4.042815576740179,186.0,4.0,6.0,176.0,209.01622542442914,4.0,0.0,0.0,6.0,5.0,96.0,0.0,75.0,2.997302158273381,0.0,0.0,20.01892326615574,86386,1004,0,0,11,DAVIS
727,110146,42.0,166.54983419772182,3.965472242802901,0.0,0.0,0.0,0.0,6.0019860920800685,0.0,0.0,0.0,0.0,0.0,0.0,0.0,0.0,1.9982014388489209,0.0,0.0,4.003784653231148,86386,0,0,0,11,DAVIS
728,110147,186.0,688.6195067790421,3.702255412790549,237.0,2.0,81.0,154.0,267.0062395726337,2.0,0.0,28.0,53.0,12.0,84.0,0.0,58.0,11.989208633093526,0.0,0.0,18.017030939540167,104511,742,262,0,11,DAVIS
729,110148,258.0,989.6903609056932,3.83600915079726,1847.0,128.0,1443.0,276.0,1875.0191107970847,128.0,0.0,228.0,1215.0,61.0,92.0,7.0,116.0,3.9964028776978417,0.0,0.0,24.02270791938689,75567,0,0,0,11,DAVIS
730,110149,861.0,2567.643277214878,2.982164085034701,239.0,149.0,1.0,89.0,329.0703911466342,134.0,15.0,0.0,1.0,48.0,8.0,7.0,26.0,7.9928057553956835,0.0,0.0,82.07758539123853,106475,0,0,0,11,DAVIS
731,110150,221.0,791.1117124391786,3.579691006512121,3.0,0.0,1.0,2.0,43.00807605854904,0.0,0.0,0.0,1.0,1.0,0.0,0.0,1.0,11.989208633093526,0.0,6.998997995991984,21.01986942946353,77899,0,0,0,11,DAVIS
732,110151,201.0,729.1893381861795,3.62780765266756,3.0,0.0,0.0,3.0,36.00765558622787,0.0,0.0,0.0,0.0,0.0,0.0,0.0,3.0,10.990107913669064,0.0,2.9995705697108503,19.01797710284795,77899,0,0,0,11,DAVIS
733,110152,162.0,522.0696725813203,3.2226522998846936,270.0,12.0,71.0,187.0,296.0043003632859,12.0,0.0,2.0,69.0,4.0,5.0,0.0,178.0,10.990107913669064,0.0,0.0,15.014192449616804,104511,0,0,0,11,DAVIS
734,110153,278.0,1036.665955166589,3.7290142272179456,157.0,7.0,76.0,74.0,190.01830528197368,7.0,0.0,2.0,74.0,15.0,4.0,12.0,43.0,6.993705035971223,0.0,0.0,26.02460024600246,104511,0,0,0,11,DAVIS
735,110154,406.0,1465.8520663684103,3.610473069872932,0.0,0.0,0.0,0.0,39.03505492512036,0.0,0.0,0.0,0.0,0.0,0.0,0.0,0.0,0.9991007194244604,0.0,0.0,38.0359542056959,104511,0,0,0,11,DAVIS
736,110155,247.0,892.5362909570221,3.613507250838146,13.0,0.0,3.0,10.0,87.01143689258026,0.0,0.0,0.0,3.0,2.0,0.0,0.0,8.0,3.9964028776978417,0.0,46.99327225880332,23.0217617560791,76322,0,0,0,11,DAVIS
737,110156,420.0,1272.6115536133616,3.0300275086032418,455.0,65.0,74.0,316.0,497.03604797116043,19.0,46.0,74.0,0.0,48.0,65.0,4.0,199.0,1.9982014388489209,0.0,0.0,40.03784653231148,57395,533,0,0,11,DAVIS
738,110157,124.0,350.18170267213304,2.8240459892913954,803.0,373.0,13.0,417.0,931.9946061784166,301.0,72.0,1.0,12.0,15.0,11.0,11.0,380.0,0.0,0.0,116.98325221872317,12.011353959693444,28499,0,0,0,11,DAVIS
739,110158,1419.0,4289.72585773363,3.023062619967322,565.0,81.0,29.0,455.0,702.1259334854002,56.0,25.0,3.0,26.0,18.0,9.0,136.0,292.0,1.9982014388489209,0.0,0.0,135.12773204655124,86529,0,0,0,11,DAVIS
740,110159,2.0,6.405762853758532,3.202881426879266,0.0,0.0,0.0,0.0,31.97122302158273,0.0,0.0,0.0,0.0,0.0,0.0,0.0,0.0,31.97122302158273,0.0,0.0,0.0,86770,0,0,0,11,DAVIS
741,110160,180.0,686.484252494456,3.8138014027469778,0.0,0.0,0.0,0.0,20.01565534594323,0.0,0.0,0.0,0.0,0.0,0.0,0.0,0.0,0.0,0.0,2.9995705697108503,17.01608477623238,136398,0,0,0,11,DAVIS
742,110161,332.0,1019.5839208898996,3.071035906294878,785.0,1.0,23.0,761.0,816.0293310625414,1.0,0.0,1.0,22.0,3.0,79.0,625.0,54.0,0.0,0.0,0.0,31.029331062541395,71381,0,0,0,11,DAVIS
743,110162,589.0,2263.369541661348,3.842732668355429,174.0,22.0,18.0,134.0,238.21469018120732,22.0,0.0,0.0,18.0,12.0,91.0,4.0,27.0,6.993705035971223,1.168,0.0,56.05298514523607,110061,905,1077,0,11,DAVIS
744,110163,806.0,2654.121075740618,3.292954188263794,193.0,22.0,3.0,168.0,272.0692105696652,8.0,14.0,0.0,3.0,13.0,57.0,5.0,93.0,2.997302158273381,0.0,0.0,76.0719084113918,102528,697,0,0,11,DAVIS
745,110164,26.0,87.54542566803326,3.367131756462818,3.0,2.0,0.0,1.0,36.995799462573004,2.0,0.0,0.0,0.0,0.0,0.0,0.0,1.0,1.9982014388489209,0.0,29.995705697108505,2.001892326615574,95028,0,0,0,11,DAVIS
746,110165,89.0,318.1528884033404,3.5747515550937123,49.0,0.0,0.0,49.0,60.00487146473567,0.0,0.0,0.0,0.0,0.0,0.0,49.0,0.0,2.997302158273381,0.0,0.0,8.007569306462296,104511,0,0,0,11,DAVIS
747,110166,766.0,2473.692088693086,3.229363040069303,1877.0,686.0,65.0,1126.0,1950.0690699214686,646.0,40.0,46.0,19.0,153.0,203.0,138.0,632.0,0.0,0.0,0.0,73.06906992146845,42073,688,993,0,11,DAVIS
748,110167,377.0,1225.6359593524655,3.2510237648606517,5.0,0.0,0.0,5.0,44.03136403735371,0.0,0.0,0.0,0.0,0.0,4.0,0.0,1.0,2.997302158273381,0.0,0.0,36.03406187908033,80137,0,0,0,11,DAVIS
749,110168,169.0,664.064082506301,3.929373269268053,5.0,0.0,5.0,0.0,26.010642210046893,0.0,0.0,4.0,1.0,0.0,0.0,0.0,0.0,4.995503597122302,0.0,0.0,16.01513861292459,117985,0,0,0,11,DAVIS
750,110169,414.0,1669.7688505463905,4.033258093107223,452.0,302.0,4.0,146.0,492.0360010884282,212.0,90.0,2.0,2.0,22.0,11.0,11.0,102.0,0.9991007194244604,0.0,0.0,39.03690036900369,142343,0,0,0,11,DAVIS
751,110170,14.0,55.5166113992406,3.9654722428029,1970.0,159.0,379.0,1432.0,5367.514687932561,159.0,0.0,169.0,210.0,983.0,113.0,80.0,256.0,0.0,0.0,3396.5137417692526,1.000946163307787,126801,0,0,0,11,DAVIS
752,110171,64.0,184.69949561670435,2.885929619011005,1504.0,301.0,259.0,944.0,1557.996537683783,61.0,240.0,207.0,52.0,43.0,43.0,628.0,230.0,2.997302158273381,0.0,44.99355854566276,6.005676979846722,42073,0,0,0,11,DAVIS
753,110172,0.0,0.0,0.0,0.0,0.0,0.0,0.0,13.987410071942444,0.0,0.0,0.0,0.0,0.0,0.0,0.0,0.0,13.987410071942444,0.0,0.0,0.0,117985,0,0,0,11,DAVIS
754,110173,446.0,1771.193429064234,3.971285715390659,104.0,9.0,0.0,95.0,152.03434317547382,9.0,0.0,0.0,0.0,8.0,47.0,0.0,40.0,5.994604316546763,0.0,0.0,42.03973885892705,117985,0,0,0,11,DAVIS
755,110174,414.0,1623.8608834277877,3.922369283642,0.0,0.0,0.0,0.0,52.03050268154244,0.0,0.0,0.0,0.0,0.0,0.0,0.0,0.0,5.994604316546763,0.0,6.998997995991984,39.03690036900369,142343,0,0,0,11,DAVIS
756,110175,374.0,1505.3542706332548,4.025011418805494,602.0,0.0,129.0,473.0,944.9875152651282,0.0,0.0,19.0,110.0,44.0,96.0,44.0,289.0,1.9982014388489209,0.0,305.95619811050676,35.033115715772546,126801,0,0,0,11,DAVIS
757,110176,629.0,1982.5836032382651,3.1519612134153663,449.0,163.0,10.0,276.0,509.0567697984672,42.0,121.0,9.0,1.0,74.0,6.0,70.0,126.0,0.0,0.0,0.0,60.056769798467215,65523,0,0,0,11,DAVIS
758,110177,584.0,1825.6424133211813,3.1261000228102422,1012.0,79.0,14.0,919.0,1116.0450249538721,31.0,48.0,4.0,10.0,41.0,286.0,43.0,549.0,0.0,0.0,48.99298597194389,55.05203898192829,64608,1332,0,0,11,DAVIS
759,110178,266.0,1045.2069723049335,3.92934951994336,6.0,0.0,4.0,2.0,72.00946769347225,0.0,0.0,0.0,4.0,2.0,0.0,0.0,0.0,10.990107913669064,0.0,29.995705697108505,25.023654082694677,118349,0,0,0,11,DAVIS
760,110179,523.0,1889.7000418587668,3.6131931966706814,470.0,14.0,129.0,327.0,527.0410132013606,13.0,1.0,0.0,129.0,23.0,137.0,7.0,160.0,6.993705035971223,0.0,0.0,50.04730816538935,96452,601,1057,0,11,DAVIS
761,110180,266.0,854.1017138344708,3.2109086986258304,2241.0,11.0,396.0,1834.0,2273.0226520786864,9.0,2.0,6.0,390.0,137.0,1001.0,6.0,690.0,0.0,0.0,6.998997995991984,25.023654082694677,85057,5,29,2765,11,DAVIS
762,110181,370.0,1501.0837620640823,4.056983140713736,537.0,12.0,73.0,452.0,596.0258995877301,7.0,5.0,1.0,72.0,72.0,234.0,8.0,138.0,4.995503597122302,0.0,18.997280274835386,35.033115715772546,141418,1239,946,0,11,DAVIS
763,110182,382.0,1556.600373463323,4.074870087600322,0.0,0.0,0.0,0.0,38.03226331792926,0.0,0.0,0.0,0.0,0.0,0.0,0.0,0.0,1.9982014388489209,0.0,0.0,36.03406187908033,126801,0,0,0,11,DAVIS
764,110183,1002.0,3513.5609252865543,3.5065478296273,161.0,2.0,28.0,131.0,259.08718767251315,2.0,0.0,2.0,26.0,23.0,62.0,8.0,38.0,2.997302158273381,0.0,0.0,95.08988551423975,105493,604,0,0,11,DAVIS
765,110184,252.0,1022.7868023167788,4.058677786971344,257.0,5.0,44.0,208.0,283.0209093582358,5.0,0.0,1.0,43.0,19.0,79.0,8.0,102.0,1.9982014388489209,0.0,0.0,24.02270791938689,126765,890,0,0,11,DAVIS
766,110185,191.0,591.465436830371,3.0966776797401625,46.0,0.0,35.0,11.0,72.00983669493586,0.0,0.0,0.0,35.0,3.0,0.0,3.0,5.0,7.9928057553956835,0.0,0.0,18.017030939540167,101962,0,0,0,11,DAVIS
767,110186,190.0,618.1561153876983,3.2534532388826225,63.0,21.0,4.0,38.0,83.01523237838909,21.0,0.0,0.0,4.0,1.0,0.0,1.0,36.0,1.9982014388489209,0.0,0.0,18.017030939540167,97322,0,0,0,11,DAVIS
768,110187,460.0,1432.7556249573247,3.114686141211576,6.0,0.0,0.0,6.0,50.04163118554263,0.0,0.0,0.0,0.0,0.0,0.0,0.0,6.0,0.0,0.0,0.0,44.04163118554263,113253,0,0,0,11,DAVIS
769,110188,565.0,1749.840886218372,3.0970635154307478,240.0,1.0,0.0,239.0,294.0510928186205,0.0,1.0,0.0,0.0,1.0,0.0,1.0,237.0,0.0,0.0,0.0,54.051092818620496,70939,0,0,0,11,DAVIS
770,110189,583.0,2022.0858075031097,3.468414764156277,53.0,1.0,0.0,52.0,200.03886978639437,1.0,0.0,0.0,0.0,6.0,14.0,0.0,32.0,0.0,0.0,91.98683080446608,55.05203898192829,101843,0,0,0,11,DAVIS
771,110190,499.0,1728.4883433725104,3.463904495736494,1195.0,59.0,4.0,1132.0,1242.044469675466,50.0,9.0,3.0,1.0,620.0,23.0,121.0,368.0,0.0,0.0,0.0,47.04446967546599,96104,0,0,0,11,DAVIS
772,110191,264.0,898.9420538107805,3.405083537162048,1.0,0.0,0.0,1.0,103.0126320386065,0.0,0.0,0.0,0.0,0.0,0.0,1.0,0.0,0.0,0.0,76.98897795591182,25.023654082694677,130258,0,0,0,11,DAVIS
773,110192,421.0,1382.5771492695496,3.2840312334193578,15.0,10.0,0.0,5.0,67.03612881115488,10.0,0.0,0.0,0.0,2.0,0.0,0.0,3.0,0.0,0.0,11.998282278843401,40.03784653231148,124352,0,0,0,11,DAVIS
774,110193,252.0,822.0728995656782,3.2621940458955483,728.0,247.0,0.0,481.0,753.0218086388113,179.0,68.0,0.0,0.0,143.0,13.0,66.0,259.0,0.9991007194244604,0.0,0.0,24.02270791938689,132619,0,0,0,11,DAVIS
775,110194,953.0,2651.985821456032,2.78277630792868,333.0,289.0,1.0,43.0,1812.8718187246243,109.0,180.0,0.0,1.0,1.0,0.0,31.0,11.0,18.982913669064747,0.0,1370.8037503578587,90.08515469770084,101962,0,0,0,11,DAVIS
776,110195,866.0,2856.970232776305,3.2990418392336083,140.0,35.0,6.0,99.0,222.07758539123853,35.0,0.0,1.0,5.0,13.0,24.0,43.0,19.0,0.0,0.0,0.0,82.07758539123853,101962,0,0,0,11,DAVIS
777,110196,45.0,156.94118991708402,3.4875819981574225,948.0,160.0,2.0,786.0,1047.9855060611035,102.0,58.0,2.0,0.0,239.0,98.0,77.0,372.0,5.994604316546763,0.0,89.98711709132552,4.003784653231148,124658,675,0,0,11,DAVIS
778,110197,820.0,2753.4103999738754,3.3578175609437504,51.0,5.0,11.0,35.0,134.0693043351297,5.0,0.0,10.0,1.0,9.0,0.0,9.0,17.0,4.995503597122302,0.0,0.0,78.07380073800738,101962,0,0,0,11,DAVIS
779,110198,217.0,756.9476438857997,3.488237990257141,7.0,0.0,0.0,7.0,28.01986942946353,0.0,0.0,0.0,0.0,1.0,1.0,0.0,5.0,0.0,0.0,0.0,21.01986942946353,123921,0,0,0,11,DAVIS
780,110199,144.0,478.2969597473037,3.321506664911831,5080.0,1776.0,12.0,3292.0,5094.013246286309,1013.0,763.0,2.0,10.0,440.0,1120.0,967.0,765.0,0.0,0.0,0.0,14.013246286309018,101962,0,0,0,11,DAVIS
781,110200,4.0,9.608644280637796,2.4021610701594494,2070.0,1.0,5.0,2064.0,2070.9991007194244,0.0,1.0,0.0,5.0,24.0,40.0,0.0,2000.0,0.9991007194244604,0.0,0.0,0.0,124658,0,0,0,11,DAVIS
782,110201,239.0,784.7059495854201,3.283288491989205,35.0,0.0,2.0,33.0,59.02086247550356,0.0,0.0,2.0,0.0,11.0,6.0,3.0,13.0,0.9991007194244604,0.0,0.0,23.0217617560791,77668,0,0,0,11,DAVIS
783,110202,22.0,55.5166113992406,2.5234823363291183,0.0,0.0,0.0,0.0,188.96983154523784,0.0,0.0,0.0,0.0,0.0,0.0,0.0,0.0,6.993705035971223,0.0,179.97423418265103,2.001892326615574,101962,0,0,0,11,DAVIS
784,110203,296.0,966.2025637752452,3.2641978505920446,190.0,6.0,32.0,152.0,228.01749976686267,6.0,0.0,9.0,23.0,16.0,64.0,9.0,63.0,9.991007194244604,0.0,0.0,28.02649257261804,101962,525,0,0,11,DAVIS
785,110204,463.0,1528.8420677637027,3.30203470359331,2.0,0.0,0.0,2.0,54.034436940938306,0.0,0.0,0.0,0.0,0.0,2.0,0.0,0.0,7.9928057553956835,0.0,0.0,44.04163118554263,101962,835,0,0,11,DAVIS
786,110205,265.0,858.3722224036431,3.2391404619005404,3936.0,42.0,123.0,3771.0,3967.0182583992414,28.0,14.0,12.0,111.0,515.0,1486.0,116.0,1654.0,5.994604316546763,0.0,0.0,25.023654082694677,101962,321,139,1879,11,DAVIS
787,110206,271.0,838.0873067000745,3.092573087454149,2996.0,25.0,92.0,2879.0,3069.017872504806,12.0,13.0,66.0,26.0,235.0,2234.0,69.0,341.0,0.0,0.0,46.99327225880332,26.02460024600246,90151,524,1242,0,11,DAVIS
788,110207,199.0,657.6583196525426,3.3048156766459424,265.0,1.0,67.0,197.0,284.01797710284796,1.0,0.0,1.0,66.0,2.0,67.0,103.0,25.0,0.0,0.0,0.0,19.01797710284795,101682,0,0,0,11,DAVIS
789,110208,447.0,1394.3210478347737,3.119286460480478,1.0,1.0,0.0,0.0,43.03973885892705,1.0,0.0,0.0,0.0,0.0,0.0,0.0,0.0,0.0,0.0,0.0,42.03973885892705,92158,0,0,0,11,DAVIS
790,110209,306.0,1038.801209451175,3.3947751942848856,0.0,0.0,0.0,0.0,208.00181606200655,0.0,0.0,0.0,0.0,0.0,0.0,0.0,0.0,0.0,0.0,178.97437732608074,29.027438735925823,101784,0,0,0,11,DAVIS
791,110210,1.0,2.135254284586177,2.135254284586177,63.0,0.0,12.0,51.0,71.99190647482014,0.0,0.0,0.0,12.0,0.0,3.0,0.0,48.0,8.991906474820144,0.0,0.0,0.0,80062,0,0,0,11,DAVIS
792,110211,42.0,134.52101992892915,3.2028814268792654,9.0,0.0,3.0,6.0,16.00108681150453,0.0,0.0,0.0,3.0,4.0,0.0,1.0,1.0,2.997302158273381,0.0,0.0,4.003784653231148,80062,0,0,0,11,DAVIS
793,110212,522.0,1758.3819033567167,3.3685477075799173,8.0,0.0,0.0,8.0,59.04456344093048,0.0,0.0,0.0,0.0,2.0,0.0,2.0,4.0,1.9982014388489209,0.0,0.0,49.04636200208156,110490,0,0,0,11,DAVIS
794,110213,0.0,0.0,0.0,72.0,8.0,35.0,29.0,103.97575984445767,8.0,0.0,10.0,25.0,4.0,9.0,0.0,16.0,25.97661870503597,0.0,5.999141139421701,0.0,80062,0,0,0,11,DAVIS
795,110214,335.0,1094.3178208504155,3.2666203607475097,154.0,0.0,5.0,149.0,188.0284786646981,0.0,0.0,0.0,5.0,40.0,62.0,5.0,42.0,1.9982014388489209,0.0,0.0,32.03027722584918,123864,504,0,0,11,DAVIS
796,110215,264.0,922.4298509412284,3.4940524656864715,13.0,4.0,0.0,9.0,40.0218555215436,0.0,4.0,0.0,0.0,1.0,0.0,0.0,8.0,1.9982014388489209,0.0,0.0,25.023654082694677,110490,0,0,0,11,DAVIS
797,110216,403.0,1299.3022321706887,3.224075017793272,20.0,6.0,0.0,14.0,58.0359542056959,6.0,0.0,0.0,0.0,0.0,0.0,4.0,10.0,0.0,0.0,0.0,38.0359542056959,107834,0,0,0,11,DAVIS
798,110217,346.0,1113.535109411691,3.2183095647736746,163.0,1.0,19.0,143.0,196.03122338915696,1.0,0.0,0.0,19.0,18.0,58.0,2.0,65.0,0.0,0.0,0.0,33.03122338915697,107112,669,0,0,11,DAVIS
799,110218,400.0,1360.1569792813948,3.400392448203487,42.0,4.0,0.0,38.0,80.0359542056959,4.0,0.0,0.0,0.0,11.0,0.0,10.0,17.0,0.0,0.0,0.0,38.0359542056959,90058,0,0,0,11,DAVIS
800,110219,0.0,0.0,0.0,2.0,0.0,0.0,2.0,7.994604316546763,0.0,0.0,0.0,0.0,1.0,0.0,0.0,1.0,5.994604316546763,0.0,0.0,0.0,80062,0,0,0,11,DAVIS
801,110220,0.0,0.0,0.0,586.0,54.0,336.0,196.0,586.0,54.0,0.0,211.0,125.0,61.0,23.0,0.0,112.0,0.0,0.0,0.0,0.0,80062,0,0,0,11,DAVIS
802,110221,219.0,587.1949282611987,2.681255380188122,817.0,269.0,1.0,547.0,838.0198694294635,23.0,246.0,1.0,0.0,319.0,14.0,18.0,196.0,0.0,0.0,0.0,21.01986942946353,77766,0,0,0,11,DAVIS
803,110222,542.0,1486.1369820719792,2.741950151424316,540.0,401.0,2.0,137.0,591.0482543286971,246.0,155.0,1.0,1.0,46.0,4.0,0.0,87.0,0.0,0.0,0.0,51.04825432869713,77766,0,0,0,11,DAVIS
804,110223,221.0,618.1561153876983,2.7970864949669605,0.0,0.0,0.0,0.0,21.01986942946353,0.0,0.0,0.0,0.0,0.0,0.0,0.0,0.0,0.0,0.0,0.0,21.01986942946353,77766,0,0,0,11,DAVIS
805,110224,612.0,2118.1722503094875,3.4610657684795547,0.0,0.0,0.0,0.0,63.05340561755724,0.0,0.0,0.0,0.0,0.0,0.0,0.0,0.0,0.9991007194244604,0.0,3.999427426281134,58.05487747185165,102651,0,0,0,11,DAVIS
806,110225,378.0,1151.9696865342426,3.047538853265192,1467.0,19.0,315.0,1133.0,1503.0340618790804,18.0,1.0,244.0,71.0,724.0,100.0,14.0,295.0,0.0,0.0,0.0,36.03406187908033,80062,0,0,0,11,DAVIS
807,110226,53.0,138.7915284981015,2.61870808486984,2077.0,1222.0,7.0,848.0,2125.9984325056316,972.0,250.0,6.0,1.0,147.0,102.0,9.0,590.0,0.0,0.0,43.993701689092475,5.004730816538935,55206,0,0,0,11,DAVIS
808,110227,574.0,1546.9917291826853,2.695107542130114,978.0,529.0,14.0,435.0,1032.0510928186204,415.0,114.0,0.0,14.0,70.0,72.0,53.0,240.0,0.0,0.0,0.0,54.051092818620496,55206,0,0,0,11,DAVIS
809,110228,245.0,640.5762853758531,2.6145970831667475,370.0,51.0,69.0,250.0,393.0217617560791,50.0,1.0,5.0,64.0,19.0,102.0,50.0,79.0,0.0,0.0,0.0,23.0217617560791,55206,385,0,0,11,DAVIS
810,110229,302.0,818.8700181387989,2.7114901262874134,139.0,60.0,29.0,50.0,168.0274387359258,59.0,1.0,0.0,29.0,15.0,2.0,6.0,27.0,0.0,0.0,0.0,29.027438735925823,70467,0,0,0,11,DAVIS
811,110230,423.0,1169.051720810932,2.7637156520353003,0.0,0.0,0.0,0.0,40.03784653231148,0.0,0.0,0.0,0.0,0.0,0.0,0.0,0.0,0.0,0.0,0.0,40.03784653231148,70467,0,0,0,11,DAVIS
812,110231,277.0,740.9332367514035,2.674849230149471,327.0,4.0,110.0,213.0,353.0246002460025,4.0,0.0,1.0,109.0,26.0,125.0,1.0,61.0,0.0,0.0,0.0,26.02460024600246,70467,409,1011,0,11,DAVIS
813,110232,0.0,0.0,0.0,4.0,0.0,1.0,3.0,7.996402877697841,0.0,0.0,0.0,1.0,1.0,0.0,0.0,2.0,3.9964028776978417,0.0,0.0,0.0,80062,0,0,0,11,DAVIS
814,110233,175.0,564.7747582730439,3.227284332988822,6.0,0.0,0.0,6.0,31.011915080211352,0.0,0.0,0.0,0.0,0.0,0.0,4.0,2.0,3.9964028776978417,0.0,3.999427426281134,17.01608477623238,80062,0,0,0,11,DAVIS
815,110234,384.0,1293.9640964592234,3.369698167862561,7.0,0.0,6.0,1.0,43.03406187908033,0.0,0.0,5.0,1.0,1.0,0.0,0.0,0.0,0.0,0.0,0.0,36.03406187908033,80062,0,0,0,11,DAVIS
816,110235,6.0,13.87915284981015,2.313192141635025,4.0,0.0,4.0,0.0,6.0000468827322475,0.0,0.0,0.0,4.0,0.0,0.0,0.0,0.0,0.9991007194244604,0.0,0.0,1.000946163307787,86612,0,0,0,11,DAVIS
817,110236,82.0,270.1096670001514,3.294020329270139,143.0,0.0,8.0,135.0,164.99497937840474,0.0,0.0,2.0,6.0,2.0,8.0,0.0,125.0,13.987410071942444,0.0,0.0,8.007569306462296,86612,0,0,0,11,DAVIS
818,110237,343.0,1059.0861251547435,3.0877146505969204,40.0,0.0,4.0,36.0,73.03122338915696,0.0,0.0,0.0,4.0,0.0,1.0,0.0,35.0,0.0,0.0,0.0,33.03122338915697,98096,0,0,0,11,DAVIS
819,110238,443.0,1426.3498621035662,3.2197513817236256,348.0,9.0,22.0,317.0,390.0397388589271,9.0,0.0,0.0,22.0,89.0,95.0,1.0,132.0,0.0,0.0,0.0,42.03973885892705,98096,663,0,0,11,DAVIS
820,110239,4.0,12.811525707517063,3.202881426879266,16.0,0.0,2.0,14.0,26.990107913669064,0.0,0.0,0.0,2.0,3.0,0.0,0.0,11.0,10.990107913669064,0.0,0.0,0.0,86612,0,0,0,11,DAVIS
821,110240,53.0,162.27932562854946,3.0618740684631973,164.0,59.0,46.0,59.0,175.99843585251017,59.0,0.0,5.0,41.0,9.0,2.0,0.0,48.0,6.993705035971223,0.0,0.0,5.004730816538935,86612,0,0,0,11,DAVIS
822,110241,62.0,186.83474990129048,3.01346370808533,167.0,0.0,159.0,8.0,176.50967697984672,0.0,0.0,159.0,0.0,0.0,0.0,0.0,8.0,0.0,3.5040000000000004,0.0,6.005676979846722,86612,0,0,0,11,DAVIS
823,110242,95.0,298.9355998420648,3.1466905246533137,182.0,5.0,2.0,175.0,383.980132650689,5.0,0.0,1.0,1.0,43.0,1.0,7.0,124.0,0.9991007194244604,0.0,191.97251646149442,9.008515469770083,86612,0,0,0,11,DAVIS
824,110243,0.0,0.0,0.0,1253.0,944.0,32.0,277.0,1253.0,616.0,328.0,32.0,0.0,63.0,16.0,5.0,193.0,0.0,0.0,0.0,0.0,65803,0,0,0,11,DAVIS
825,110244,724.0,2086.143436040695,2.881413585691568,936.0,244.0,76.0,616.0,1005.0652852682373,132.0,112.0,63.0,13.0,37.0,76.0,118.0,385.0,0.0,0.0,0.0,69.0652852682373,65836,432,0,0,11,DAVIS
826,110245,743.0,2062.655638910247,2.7761179527728763,2316.0,37.0,27.0,2252.0,2386.066231431545,15.0,22.0,25.0,2.0,293.0,338.0,272.0,1349.0,0.0,0.0,0.0,70.06623143154509,64732,0,641,1455,11,DAVIS
827,110246,531.0,1455.1757949454798,2.74044405827774,504.0,97.0,27.0,380.0,554.0473081653894,29.0,68.0,0.0,27.0,81.0,65.0,12.0,222.0,0.0,0.0,0.0,50.04730816538935,56288,420,0,0,11,DAVIS
828,110247,594.0,1962.298687534697,3.303533143997806,0.0,0.0,0.0,0.0,57.05208586466053,0.0,0.0,0.0,0.0,0.0,0.0,0.0,0.0,0.9991007194244604,0.0,0.0,56.05298514523607,86966,0,0,0,11,DAVIS
829,110248,298.0,967.2701909175382,3.245873123884357,0.0,0.0,0.0,0.0,28.02649257261804,0.0,0.0,0.0,0.0,0.0,0.0,0.0,0.0,0.0,0.0,0.0,28.02649257261804,98520,0,0,0,11,DAVIS
830,110249,688.0,1822.439531894302,2.6488946684510206,943.0,330.0,47.0,566.0,1154.0406016742677,157.0,173.0,35.0,12.0,149.0,33.0,161.0,223.0,0.0,0.0,145.97910105926138,65.06150061500615,54513,0,0,0,11,DAVIS
831,110250,387.0,1006.7723951823824,2.601479057318818,1412.0,204.0,155.0,1053.0,1496.373568592059,105.0,99.0,55.0,100.0,291.0,134.0,89.0,539.0,0.0,9.344,37.99456054967077,37.03500804238812,56066,0,0,0,11,DAVIS
832,110251,540.0,1411.403082111463,2.613709411317524,992.0,84.0,52.0,856.0,1062.0455346035326,68.0,16.0,46.0,6.0,160.0,82.0,450.0,164.0,0.0,0.0,18.997280274835386,51.04825432869713,56292,0,0,0,11,DAVIS
833,110252,311.0,992.8932423325724,3.1925827727735445,1903.0,47.0,2.0,1854.0,1932.027438735926,16.0,31.0,1.0,1.0,38.0,28.0,1729.0,59.0,0.0,0.0,0.0,29.027438735925823,55977,0,0,0,11,DAVIS
834,110253,289.0,920.2945966566424,3.1844103690541257,73.0,4.0,6.0,63.0,100.02554640931025,4.0,0.0,0.0,6.0,0.0,51.0,2.0,10.0,0.0,0.0,0.0,27.025546409310248,98019,503,0,0,11,DAVIS
835,110254,455.0,1596.1025777281673,3.50791775324872,121.0,1.0,9.0,111.0,164.04068502223484,1.0,0.0,0.0,9.0,20.0,53.0,9.0,29.0,0.0,0.0,0.0,43.04068502223484,109178,476,0,0,11,DAVIS
836,110255,227.0,624.5618782414568,2.7513739129579595,982.0,316.0,75.0,591.0,1004.0208155927713,148.0,168.0,3.0,72.0,126.0,99.0,14.0,352.0,0.0,0.0,0.0,22.020815592771317,64364,0,0,0,11,DAVIS
837,110256,332.0,956.5939194946072,2.88130698642954,1124.0,455.0,3.0,666.0,1259.0144441458508,346.0,109.0,0.0,3.0,25.0,49.0,83.0,509.0,0.0,0.0,103.98511308330947,31.029331062541395,52737,0,0,0,11,DAVIS
838,110257,448.0,1276.882062182534,2.8501831745145845,2073.0,38.0,92.0,1943.0,2115.039738858927,2.0,36.0,9.0,83.0,280.0,232.0,39.0,1392.0,0.0,0.0,0.0,42.03973885892705,49784,0,690,0,11,DAVIS
839,110258,264.0,876.5218838226257,3.320158650843279,617.0,14.0,23.0,580.0,642.0236540826946,14.0,0.0,5.0,18.0,22.0,173.0,12.0,373.0,0.0,0.0,0.0,25.023654082694677,116123,0,0,1440,11,DAVIS
840,110259,434.0,1258.7324007635514,2.9003050708837588,187.0,9.0,5.0,173.0,241.03693183103294,9.0,0.0,1.0,4.0,11.0,53.0,15.0,94.0,0.0,0.0,12.998139135413684,41.038792695619264,67763,526,0,0,11,DAVIS
841,110260,291.0,988.6227337634,3.397328982004811,68.0,0.0,2.0,66.0,96.02649257261804,0.0,0.0,0.0,2.0,1.0,57.0,0.0,8.0,0.0,0.0,0.0,28.02649257261804,96735,482,0,0,11,DAVIS
842,110261,407.0,1327.060537870309,3.260591002138351,6.0,0.0,0.0,6.0,45.03690036900369,0.0,0.0,0.0,0.0,1.0,0.0,1.0,4.0,0.0,0.0,0.0,39.03690036900369,126876,0,0,0,11,DAVIS
843,110262,121.0,472.95882403583823,3.908750611866432,0.0,0.0,0.0,0.0,11.010407796385657,0.0,0.0,0.0,0.0,0.0,0.0,0.0,0.0,0.0,0.0,0.0,11.010407796385657,130534,0,0,0,11,DAVIS
844,110263,444.0,1303.572740739861,2.935974641305993,733.0,291.0,4.0,438.0,775.0397388589271,214.0,77.0,1.0,3.0,13.0,83.0,102.0,240.0,0.0,0.0,0.0,42.03973885892705,70250,0,1060,0,11,DAVIS
845,110264,101.0,261.5686498618067,2.589788612493136,756.0,123.0,42.0,591.0,766.0094616330779,123.0,0.0,4.0,38.0,211.0,14.0,226.0,140.0,0.0,0.0,0.0,10.00946163307787,70250,0,0,0,11,DAVIS
846,110265,389.0,1127.4142622615016,2.8982371780501324,257.0,122.0,32.0,103.0,295.0341087618126,121.0,1.0,0.0,32.0,24.0,4.0,12.0,63.0,0.9991007194244604,0.0,0.0,37.03500804238812,61472,0,0,0,11,DAVIS
847,110266,485.0,1513.8952877715994,3.121433583034225,509.0,170.0,15.0,324.0,555.0435235121582,142.0,28.0,3.0,12.0,82.0,3.0,1.0,238.0,0.0,0.0,0.0,46.0435235121582,75541,0,0,0,11,DAVIS
848,110267,793.0,2461.9481901278623,3.1046004919645176,61.0,0.0,0.0,61.0,136.07096224808402,0.0,0.0,0.0,0.0,1.0,0.0,5.0,55.0,0.0,0.0,0.0,75.07096224808402,98234,0,0,0,11,DAVIS
849,110268,150.0,503.9200111623378,3.359466741082252,83.0,0.0,0.0,83.0,97.01324628630901,0.0,0.0,0.0,0.0,3.0,60.0,1.0,19.0,0.0,0.0,0.0,14.013246286309018,114098,0,1130,0,11,DAVIS
850,110269,297.0,895.7391723839013,3.015956809373405,96.0,2.0,17.0,77.0,124.02649257261804,2.0,0.0,0.0,17.0,9.0,58.0,0.0,10.0,0.0,0.0,0.0,28.02649257261804,82709,493,0,0,11,DAVIS
851,110270,192.0,594.6683182572503,3.097230824256512,0.0,0.0,0.0,0.0,18.017030939540167,0.0,0.0,0.0,0.0,0.0,0.0,0.0,0.0,0.0,0.0,0.0,18.017030939540167,78307,0,0,0,11,DAVIS
852,110271,439.0,1388.982912123308,3.163970187069039,225.0,3.0,48.0,174.0,267.0397388589271,3.0,0.0,0.0,48.0,22.0,55.0,0.0,97.0,0.0,0.0,0.0,42.03973885892705,90295,723,0,0,11,DAVIS
853,110272,298.0,1017.4486666053134,3.414257270487629,0.0,0.0,0.0,0.0,40.024774851461444,0.0,0.0,0.0,0.0,0.0,0.0,0.0,0.0,0.0,0.0,11.998282278843401,28.02649257261804,130534,0,0,0,11,DAVIS
854,110273,288.0,815.6671367119196,2.8321775580274986,91.0,0.0,7.0,84.0,118.02554640931025,0.0,0.0,0.0,7.0,52.0,1.0,1.0,30.0,0.0,0.0,0.0,27.025546409310248,57827,0,0,0,11,DAVIS
855,110274,341.0,987.5551066211068,2.896056031146941,4694.0,1061.0,44.0,3589.0,4726.030277225849,836.0,225.0,41.0,3.0,791.0,46.0,99.0,2653.0,0.0,0.0,0.0,32.03027722584918,70250,0,0,0,11,DAVIS
856,110275,369.0,1321.7224021588436,3.581903528885755,112.0,6.0,25.0,81.0,283.0136482093311,1.0,5.0,1.0,24.0,2.0,0.0,19.0,60.0,0.0,0.0,135.98053249355854,35.033115715772546,80298,0,0,0,11,DAVIS
857,110276,568.0,2082.9405546138155,3.667148863756717,0.0,0.0,0.0,0.0,54.051092818620496,0.0,0.0,0.0,0.0,0.0,0.0,0.0,0.0,0.0,0.0,0.0,54.051092818620496,109542,0,0,0,11,DAVIS
858,110277,382.0,1197.8776536528453,3.1358053760545688,1.0,0.0,0.0,1.0,37.03406187908033,0.0,0.0,0.0,0.0,0.0,0.0,0.0,1.0,0.0,0.0,0.0,36.03406187908033,153361,0,0,0,11,DAVIS
859,110278,0.0,0.0,0.0,0.0,0.0,0.0,0.0,4.995503597122302,0.0,0.0,0.0,0.0,0.0,0.0,0.0,0.0,4.995503597122302,0.0,0.0,0.0,86612,0,0,0,11,DAVIS
860,110279,98.0,330.96441411085743,3.377187899090382,58.0,5.0,0.0,53.0,106.99976518399814,5.0,0.0,0.0,0.0,31.0,12.0,0.0,10.0,3.9964028776978417,0.0,35.9948468365302,9.008515469770083,86612,0,0,0,11,DAVIS
861,110280,1.0,1.0,1.0,48.0,0.0,48.0,0.0,51.99640287769784,0.0,0.0,0.0,48.0,0.0,0.0,0.0,0.0,3.9964028776978417,0.0,0.0,0.0,86612,0,0,0,11,DAVIS
862,110281,275.0,929.90324093728,3.3814663306810187,203.0,55.0,95.0,53.0,256.00939331621277,37.0,18.0,4.0,91.0,8.0,1.0,0.0,44.0,14.986510791366907,0.0,11.998282278843401,26.02460024600246,91485,0,0,0,11,DAVIS
863,110282,245.0,804.9908652889887,3.285677001179546,164.0,4.0,142.0,18.0,188.02086247550358,4.0,0.0,70.0,72.0,5.0,1.0,2.0,10.0,0.9991007194244604,0.0,0.0,23.0217617560791,75093,0,0,0,11,DAVIS
864,110283,328.0,1121.0084994077429,3.417708839657753,755.0,62.0,86.0,607.0,796.0278996282442,31.0,31.0,1.0,85.0,435.0,116.0,1.0,55.0,0.0,0.0,9.998568565702834,31.029331062541395,54577,561,0,0,11,DAVIS
865,110284,187.0,509.2581468738032,2.7233055982556325,1918.0,248.0,182.0,1488.0,1936.01703093954,155.0,93.0,43.0,139.0,638.0,74.0,221.0,555.0,0.0,0.0,0.0,18.017030939540167,44001,0,0,0,11,DAVIS
866,110285,445.0,1399.659183546239,3.145301536058964,433.0,2.0,236.0,195.0,506.0353014126058,1.0,1.0,33.0,203.0,9.0,41.0,2.0,143.0,0.0,0.0,30.995562553678788,42.03973885892705,86612,582,0,0,11,DAVIS
867,110286,3.0,5.338135711465442,1.7793785704884808,629.0,47.0,320.0,262.0,629.0,47.0,0.0,190.0,130.0,60.0,33.0,77.0,92.0,0.0,0.0,0.0,0.0,91485,0,0,0,11,DAVIS
868,110287,800.0,2697.8937885746345,3.372367235718293,472.0,94.0,70.0,308.0,550.0701098502407,94.0,0.0,11.0,59.0,4.0,129.0,1.0,174.0,1.9982014388489209,0.0,0.0,76.0719084113918,91485,0,0,0,11,DAVIS
869,110288,10.0,24.555424272741035,2.4555424272741035,217.0,1.0,194.0,22.0,218.0009461633078,1.0,0.0,154.0,40.0,3.0,0.0,0.0,19.0,0.0,0.0,0.0,1.000946163307787,75093,0,0,0,11,DAVIS
870,110289,304.0,1031.3278194551235,3.392525721891854,198.0,13.0,124.0,61.0,227.0274387359258,6.0,7.0,26.0,98.0,3.0,1.0,1.0,56.0,0.0,0.0,0.0,29.027438735925823,75093,0,0,0,11,DAVIS
871,110290,287.0,980.0817166250552,3.414918873258032,227.0,104.0,51.0,72.0,254.02554640931024,2.0,102.0,0.0,51.0,12.0,50.0,3.0,7.0,0.0,0.0,0.0,27.025546409310248,66963,0,0,0,11,DAVIS
872,110291,110.0,321.35576983021963,2.921416089365633,1223.0,797.0,24.0,402.0,1233.0094616330778,559.0,238.0,4.0,20.0,73.0,127.0,20.0,182.0,0.0,0.0,0.0,10.00946163307787,44001,0,0,1512,11,DAVIS
873,110292,299.0,817.8023909965058,2.735125053500019,58.0,18.0,8.0,32.0,86.02649257261804,18.0,0.0,0.0,8.0,2.0,0.0,1.0,29.0,0.0,0.0,0.0,28.02649257261804,64364,0,0,0,11,DAVIS
874,110293,1078.0,3307.508886823988,3.068190061988857,105.0,60.0,14.0,31.0,207.09650865739428,2.0,58.0,6.0,8.0,8.0,1.0,8.0,14.0,0.0,0.0,0.0,102.09650865739428,85933,0,0,0,11,DAVIS
875,110294,0.0,0.0,0.0,0.0,0.0,0.0,0.0,0.0,0.0,0.0,0.0,0.0,0.0,0.0,0.0,0.0,0.0,0.0,0.0,0.0,86612,0,0,0,11,DAVIS
876,110295,1375.0,4332.430943425354,3.150858867945712,3075.0,269.0,408.0,2398.0,3330.1043521641523,191.0,78.0,130.0,278.0,1442.0,354.0,114.0,488.0,0.9991007194244604,0.0,123.98225021471515,130.1230012300123,69182,1258,0,0,11,DAVIS
877,110296,0.0,0.0,0.0,1669.0,198.0,1144.0,327.0,1671.336,196.0,2.0,516.0,628.0,137.0,30.0,28.0,132.0,0.0,2.336,0.0,0.0,69182,0,0,0,11,DAVIS
878,110297,0.0,0.0,0.0,1112.0,0.0,931.0,181.0,1112.0,0.0,0.0,149.0,782.0,29.0,55.0,0.0,97.0,0.0,0.0,0.0,0.0,69182,0,0,0,11,DAVIS
879,110298,132.0,377.9400083717533,2.863181881604192,912.0,13.0,655.0,244.0,972.7314008424256,7.0,6.0,359.0,296.0,27.0,29.0,9.0,179.0,0.9991007194244604,46.72,0.0,13.01230012300123,69182,0,0,0,11,DAVIS
880,110299,449.0,1409.2678278268768,3.138681131017543,790.0,270.0,36.0,484.0,833.0406850222348,102.0,168.0,34.0,2.0,157.0,2.0,22.0,303.0,0.0,0.0,0.0,43.04068502223484,69182,0,0,0,11,DAVIS
881,110300,0.0,0.0,0.0,1881.0,59.0,1083.0,739.0,1881.0,35.0,24.0,578.0,505.0,50.0,34.0,6.0,649.0,0.0,0.0,0.0,0.0,69182,0,0,0,11,DAVIS
882,110301,0.0,0.0,0.0,913.0,1.0,834.0,78.0,913.0,0.0,1.0,618.0,216.0,10.0,33.0,0.0,35.0,0.0,0.0,0.0,0.0,69182,0,0,0,11,DAVIS
883,110302,486.0,1448.770032091721,2.981008296485023,126.0,58.0,28.0,40.0,308.0240560057167,54.0,4.0,4.0,24.0,10.0,4.0,1.0,25.0,0.0,0.0,135.98053249355854,46.0435235121582,58205,0,0,0,11,DAVIS
884,110303,545.0,1582.2234248783573,2.903162247483224,106.0,8.0,12.0,86.0,202.0429021810974,8.0,0.0,8.0,4.0,83.0,0.0,0.0,3.0,0.0,0.0,43.993701689092475,52.04920049200492,46701,727,0,0,11,DAVIS
885,110304,210.0,596.8035725418365,2.841921774008745,128.0,11.0,15.0,102.0,148.01892326615575,11.0,0.0,7.0,8.0,11.0,62.0,2.0,27.0,0.0,0.0,0.0,20.01892326615574,46701,470,0,0,11,DAVIS
886,110305,375.0,1062.289006581623,2.832770684217661,0.0,0.0,0.0,0.0,36.03406187908033,0.0,0.0,0.0,0.0,0.0,0.0,0.0,0.0,0.0,0.0,0.0,36.03406187908033,106785,0,0,0,11,DAVIS
887,110306,321.0,1082.5739222851917,3.3725044307949896,6.0,1.0,0.0,5.0,36.02838489923361,1.0,0.0,0.0,0.0,1.0,0.0,1.0,3.0,0.0,0.0,0.0,30.028384899233608,152415,0,0,0,11,DAVIS
888,110307,0.0,0.0,0.0,301.0,0.0,176.0,125.0,301.0,0.0,0.0,108.0,68.0,50.0,35.0,0.0,40.0,0.0,0.0,0.0,0.0,69182,812,305,0,11,DAVIS
889,110308,0.0,0.0,0.0,117.0,0.0,116.0,1.0,117.0,0.0,0.0,46.0,70.0,1.0,0.0,0.0,0.0,0.0,0.0,0.0,0.0,69182,0,0,0,11,DAVIS
890,110309,0.0,0.0,0.0,706.0,23.0,539.0,144.0,706.0,23.0,0.0,440.0,99.0,4.0,62.0,0.0,78.0,0.0,0.0,0.0,0.0,69182,0,0,0,11,DAVIS
891,110310,448.0,1390.0505392656012,3.1027913822892885,284.0,46.0,33.0,205.0,326.0397388589271,27.0,19.0,8.0,25.0,12.0,54.0,1.0,138.0,0.0,0.0,0.0,42.03973885892705,59059,0,0,0,11,DAVIS
892,110311,590.0,1939.8785175465416,3.2879296907568505,98.0,0.0,0.0,98.0,154.05298514523608,0.0,0.0,0.0,0.0,26.0,4.0,9.0,59.0,0.0,0.0,0.0,56.05298514523607,128611,0,0,0,11,DAVIS
893,110312,0.0,0.0,0.0,590.0,4.0,429.0,157.0,590.0,4.0,0.0,407.0,22.0,50.0,4.0,30.0,73.0,0.0,0.0,0.0,0.0,69182,0,0,0,11,DAVIS
894,110313,708.0,2189.7032688431245,3.0928012271795544,22.0,21.0,0.0,1.0,122.93539294162173,21.0,0.0,0.0,0.0,1.0,0.0,0.0,0.0,0.0,33.872,0.0,67.06339294162173,98984,0,0,0,11,DAVIS
895,110314,275.0,858.3722224036431,3.121353536013248,61.0,0.0,0.0,61.0,87.02460024600246,0.0,0.0,0.0,0.0,2.0,2.0,1.0,56.0,0.0,0.0,0.0,26.02460024600246,153599,0,0,0,11,DAVIS
896,110315,335.0,1038.801209451175,3.100899132690075,53.0,0.0,0.0,53.0,206.01295687085346,0.0,0.0,0.0,0.0,2.0,0.0,6.0,45.0,0.0,0.0,120.9826796450043,32.03027722584918,153518,0,0,0,11,DAVIS
897,110316,0.0,0.0,0.0,4.0,0.0,0.0,4.0,4.0,0.0,0.0,0.0,0.0,1.0,0.0,0.0,3.0,0.0,0.0,0.0,0.0,65562,0,0,0,11,DAVIS
898,110317,0.0,0.0,0.0,0.0,0.0,0.0,0.0,5.994604316546763,0.0,0.0,0.0,0.0,0.0,0.0,0.0,0.0,5.994604316546763,0.0,0.0,0.0,91175,0,0,0,11,DAVIS
899,110318,0.0,0.0,0.0,0.0,0.0,0.0,0.0,23.97841726618705,0.0,0.0,0.0,0.0,0.0,0.0,0.0,0.0,23.97841726618705,0.0,0.0,0.0,77899,0,0,0,11,DAVIS
900,110319,0.0,0.0,0.0,0.0,0.0,0.0,0.0,0.0,0.0,0.0,0.0,0.0,0.0,0.0,0.0,0.0,0.0,0.0,0.0,0.0,77899,0,0,0,11,DAVIS
901,110320,0.0,0.0,0.0,0.0,0.0,0.0,0.0,0.0,0.0,0.0,0.0,0.0,0.0,0.0,0.0,0.0,0.0,0.0,0.0,0.0,101962,0,0,0,11,DAVIS
902,110321,0.0,0.0,0.0,0.0,0.0,0.0,0.0,0.0,0.0,0.0,0.0,0.0,0.0,0.0,0.0,0.0,0.0,0.0,0.0,0.0,86612,0,0,0,11,DAVIS
903,110322,0.0,0.0,0.0,0.0,0.0,0.0,0.0,0.0,0.0,0.0,0.0,0.0,0.0,0.0,0.0,0.0,0.0,0.0,0.0,0.0,92898,0,0,0,11,DAVIS
904,110323,0.0,0.0,0.0,0.0,0.0,0.0,0.0,0.0,0.0,0.0,0.0,0.0,0.0,0.0,0.0,0.0,0.0,0.0,0.0,0.0,91692,0,0,0,11,DAVIS
905,110324,0.0,0.0,0.0,0.0,0.0,0.0,0.0,0.0,0.0,0.0,0.0,0.0,0.0,0.0,0.0,0.0,0.0,0.0,0.0,0.0,130534,0,0,0,11,DAVIS
906,350001,0.0,0.0,0.0,0.0,0.0,0.0,0.0,0.0,0.0,0.0,0.0,0.0,0.0,0.0,0.0,0.0,0.0,0.0,0.0,0.0,45129,0,0,0,35,SALT LAKE
907,350002,0.0,0.0,0.0,337.0,1.0,125.0,211.0,337.0,1.0,0.0,34.0,91.0,0.0,197.0,0.0,14.0,0.0,0.0,0.0,0.0,45129,0,0,0,35,SALT LAKE
908,350003,0.0,0.0,0.0,101.0,1.0,50.0,50.0,101.0,1.0,0.0,8.0,42.0,0.0,34.0,0.0,16.0,0.0,0.0,0.0,0.0,45129,0,0,0,35,SALT LAKE
909,350004,0.0,0.0,0.0,109.0,1.0,78.0,30.0,109.0,1.0,0.0,52.0,26.0,0.0,29.0,0.0,1.0,0.0,0.0,0.0,0.0,45129,0,0,0,35,SALT LAKE
910,350005,0.0,0.0,0.0,0.0,0.0,0.0,0.0,0.0,0.0,0.0,0.0,0.0,0.0,0.0,0.0,0.0,0.0,0.0,0.0,0.0,79063,0,0,0,35,SALT LAKE
911,350006,0.0,0.0,0.0,373.0,2.0,111.0,260.0,373.0,1.0,1.0,25.0,86.0,1.0,238.0,0.0,21.0,0.0,0.0,0.0,0.0,79063,0,0,0,35,SALT LAKE
912,350007,0.0,0.0,0.0,0.0,0.0,0.0,0.0,0.0,0.0,0.0,0.0,0.0,0.0,0.0,0.0,0.0,0.0,0.0,0.0,0.0,79063,0,0,0,35,SALT LAKE
913,350008,0.0,0.0,0.0,0.0,0.0,0.0,0.0,0.0,0.0,0.0,0.0,0.0,0.0,0.0,0.0,0.0,0.0,0.0,0.0,0.0,79063,0,0,0,35,SALT LAKE
914,350009,0.0,0.0,0.0,0.0,0.0,0.0,0.0,0.0,0.0,0.0,0.0,0.0,0.0,0.0,0.0,0.0,0.0,0.0,0.0,0.0,79063,0,0,0,35,SALT LAKE
915,350010,0.0,0.0,0.0,0.0,0.0,0.0,0.0,0.0,0.0,0.0,0.0,0.0,0.0,0.0,0.0,0.0,0.0,0.0,0.0,0.0,79063,0,0,0,35,SALT LAKE
916,350011,0.0,0.0,0.0,0.0,0.0,0.0,0.0,0.0,0.0,0.0,0.0,0.0,0.0,0.0,0.0,0.0,0.0,0.0,0.0,0.0,79063,0,0,0,35,SALT LAKE
917,350012,0.0,0.0,0.0,0.0,0.0,0.0,0.0,0.0,0.0,0.0,0.0,0.0,0.0,0.0,0.0,0.0,0.0,0.0,0.0,0.0,79063,0,0,0,35,SALT LAKE
918,350013,0.0,0.0,0.0,0.0,0.0,0.0,0.0,0.0,0.0,0.0,0.0,0.0,0.0,0.0,0.0,0.0,0.0,0.0,0.0,0.0,79063,0,0,0,35,SALT LAKE
919,350014,0.0,0.0,0.0,0.0,0.0,0.0,0.0,0.0,0.0,0.0,0.0,0.0,0.0,0.0,0.0,0.0,0.0,0.0,0.0,0.0,79063,0,0,0,35,SALT LAKE
920,350015,0.0,0.0,0.0,0.0,0.0,0.0,0.0,0.0,0.0,0.0,0.0,0.0,0.0,0.0,0.0,0.0,0.0,0.0,0.0,0.0,79063,0,0,0,35,SALT LAKE
921,350016,0.0,0.0,0.0,0.0,0.0,0.0,0.0,15.02013422818792,0.0,0.0,0.0,0.0,0.0,0.0,0.0,0.0,15.02013422818792,0.0,0.0,0.0,79063,0,0,0,35,SALT LAKE
922,350017,0.0,0.0,0.0,6.0,4.0,2.0,0.0,122.00664096790197,4.0,0.0,0.0,2.0,0.0,0.0,0.0,0.0,0.0,0.0,116.00664096790197,0.0,79063,0,0,0,35,SALT LAKE
923,350018,0.0,0.0,0.0,0.0,0.0,0.0,0.0,4.005369127516778,0.0,0.0,0.0,0.0,0.0,0.0,0.0,0.0,4.005369127516778,0.0,0.0,0.0,79063,0,0,0,35,SALT LAKE
924,350019,0.0,0.0,0.0,2.0,0.0,1.0,1.0,1388.7158530599313,0.0,0.0,0.0,1.0,0.0,0.0,0.0,1.0,0.0,1386.7158530599313,0.0,0.0,76192,0,0,0,35,SALT LAKE
925,350020,0.0,0.0,0.0,0.0,0.0,0.0,0.0,342.81044274212303,0.0,0.0,0.0,0.0,0.0,0.0,0.0,0.0,0.0,342.81044274212303,0.0,0.0,76192,0,0,0,35,SALT LAKE
926,350021,272.0,964.4347744072916,3.5457160823797484,185.0,1.0,43.0,141.0,418.990913072946,1.0,0.0,0.0,43.0,2.0,8.0,0.0,131.0,0.0,0.0,195.0111636960421,38.979749376903904,76192,0,0,0,35,SALT LAKE
927,350022,0.0,0.0,0.0,194.0,98.0,82.0,14.0,5728.316819968703,98.0,0.0,1.0,81.0,2.0,1.0,0.0,11.0,0.0,0.0,5534.316819968703,0.0,76192,0,0,0,35,SALT LAKE
928,350023,0.0,0.0,0.0,45.0,0.0,8.0,37.0,45.0,0.0,0.0,0.0,8.0,0.0,3.0,0.0,34.0,0.0,0.0,0.0,0.0,76192,0,0,0,35,SALT LAKE
929,350024,0.0,0.0,0.0,0.0,0.0,0.0,0.0,48.06442953020134,0.0,0.0,0.0,0.0,0.0,0.0,0.0,0.0,48.06442953020134,0.0,0.0,0.0,76192,0,0,0,35,SALT LAKE
930,350025,0.0,0.0,0.0,128.0,4.0,82.0,42.0,128.0,4.0,0.0,0.0,82.0,0.0,4.0,0.0,38.0,0.0,0.0,0.0,0.0,76192,0,0,0,35,SALT LAKE
931,350026,0.0,0.0,0.0,10.0,8.0,1.0,1.0,274.0626601167177,8.0,0.0,0.0,1.0,0.0,0.0,0.0,1.0,37.0496644295302,0.0,227.0129956871875,0.0,102017,0,0,0,35,SALT LAKE
932,350027,1.0,7.251389281257832,7.251389281257832,0.0,0.0,0.0,0.0,49.06577181208053,0.0,0.0,0.0,0.0,0.0,0.0,0.0,0.0,49.06577181208053,0.0,0.0,0.0,102017,0,0,0,35,SALT LAKE
933,350028,195.0,623.6194781881735,3.1980486060931974,0.0,0.0,0.0,0.0,119.02665171629539,0.0,0.0,0.0,0.0,0.0,0.0,0.0,0.0,28.037583892617448,0.0,63.003606732567455,27.98546109111049,102017,0,0,0,35,SALT LAKE
934,350029,144.0,504.489511424652,3.5033993848934166,0.0,0.0,0.0,0.0,22.99178038209126,0.0,0.0,0.0,0.0,0.0,0.0,0.0,0.0,2.002684563758389,0.0,0.0,20.98909581833287,102017,0,0,0,35,SALT LAKE
935,350030,0.0,0.0,0.0,0.0,0.0,0.0,0.0,0.0,0.0,0.0,0.0,0.0,0.0,0.0,0.0,0.0,0.0,0.0,0.0,0.0,102017,0,0,0,35,SALT LAKE
936,350031,70.0,244.47541005383547,3.4925058579119352,0.0,0.0,0.0,0.0,9.994807532539465,0.0,0.0,0.0,0.0,0.0,0.0,0.0,0.0,0.0,0.0,0.0,9.994807532539465,104129,0,0,0,35,SALT LAKE
937,350032,0.0,0.0,0.0,0.0,0.0,0.0,0.0,0.0,0.0,0.0,0.0,0.0,0.0,0.0,0.0,0.0,0.0,0.0,0.0,0.0,105293,0,0,0,35,SALT LAKE
938,350033,46.0,138.8123090983642,3.0176588934427,0.0,0.0,0.0,0.0,6.996365272777624,0.0,0.0,0.0,0.0,0.0,0.0,0.0,0.0,0.0,0.0,0.0,6.996365272777624,103174,0,0,0,35,SALT LAKE
939,350034,41.0,113.9504029911945,2.7792781217364517,422.0,3.0,349.0,70.0,450.02641472086594,3.0,0.0,1.0,348.0,0.0,15.0,0.0,55.0,22.029530201342283,0.0,0.0,5.996884519523677,64798,0,0,0,35,SALT LAKE
940,350035,0.0,0.0,0.0,14.0,0.0,0.0,14.0,14.0,0.0,0.0,0.0,0.0,0.0,14.0,0.0,0.0,0.0,0.0,0.0,0.0,56502,0,0,0,35,SALT LAKE
941,350036,237.0,770.719089322261,3.2519792798407634,97.0,0.0,0.0,97.0,131.98368789251336,0.0,0.0,0.0,0.0,0.0,90.0,1.0,6.0,1.0013422818791946,0.0,0.0,33.98234561063417,64725,0,723,0,35,SALT LAKE
942,350037,0.0,0.0,0.0,0.0,0.0,0.0,0.0,0.0,0.0,0.0,0.0,0.0,0.0,0.0,0.0,0.0,0.0,0.0,0.0,0.0,45129,0,0,0,35,SALT LAKE
943,350038,0.0,0.0,0.0,18.0,8.0,6.0,4.0,501.1188888994195,8.0,0.0,0.0,6.0,0.0,0.0,0.0,4.0,71.09530201342282,0.0,412.0235868859967,0.0,45129,0,0,0,35,SALT LAKE
944,350039,0.0,0.0,0.0,619.0,28.0,134.0,457.0,619.0,28.0,0.0,16.0,118.0,36.0,183.0,0.0,238.0,0.0,0.0,0.0,0.0,64798,0,0,0,35,SALT LAKE
945,350040,0.0,0.0,0.0,171.0,0.0,162.0,9.0,171.0,0.0,0.0,132.0,30.0,2.0,4.0,0.0,3.0,0.0,0.0,0.0,0.0,64798,0,0,0,35,SALT LAKE
946,350041,0.0,0.0,0.0,314.0,35.0,230.0,49.0,321.1418842230507,35.0,0.0,46.0,184.0,4.0,17.0,0.0,28.0,0.0,7.141884223050705,0.0,0.0,116535,0,0,0,35,SALT LAKE
947,350042,0.0,0.0,0.0,1876.0,0.0,739.0,1137.0,1876.0,0.0,0.0,0.0,739.0,5.0,28.0,0.0,1104.0,0.0,0.0,0.0,0.0,56502,0,0,0,35,SALT LAKE
948,350043,6.0,10.359127544654044,1.726521257442341,573.0,77.0,73.0,423.0,575.0008230351331,77.0,0.0,5.0,68.0,0.0,91.0,0.0,332.0,1.0013422818791946,0.0,0.0,0.9994807532539464,64798,0,0,0,35,SALT LAKE
949,350044,40.0,87.01667137509398,2.175416784377349,593.0,56.0,344.0,193.0,598.9968845195236,27.0,29.0,2.0,342.0,64.0,28.0,0.0,101.0,0.0,0.0,0.0,5.996884519523677,52447,0,0,0,35,SALT LAKE
950,350045,0.0,0.0,0.0,17.0,2.0,6.0,9.0,465.04235329406197,2.0,0.0,6.0,0.0,0.0,9.0,0.0,0.0,13.01744966442953,0.0,435.02490362963243,0.0,56502,0,0,0,35,SALT LAKE
951,350046,1302.0,5060.433805563501,3.886661909034947,13.0,3.0,0.0,10.0,198.903420105234,3.0,0.0,0.0,0.0,0.0,8.0,0.0,2.0,0.0,0.0,0.0,185.903420105234,64689,487,0,0,35,SALT LAKE
952,350047,147.0,494.130383879998,3.361431182857129,81.0,11.0,13.0,57.0,101.98909581833287,3.0,8.0,0.0,13.0,0.0,12.0,0.0,45.0,0.0,0.0,0.0,20.98909581833287,30068,0,0,0,35,SALT LAKE
953,350048,0.0,0.0,0.0,0.0,0.0,0.0,0.0,0.0,0.0,0.0,0.0,0.0,0.0,0.0,0.0,0.0,0.0,0.0,0.0,0.0,64798,285,0,0,35,SALT LAKE
954,350049,0.0,0.0,0.0,0.0,0.0,0.0,0.0,0.0,0.0,0.0,0.0,0.0,0.0,0.0,0.0,0.0,0.0,0.0,0.0,0.0,45129,0,0,0,35,SALT LAKE
955,350050,0.0,0.0,0.0,27.0,8.0,16.0,3.0,396.0211251478951,7.0,1.0,0.0,16.0,0.0,0.0,0.0,3.0,0.0,0.0,369.0211251478951,0.0,45129,0,0,0,35,SALT LAKE
956,350051,0.0,0.0,0.0,8.0,4.0,2.0,2.0,241.07630576116642,4.0,0.0,0.0,2.0,0.0,0.0,0.0,2.0,49.06577181208053,0.0,184.0105339490859,0.0,45129,0,0,0,35,SALT LAKE
957,350052,0.0,0.0,0.0,11.0,2.0,9.0,0.0,293.01999951843635,2.0,0.0,3.0,6.0,0.0,0.0,0.0,0.0,3.004026845637584,0.0,279.01597267279874,0.0,45129,0,0,0,35,SALT LAKE
958,350053,0.0,0.0,0.0,2362.0,1.0,2153.0,208.0,2381.0255033557046,1.0,0.0,0.0,2153.0,0.0,208.0,0.0,0.0,19.025503355704696,0.0,0.0,0.0,56502,0,0,0,35,SALT LAKE
959,350054,0.0,0.0,0.0,1279.0,15.0,786.0,478.0,1279.0,0.0,15.0,466.0,320.0,154.0,275.0,19.0,30.0,0.0,0.0,0.0,0.0,56502,0,0,0,35,SALT LAKE
960,350055,609.0,2425.071758203512,3.982055432189675,1062.0,436.0,181.0,445.0,1148.9548255330933,411.0,25.0,4.0,177.0,3.0,197.0,0.0,245.0,0.0,0.0,0.0,86.95482553309333,53594,702,91,0,35,SALT LAKE
961,350056,648.0,1968.2342334842683,3.037398508463377,56.0,2.0,0.0,54.0,148.951710052617,0.0,2.0,0.0,0.0,1.0,45.0,5.0,3.0,0.0,0.0,0.0,92.951710052617,61390,337,232,160,35,SALT LAKE
962,350057,444.0,1253.4544329031396,2.8230955696016657,59.0,2.0,0.0,57.0,121.96728745499861,0.0,2.0,0.0,0.0,0.0,1.0,16.0,40.0,0.0,0.0,0.0,62.96728745499861,64537,0,0,0,35,SALT LAKE
963,350058,0.0,0.0,0.0,2279.0,131.0,1344.0,804.0,2283.0002289988934,101.0,30.0,516.0,828.0,372.0,390.0,0.0,42.0,0.0,0.0,4.000228998893172,0.0,52447,0,0,0,35,SALT LAKE
964,350059,507.0,1259.669909429932,2.484556034378564,0.0,0.0,0.0,0.0,88.96358747958011,0.0,0.0,0.0,0.0,0.0,0.0,0.0,0.0,0.0,0.0,17.00097324529598,71.96261423428413,116535,0,0,0,35,SALT LAKE
965,350060,0.0,0.0,0.0,9445.0,876.0,6782.0,1787.0,9445.0,168.0,708.0,0.0,6782.0,121.0,739.0,4.0,923.0,0.0,0.0,0.0,0.0,56502,0,0,0,35,SALT LAKE
966,350061,199.0,671.2714648935821,3.373223441676292,32.0,14.0,0.0,18.0,59.985461091110494,10.0,4.0,0.0,0.0,10.0,0.0,8.0,0.0,0.0,0.0,0.0,27.98546109111049,30068,0,0,0,35,SALT LAKE
967,350062,339.0,1036.94866721987,3.058845626017316,82.0,9.0,0.0,73.0,129.9750761561894,0.0,9.0,0.0,0.0,9.0,39.0,25.0,0.0,0.0,0.0,0.0,47.97507615618942,48811,0,0,0,35,SALT LAKE
968,350063,424.0,1205.802446197731,2.843873693862573,24.0,17.0,0.0,7.0,84.96832594849073,0.0,17.0,0.0,0.0,0.0,1.0,0.0,6.0,0.0,0.0,0.0,60.96832594849072,49071,0,0,0,35,SALT LAKE
969,350064,337.0,1006.9071973403732,2.9878551849862705,0.0,0.0,0.0,0.0,47.97507615618942,0.0,0.0,0.0,0.0,0.0,0.0,0.0,0.0,0.0,0.0,0.0,47.97507615618942,81295,326,0,0,35,SALT LAKE
970,350065,692.0,1950.623716658357,2.818820399795313,47.0,4.0,1.0,42.0,145.94859457214068,4.0,0.0,0.0,1.0,0.0,1.0,0.0,41.0,0.0,0.0,0.0,98.94859457214068,45921,0,0,0,35,SALT LAKE
971,350066,484.0,940.6087810545872,1.9434065724268328,280.0,8.0,56.0,216.0,348.9641719745223,8.0,0.0,32.0,24.0,19.0,14.0,1.0,182.0,0.0,0.0,0.0,68.96417197452229,59977,0,0,0,35,SALT LAKE
972,350067,192.0,414.3651017861618,2.158151571802926,744.0,46.0,114.0,584.0,770.9859803378565,31.0,15.0,83.0,31.0,136.0,29.0,190.0,229.0,0.0,0.0,0.0,26.98598033785655,52447,0,0,0,35,SALT LAKE
973,350068,650.0,1132.2526406306872,1.7419271394318263,0.0,0.0,0.0,0.0,92.951710052617,0.0,0.0,0.0,0.0,0.0,0.0,0.0,0.0,0.0,0.0,0.0,92.951710052617,60090,0,0,0,35,SALT LAKE
974,350069,754.0,1974.4497100110607,2.6186335676539274,55.0,7.0,0.0,48.0,162.94392135142618,0.0,7.0,0.0,0.0,19.0,15.0,3.0,11.0,0.0,0.0,0.0,107.9439213514262,171320,349,0,0,35,SALT LAKE
975,350070,0.0,0.0,0.0,0.0,0.0,0.0,0.0,0.0,0.0,0.0,0.0,0.0,0.0,0.0,0.0,0.0,0.0,0.0,0.0,0.0,45129,0,0,0,35,SALT LAKE
976,350071,0.0,0.0,0.0,0.0,0.0,0.0,0.0,0.0,0.0,0.0,0.0,0.0,0.0,0.0,0.0,0.0,0.0,0.0,0.0,0.0,45129,0,0,0,35,SALT LAKE
977,350072,0.0,0.0,0.0,2850.0,18.0,2596.0,236.0,2851.0013422818793,14.0,4.0,2272.0,324.0,15.0,201.0,0.0,20.0,1.0013422818791946,0.0,0.0,0.0,45129,0,0,0,35,SALT LAKE
978,350073,0.0,0.0,0.0,14508.0,816.0,3973.0,9719.0,14508.0,228.0,588.0,2701.0,1272.0,2858.0,2461.0,0.0,4400.0,0.0,0.0,0.0,0.0,56502,0,0,0,35,SALT LAKE
979,350074,0.0,0.0,0.0,2874.0,150.0,1613.0,1111.0,2929.944759746487,0.0,150.0,1462.0,151.0,147.0,185.0,174.0,605.0,0.0,55.944759746487,0.0,0.0,56502,0,0,0,35,SALT LAKE
980,350075,656.0,2061.466381386155,3.142479239917919,130.0,72.0,2.0,56.0,283.95462578926856,12.0,60.0,2.0,0.0,2.0,5.0,19.0,30.0,0.0,0.0,60.003434983397575,93.95119080587097,38829,0,0,0,35,SALT LAKE
981,350076,493.0,1360.153446613076,2.7589319403916357,157.0,2.0,36.0,119.0,226.96365272777624,2.0,0.0,0.0,36.0,5.0,6.0,1.0,107.0,0.0,0.0,0.0,69.96365272777624,60653,452,0,0,35,SALT LAKE
982,350077,308.0,892.9567943491787,2.899210371263567,17.0,16.0,0.0,1.0,60.97715314317364,14.0,2.0,0.0,0.0,0.0,0.0,0.0,1.0,0.0,0.0,0.0,43.97715314317364,57237,0,0,0,35,SALT LAKE
983,350078,214.0,623.6194781881735,2.914109711159689,0.0,0.0,0.0,0.0,30.983903350872332,0.0,0.0,0.0,0.0,0.0,0.0,0.0,0.0,0.0,0.0,0.0,30.983903350872332,211467,0,0,0,35,SALT LAKE
984,350079,1423.0,4138.471454089291,2.9082722797535423,2563.0,172.0,67.0,2324.0,4969.020714050966,104.0,68.0,3.0,64.0,64.0,2192.0,4.0,64.0,0.0,0.0,2203.1261211404144,202.8945929105511,40069,410,0,0,35,SALT LAKE
985,350080,572.0,1545.5818296623836,2.7020661357733977,1724.0,102.0,13.0,1609.0,1808.9575935159933,40.0,62.0,0.0,13.0,3.0,1554.0,12.0,40.0,0.0,0.0,3.000171749169879,81.95742176682359,38845,0,0,0,35,SALT LAKE
986,350081,99.0,232.04445700025065,2.3438834040429355,520.0,36.0,55.0,429.0,533.9927305455552,16.0,20.0,5.0,50.0,2.0,106.0,0.0,321.0,0.0,0.0,0.0,13.992730545555249,46352,0,0,0,35,SALT LAKE
987,350082,473.0,1327.0042384701833,2.8055057895775546,0.0,0.0,0.0,0.0,67.96469122126834,0.0,0.0,0.0,0.0,0.0,0.0,0.0,0.0,0.0,0.0,0.0,67.96469122126834,35544,0,0,0,35,SALT LAKE
988,350083,132.0,332.52799418339487,2.5191514710863245,406.0,181.0,1.0,224.0,436.9908213085045,89.0,92.0,1.0,0.0,3.0,45.0,0.0,176.0,0.0,0.0,12.000686996679516,18.990134311824978,46352,434,0,0,35,SALT LAKE
989,350084,393.0,1098.0675197333287,2.7940649357082155,60.0,0.0,2.0,58.0,115.97092218222099,0.0,0.0,0.0,2.0,8.0,4.0,46.0,0.0,0.0,0.0,0.0,55.97092218222099,34137,0,0,0,35,SALT LAKE
990,350085,356.0,826.6583780633928,2.3220740956836874,367.0,110.0,37.0,220.0,417.9735184159513,103.0,7.0,17.0,20.0,30.0,15.0,139.0,36.0,0.0,0.0,0.0,50.97351841595126,51230,0,0,0,35,SALT LAKE
991,350086,320.0,743.7853577061604,2.3243292428317512,333.0,1.0,271.0,61.0,378.9761146496815,1.0,0.0,4.0,267.0,5.0,3.0,16.0,37.0,0.0,0.0,0.0,45.97611464968153,51326,0,0,0,35,SALT LAKE
992,350087,949.0,2167.1294823416265,2.2835927105812712,787.0,126.0,57.0,604.0,922.9293824425367,122.0,4.0,42.0,15.0,352.0,91.0,7.0,154.0,0.0,0.0,0.0,135.92938244253668,51230,0,0,0,35,SALT LAKE
993,350088,92.0,214.43394017433877,2.3308036975471604,242.0,38.0,185.0,19.0,254.9932497923013,38.0,0.0,58.0,127.0,9.0,3.0,1.0,6.0,0.0,0.0,0.0,12.9932497923013,51230,0,0,0,35,SALT LAKE
994,350089,378.0,823.5506397999966,2.1787053962962872,377.0,14.0,20.0,343.0,456.9734491685187,12.0,2.0,13.0,7.0,7.0,251.0,11.0,74.0,0.0,0.0,26.001488492805617,53.9719606757131,51390,0,948,1903,35,SALT LAKE
995,350090,1096.0,2014.850307435212,1.838367068827748,102.0,64.0,0.0,38.0,257.9189975076156,23.0,41.0,0.0,0.0,8.0,0.0,9.0,21.0,0.0,0.0,0.0,155.9189975076156,48532,0,0,0,35,SALT LAKE
996,350091,431.0,751.0367469874183,1.7425446565833371,274.0,6.0,2.0,266.0,335.9678067017447,6.0,0.0,0.0,2.0,84.0,66.0,8.0,108.0,0.0,0.0,0.0,61.96780670174467,27015,262,0,0,35,SALT LAKE
997,350092,477.0,900.2081836304366,1.887228896499867,0.0,0.0,0.0,0.0,67.96469122126834,0.0,0.0,0.0,0.0,0.0,0.0,0.0,0.0,0.0,0.0,0.0,67.96469122126834,66900,0,0,0,35,SALT LAKE
998,350093,448.0,848.4125459071663,1.8937780042570675,159.0,2.0,46.0,111.0,222.96676820825257,0.0,2.0,0.0,46.0,45.0,0.0,0.0,66.0,0.0,0.0,0.0,63.96676820825256,54299,0,0,0,35,SALT LAKE
999,350094,0.0,0.0,0.0,2090.0,54.0,0.0,2036.0,2090.0,21.0,33.0,0.0,0.0,1.0,1643.0,1.0,391.0,0.0,0.0,0.0,0.0,66900,0,0,0,35,SALT LAKE
1000,350095,253.0,535.5668940586141,2.116865193907566,1977.0,35.0,3.0,1939.0,2012.981307117142,1.0,34.0,0.0,3.0,58.0,192.0,1681.0,8.0,0.0,0.0,0.0,35.981307117142066,100099,0,0,0,35,SALT LAKE
1001,350096,515.0,843.2329821348393,1.6373455963783288,341.0,171.0,0.0,170.0,414.961575740792,167.0,4.0,0.0,0.0,5.0,46.0,1.0,118.0,0.0,0.0,0.0,73.96157574079203,58481,0,0,0,35,SALT LAKE
1002,350097,410.0,877.4181030321977,2.140044153737068,0.0,0.0,0.0,0.0,60.969478941429415,0.0,0.0,0.0,0.0,0.0,0.0,0.0,0.0,0.0,0.0,2.000114499446586,58.969364441982826,100099,0,0,0,35,SALT LAKE
1003,350098,606.0,1173.689150809303,1.9367807769130416,16.0,5.0,0.0,11.0,102.95482553309333,5.0,0.0,0.0,0.0,4.0,0.0,4.0,3.0,0.0,0.0,0.0,86.95482553309333,45319,0,0,0,35,SALT LAKE
1004,350099,382.0,806.9760357285502,2.1125027113312838,22.0,10.0,0.0,12.0,76.97144142896704,1.0,9.0,0.0,0.0,10.0,0.0,1.0,1.0,0.0,0.0,0.0,54.97144142896705,79338,0,0,0,35,SALT LAKE
1005,350100,35.0,58.011114250062654,1.6574604071446473,0.0,0.0,0.0,0.0,4.997403766269732,0.0,0.0,0.0,0.0,0.0,0.0,0.0,0.0,0.0,0.0,0.0,4.997403766269732,131360,0,0,0,35,SALT LAKE
1006,350101,336.0,927.1419152465372,2.7593509382337413,312.0,3.0,10.0,299.0,359.9750761561894,0.0,3.0,0.0,10.0,5.0,4.0,220.0,70.0,0.0,0.0,0.0,47.97507615618942,183906,0,0,0,35,SALT LAKE
1007,350102,0.0,0.0,0.0,12773.0,7.0,4.0,12762.0,12773.0,0.0,7.0,1.0,3.0,1097.0,460.0,11163.0,42.0,0.0,0.0,0.0,0.0,22017,0,0,0,35,SALT LAKE
1008,350103,0.0,0.0,0.0,0.0,0.0,0.0,0.0,0.0,0.0,0.0,0.0,0.0,0.0,0.0,0.0,0.0,0.0,0.0,0.0,0.0,45129,0,0,0,35,SALT LAKE
1009,350104,0.0,0.0,0.0,1.0,0.0,0.0,1.0,109.00618297011563,0.0,0.0,0.0,0.0,0.0,1.0,0.0,0.0,0.0,0.0,108.00618297011563,0.0,45129,0,0,0,35,SALT LAKE
1010,350105,0.0,0.0,0.0,13.0,3.0,10.0,0.0,206.01104919659554,3.0,0.0,2.0,8.0,0.0,0.0,0.0,0.0,0.0,0.0,193.01104919659554,0.0,45129,0,0,0,35,SALT LAKE
1011,350106,1.0,1.0,1.0,2246.0,16.0,1103.0,1127.0,2252.008053691275,6.0,10.0,106.0,997.0,104.0,462.0,0.0,561.0,6.008053691275167,0.0,0.0,0.0,69745,0,0,0,35,SALT LAKE
1012,350107,0.0,0.0,0.0,488.0,4.0,135.0,349.0,619.0074997137514,4.0,0.0,48.0,87.0,39.0,119.0,0.0,191.0,0.0,0.0,131.00749971375137,0.0,69745,0,0,0,35,SALT LAKE
1013,350108,0.0,0.0,0.0,0.0,0.0,0.0,0.0,0.0,0.0,0.0,0.0,0.0,0.0,0.0,0.0,0.0,0.0,0.0,0.0,0.0,56502,0,0,0,35,SALT LAKE
1014,350109,0.0,0.0,0.0,0.0,0.0,0.0,0.0,0.0,0.0,0.0,0.0,0.0,0.0,0.0,0.0,0.0,0.0,0.0,0.0,0.0,56502,0,0,0,35,SALT LAKE
1015,350110,0.0,0.0,0.0,10.0,0.0,0.0,10.0,10.0,0.0,0.0,0.0,0.0,0.0,0.0,0.0,10.0,0.0,0.0,0.0,0.0,56502,0,0,0,35,SALT LAKE
1016,350111,448.0,1273.1367752379822,2.841823159013353,622.0,94.0,226.0,302.0,685.9667682082526,45.0,49.0,108.0,118.0,66.0,83.0,7.0,146.0,0.0,0.0,0.0,63.96676820825256,38960,0,0,0,35,SALT LAKE
1017,350112,0.0,0.0,0.0,1862.0,98.0,520.0,1244.0,1967.0060112209458,48.0,50.0,7.0,513.0,152.0,498.0,0.0,594.0,0.0,0.0,105.00601122094575,0.0,35043,0,0,0,35,SALT LAKE
1018,350113,4.0,6.0,1.5,243.0,1.0,138.0,104.0,243.99948075325395,1.0,0.0,64.0,74.0,3.0,22.0,0.0,79.0,0.0,0.0,0.0,0.9994807532539464,35043,0,0,0,35,SALT LAKE
1019,350114,98.0,304.5583498128289,3.107738263396213,1470.0,59.0,495.0,916.0,1483.9927305455553,47.0,12.0,24.0,471.0,459.0,329.0,0.0,128.0,0.0,0.0,0.0,13.992730545555249,32095,0,0,0,35,SALT LAKE
1020,350115,32.0,92.196235147421,2.8811323483569065,438.0,40.0,251.0,147.0,442.9974037662697,21.0,19.0,211.0,40.0,22.0,66.0,0.0,59.0,0.0,0.0,0.0,4.997403766269732,32095,0,0,0,35,SALT LAKE
1021,350116,71.0,224.7930677189928,3.1660995453379264,338.0,23.0,147.0,168.0,347.9948075325395,16.0,7.0,13.0,134.0,35.0,11.0,77.0,45.0,0.0,0.0,0.0,9.994807532539465,32095,0,0,0,35,SALT LAKE
1022,350117,102.0,301.4506115494327,2.9553981524454187,465.0,180.0,40.0,245.0,479.9922112988092,50.0,130.0,20.0,20.0,36.0,41.0,18.0,150.0,0.0,0.0,0.0,14.992211298809194,32095,0,0,0,35,SALT LAKE
1023,350118,111.0,250.6908865806279,2.2584764556813326,518.0,0.0,386.0,132.0,1098.0239808960005,0.0,0.0,48.0,338.0,3.0,17.0,0.0,112.0,0.0,0.0,564.0322888439372,15.99169205206314,42543,0,0,0,35,SALT LAKE
1024,350119,146.0,335.63573244679105,2.2988748797725416,425.0,12.0,128.0,285.0,580.9968245309774,0.0,12.0,14.0,114.0,13.0,27.0,0.0,245.0,0.0,0.0,135.00772871264454,20.98909581833287,42543,0,0,0,35,SALT LAKE
1025,350120,794.0,1474.1038496042706,1.8565539667560085,6.0,1.0,2.0,3.0,299.9516873176119,1.0,0.0,0.0,2.0,1.0,0.0,0.0,2.0,0.0,0.0,181.01036219991602,112.94132511769592,42543,0,0,0,35,SALT LAKE
1026,350121,479.0,852.556196925028,1.7798667994259456,314.0,10.0,67.0,237.0,476.9701299449812,0.0,10.0,34.0,33.0,40.0,70.0,1.0,126.0,0.0,0.0,95.00543872371283,67.96469122126834,42543,0,0,0,35,SALT LAKE
1027,350122,424.0,798.6887336928269,1.8836998436151575,11316.0,2123.0,1111.0,8082.0,11393.63272247043,1444.0,679.0,427.0,684.0,2831.0,538.0,912.0,3801.0,0.0,16.664396521938695,0.0,60.96832594849072,42543,0,0,0,35,SALT LAKE
1028,350123,0.0,0.0,0.0,1102.0,162.0,2.0,938.0,1102.0,0.0,162.0,2.0,0.0,29.0,2.0,0.0,907.0,0.0,0.0,0.0,0.0,42543,0,0,0,35,SALT LAKE
1029,350124,0.0,0.0,0.0,1329.0,31.0,72.0,1226.0,1329.0,0.0,31.0,72.0,0.0,830.0,392.0,1.0,3.0,0.0,0.0,0.0,0.0,42543,0,0,0,35,SALT LAKE
1030,350125,24.0,49.72381221433942,2.071825508930809,1026.0,130.0,69.0,827.0,1351.016876670662,0.0,130.0,69.0,0.0,202.0,114.0,0.0,511.0,0.0,0.0,322.01843441090034,2.9984422597618385,42543,0,0,0,35,SALT LAKE
1031,350126,0.0,0.0,0.0,0.0,0.0,0.0,0.0,0.0,0.0,0.0,0.0,0.0,0.0,0.0,0.0,0.0,0.0,0.0,0.0,0.0,42543,0,0,0,35,SALT LAKE
1032,350127,96.0,216.50576568326957,2.2552683925340578,403.0,136.0,0.0,267.0,1777.0705901692336,0.0,136.0,0.0,0.0,0.0,0.0,0.0,267.0,0.0,0.0,1360.0778596236783,13.992730545555249,42543,0,0,0,35,SALT LAKE
1033,350128,0.0,0.0,0.0,645.0,64.0,14.0,567.0,645.0,0.0,64.0,0.0,14.0,317.0,75.0,0.0,175.0,0.0,0.0,0.0,0.0,43489,0,0,0,35,SALT LAKE
1034,350129,370.0,679.5587669293054,1.8366453160251497,3018.0,1134.0,0.0,1884.0,3070.972479922459,798.0,336.0,0.0,0.0,1336.0,35.0,2.0,511.0,0.0,0.0,0.0,52.97247992245915,50921,0,0,0,35,SALT LAKE
1035,350130,19.0,42.47242293308159,2.235390680688505,4970.0,438.0,4.0,4528.0,5196.011208948056,0.0,438.0,3.0,1.0,3874.0,183.0,1.0,470.0,0.0,0.0,223.0127666882943,2.9984422597618385,54475,0,0,0,35,SALT LAKE
1036,350131,268.0,486.8789945987401,1.8167126664132092,5471.0,473.0,0.0,4998.0,5508.98026862365,0.0,473.0,0.0,0.0,4135.0,98.0,0.0,765.0,0.0,0.0,0.0,37.98026862364996,50921,0,0,0,35,SALT LAKE
1037,350132,119.0,194.75159783949604,1.6365680490713954,2068.0,54.0,0.0,2014.0,2084.991172805317,0.0,54.0,0.0,0.0,1186.0,226.0,54.0,548.0,0.0,0.0,0.0,16.991172805317085,50921,0,0,0,35,SALT LAKE
1038,350133,946.0,1687.501877024144,1.7838286226470867,487.0,13.0,0.0,474.0,621.9299016892828,0.0,13.0,0.0,0.0,454.0,6.0,5.0,9.0,0.0,0.0,0.0,134.92990168928276,37315,0,0,0,35,SALT LAKE
1039,350134,621.0,1071.1337881172285,1.7248531209617202,306.0,1.0,0.0,305.0,394.9537870396012,1.0,0.0,0.0,0.0,116.0,51.0,19.0,119.0,0.0,0.0,0.0,88.95378703960121,51794,0,0,0,35,SALT LAKE
1040,350135,5.0,8.287302035723236,1.6574604071446473,713.0,11.0,0.0,702.0,813.0051484758599,9.0,2.0,0.0,0.0,357.0,24.0,15.0,306.0,0.0,0.0,99.00566772260599,0.9994807532539464,39970,0,0,0,35,SALT LAKE
1041,350136,324.0,561.4647129202492,1.732915780618053,711.0,2.0,2.0,707.0,756.9761146496816,0.0,2.0,2.0,0.0,300.0,48.0,84.0,275.0,0.0,0.0,0.0,45.97611464968153,39970,0,0,0,35,SALT LAKE
1042,350137,220.0,376.0363298709418,1.7092560448679175,1172.0,16.0,12.0,1144.0,1202.9839033508724,13.0,3.0,8.0,4.0,222.0,44.0,184.0,694.0,0.0,0.0,0.0,30.983903350872332,25840,0,0,0,35,SALT LAKE
1043,350138,586.0,928.1778280010024,1.5839212081928369,568.0,110.0,4.0,454.0,651.9563832733315,5.0,105.0,4.0,0.0,185.0,28.0,55.0,186.0,0.0,0.0,0.0,83.95638327333148,43385,276,47,0,35,SALT LAKE
1044,350139,169.0,284.87600747798626,1.6856568489821673,3227.0,28.0,11.0,3188.0,3250.9875380780945,0.0,28.0,11.0,0.0,1679.0,409.0,77.0,1023.0,0.0,0.0,0.0,23.98753807809471,25840,0,0,0,35,SALT LAKE
1045,350140,618.0,1224.4488757781082,1.981308860482376,475.0,10.0,3.0,462.0,562.9543062863472,8.0,2.0,3.0,0.0,143.0,17.0,44.0,258.0,0.0,0.0,0.0,87.95430628634728,43554,0,0,0,35,SALT LAKE
1046,350141,476.0,911.603223929556,1.91513282338142,626.0,41.0,37.0,548.0,693.9646912212684,35.0,6.0,20.0,17.0,109.0,62.0,145.0,232.0,0.0,0.0,0.0,67.96469122126834,47503,0,426,0,35,SALT LAKE
1047,350142,435.0,846.3407203982355,1.9456108514901964,96.0,36.0,1.0,59.0,157.96780670174468,9.0,27.0,0.0,1.0,9.0,0.0,19.0,31.0,0.0,0.0,0.0,61.96780670174467,70463,0,0,0,35,SALT LAKE
1048,350143,424.0,846.3407203982355,1.99608660471282,1168.0,94.0,2.0,1072.0,1231.9684976976605,83.0,11.0,1.0,1.0,20.0,9.0,940.0,103.0,0.0,0.0,3.000171749169879,60.96832594849072,41532,0,0,0,35,SALT LAKE
1049,350144,353.0,689.9178944739594,1.9544416274049845,33.0,0.0,0.0,33.0,82.97403766269731,0.0,0.0,0.0,0.0,4.0,8.0,0.0,21.0,0.0,0.0,0.0,49.97403766269731,131360,444,0,0,35,SALT LAKE
1050,350145,375.0,775.898653094588,2.069063074918901,16.0,5.0,0.0,11.0,69.97196067571309,5.0,0.0,0.0,0.0,1.0,0.0,0.0,10.0,0.0,0.0,0.0,53.9719606757131,24327,0,0,0,35,SALT LAKE
1051,350146,0.0,0.0,0.0,22148.0,149.0,2.0,21997.0,22148.0,18.0,131.0,0.0,2.0,25.0,21515.0,135.0,322.0,0.0,0.0,0.0,0.0,22017,0,0,0,35,SALT LAKE
1052,350147,0.0,0.0,0.0,1175.0,436.0,577.0,162.0,1175.0,12.0,424.0,9.0,568.0,7.0,26.0,7.0,122.0,0.0,0.0,0.0,0.0,22017,0,0,0,35,SALT LAKE
1053,350148,0.0,0.0,0.0,64.0,19.0,36.0,9.0,1468.0803786115032,19.0,0.0,0.0,36.0,0.0,0.0,0.0,9.0,0.0,0.0,1404.0803786115032,0.0,45129,0,0,0,35,SALT LAKE
1054,350149,0.0,0.0,0.0,2068.0,0.0,2067.0,1.0,2068.0,0.0,0.0,0.0,2067.0,0.0,1.0,0.0,0.0,0.0,0.0,0.0,0.0,45129,0,0,0,35,SALT LAKE
1055,350150,0.0,0.0,0.0,2054.0,2.0,1627.0,425.0,2054.0,2.0,0.0,59.0,1568.0,2.0,206.0,0.0,217.0,0.0,0.0,0.0,0.0,45129,0,0,0,35,SALT LAKE
1056,350151,0.0,0.0,0.0,1326.0,6.0,689.0,631.0,1331.9515701860244,6.0,0.0,385.0,304.0,34.0,200.0,0.0,397.0,0.0,5.951570186024292,0.0,0.0,69745,0,0,0,35,SALT LAKE
1057,350152,0.0,0.0,0.0,579.0,2.0,447.0,130.0,579.0,2.0,0.0,109.0,338.0,11.0,66.0,0.0,53.0,0.0,0.0,0.0,0.0,69745,0,0,0,35,SALT LAKE
1058,350153,0.0,0.0,0.0,694.0,0.0,416.0,278.0,694.0,0.0,0.0,351.0,65.0,21.0,92.0,0.0,165.0,0.0,0.0,0.0,0.0,69745,0,0,0,35,SALT LAKE
1059,350154,5.0,6.0,1.2,902.0,7.0,190.0,705.0,902.9994807532539,2.0,5.0,50.0,140.0,33.0,65.0,247.0,360.0,0.0,0.0,0.0,0.9994807532539464,69745,0,0,0,35,SALT LAKE
1060,350155,455.0,1504.1453194837677,3.305813888975313,0.0,0.0,0.0,0.0,64.96624896150651,0.0,0.0,0.0,0.0,0.0,0.0,0.0,0.0,0.0,0.0,0.0,64.96624896150651,39712,0,0,0,35,SALT LAKE
1061,350156,420.0,1467.8883730774785,3.494972316851139,317.0,0.0,44.0,273.0,376.9688451952368,0.0,0.0,17.0,27.0,1.0,81.0,92.0,99.0,0.0,0.0,0.0,59.96884519523677,46000,408,0,0,35,SALT LAKE
1062,350157,247.0,877.4181030321977,3.552300012276104,15.0,11.0,0.0,4.0,49.98182636388812,3.0,8.0,0.0,0.0,1.0,1.0,1.0,1.0,0.0,0.0,0.0,34.98182636388812,42301,0,0,0,35,SALT LAKE
1063,350158,236.0,828.7302035723236,3.511568659204761,34.0,0.0,5.0,29.0,67.98234561063417,0.0,0.0,0.0,5.0,1.0,6.0,12.0,10.0,0.0,0.0,0.0,33.98234561063417,50879,0,0,0,35,SALT LAKE
1064,350159,254.0,802.8323847106885,3.160757420120821,292.0,1.0,186.0,105.0,327.9813071171421,1.0,0.0,0.0,186.0,10.0,70.0,1.0,24.0,0.0,0.0,0.0,35.981307117142066,43890,394,0,0,35,SALT LAKE
1065,350160,241.0,458.9093502281742,1.90418817522064,301.0,5.0,43.0,253.0,566.9956275464381,0.0,5.0,30.0,13.0,26.0,16.0,3.0,208.0,0.0,0.0,232.01328193580395,33.98234561063417,42543,0,0,0,35,SALT LAKE
1066,350161,277.0,504.489511424652,1.8212617740962165,2083.0,82.0,83.0,1918.0,2301.989477830627,5.0,77.0,48.0,35.0,524.0,96.0,23.0,1275.0,0.0,0.0,179.01024770046942,39.97923013015785,42543,0,0,0,35,SALT LAKE
1067,350162,174.0,279.69644370565925,1.6074508258945934,5507.0,883.0,815.0,3809.0,5763.000243517429,70.0,813.0,815.0,0.0,1268.0,378.0,42.0,2121.0,0.0,0.0,231.01322468608066,24.987018831348657,42543,0,0,0,35,SALT LAKE
1068,350163,0.0,0.0,0.0,0.0,0.0,0.0,0.0,0.0,0.0,0.0,0.0,0.0,0.0,0.0,0.0,0.0,0.0,0.0,0.0,0.0,42543,0,0,0,35,SALT LAKE
1069,350164,385.0,687.8460689650286,1.7866131661429314,509.0,89.0,22.0,398.0,680.1683391841722,31.0,58.0,13.0,9.0,199.0,9.0,54.0,136.0,0.0,1.1903140370264127,115.00658371817869,54.97144142896705,42543,0,0,0,35,SALT LAKE
1070,350165,269.0,538.6746323220103,2.0025079268476222,1192.0,195.0,131.0,866.0,1229.9802686236499,0.0,195.0,131.0,0.0,345.0,193.0,4.0,324.0,0.0,0.0,0.0,37.98026862364996,42543,0,0,0,35,SALT LAKE
1071,350166,249.0,428.8678803486775,1.7223609652557328,906.0,123.0,0.0,783.0,941.981307117142,1.0,122.0,0.0,0.0,295.0,2.0,2.0,484.0,0.0,0.0,0.0,35.981307117142066,42543,0,0,0,35,SALT LAKE
1072,350167,337.0,617.4040016613811,1.8320593521109232,715.0,196.0,0.0,519.0,823.9785683893102,0.0,196.0,0.0,0.0,516.0,0.0,0.0,3.0,0.0,0.0,61.003492233120866,47.97507615618942,42543,0,0,0,35,SALT LAKE
1073,350168,280.0,501.3817731612558,1.790649189861628,142.0,2.0,0.0,140.0,414.9925693156851,1.0,1.0,0.0,0.0,42.0,1.0,46.0,51.0,0.0,0.0,233.01333918552726,39.97923013015785,42543,0,0,0,35,SALT LAKE
1074,350169,136.0,280.7323564601246,2.064208503383269,365.0,185.0,14.0,166.0,822.0152096906272,2.0,183.0,0.0,14.0,114.0,0.0,0.0,52.0,0.0,0.0,438.0250753788023,18.990134311824978,42543,0,0,0,35,SALT LAKE
1075,350170,158.0,293.16330951370946,1.855463984263984,2056.0,612.0,32.0,1412.0,2134.991263309345,0.0,612.0,9.0,23.0,1031.0,54.0,0.0,327.0,0.0,0.0,56.003205984504405,22.988057324840764,42543,0,0,0,35,SALT LAKE
1076,350171,24.0,41.43651017861618,1.726521257442341,2352.0,295.0,2.0,2055.0,2709.0187086618075,55.0,240.0,0.0,2.0,1093.0,428.0,55.0,479.0,0.0,0.0,354.0202664020457,2.9984422597618385,50921,0,0,0,35,SALT LAKE
1077,350172,324.0,594.6139210631422,1.8352281514294515,3311.0,535.0,0.0,2776.0,3356.9761146496817,22.0,513.0,0.0,0.0,1046.0,34.0,15.0,1681.0,0.0,0.0,0.0,45.97611464968153,50921,0,0,0,35,SALT LAKE
1078,350173,9.0,11.0,1.2222222222222223,1361.0,187.0,0.0,1174.0,1361.999480753254,0.0,187.0,0.0,0.0,740.0,17.0,0.0,417.0,0.0,0.0,0.0,0.9994807532539464,50921,0,0,0,35,SALT LAKE
1079,350174,70.0,110.84266472779828,1.5834666389685468,2513.0,643.0,0.0,1870.0,2522.9948075325397,131.0,512.0,0.0,0.0,1107.0,375.0,0.0,388.0,0.0,0.0,0.0,9.994807532539465,50921,0,0,0,35,SALT LAKE
1080,350175,50.0,116.02222850012532,2.3204445700025063,3430.0,328.0,0.0,3102.0,3436.9963652727774,0.0,328.0,0.0,0.0,1505.0,5.0,0.0,1592.0,0.0,0.0,0.0,6.996365272777624,50921,0,0,0,35,SALT LAKE
1081,350176,9.0,25.897818861635116,2.877535429070568,1366.0,189.0,0.0,1177.0,1484.006178970879,20.0,169.0,0.0,0.0,461.0,275.0,3.0,438.0,0.0,0.0,117.00669821762527,0.9994807532539464,50921,0,0,0,35,SALT LAKE
1082,350177,121.0,202.0029871207539,1.669446174551685,3756.0,74.0,13.0,3669.0,3806.3199658491944,0.0,74.0,0.0,13.0,1828.0,1327.0,1.0,513.0,0.0,33.32879304387739,0.0,16.991172805317085,50921,0,0,0,35,SALT LAKE
1083,350178,25.0,55.93928874113185,2.2375715496452737,1531.0,126.0,0.0,1405.0,1649.004449481471,42.0,84.0,0.0,0.0,825.0,7.0,18.0,555.0,0.0,0.0,114.00652646845539,3.997923013015785,50921,0,0,0,35,SALT LAKE
1084,350179,244.0,469.26847777282825,1.923231466282083,1609.0,480.0,0.0,1129.0,1643.981826363888,384.0,96.0,0.0,0.0,465.0,593.0,0.0,71.0,0.0,0.0,0.0,34.98182636388812,50921,0,0,0,35,SALT LAKE
1085,350180,353.0,690.9538072284248,1.9573762244431296,1054.0,60.0,0.0,994.0,1213.9803351322596,13.0,47.0,0.0,0.0,622.0,178.0,15.0,179.0,0.0,0.0,110.00629746956221,49.97403766269731,39970,0,0,0,35,SALT LAKE
1086,350181,416.0,732.390317407041,1.7605536476130794,1841.0,139.0,3.0,1699.0,2198.9864821092474,1.0,138.0,3.0,0.0,1304.0,38.0,11.0,346.0,0.0,0.0,299.0171176672646,58.969364441982826,39970,0,0,0,35,SALT LAKE
1087,350182,191.0,283.0,1.4816753926701571,1068.0,21.0,0.0,1047.0,1094.9859803378565,15.0,6.0,0.0,0.0,393.0,56.0,1.0,597.0,0.0,0.0,0.0,26.98598033785655,39970,0,0,0,35,SALT LAKE
1088,350183,312.0,504.489511424652,1.6169535622585,441.0,11.0,9.0,421.0,485.9766338964276,4.0,7.0,8.0,1.0,145.0,7.0,167.0,102.0,0.0,0.0,0.0,44.97663389642758,39970,0,0,0,35,SALT LAKE
1089,350184,196.0,354.28216202716834,1.8075620511590225,417.0,37.0,4.0,376.0,444.9854610911105,27.0,10.0,4.0,0.0,139.0,18.0,17.0,202.0,0.0,0.0,0.0,27.98546109111049,39970,0,0,0,35,SALT LAKE
1090,350185,363.0,655.7327735766011,1.8064263734892592,354.0,49.0,0.0,305.0,437.97483116035056,7.0,42.0,0.0,0.0,83.0,0.0,62.0,160.0,0.0,0.0,32.00183199114537,51.9729991692052,39970,0,0,0,35,SALT LAKE
1091,350186,295.0,538.6746323220103,1.826015702786476,291.0,87.0,4.0,200.0,332.97819163666577,19.0,68.0,0.0,4.0,78.0,8.0,18.0,96.0,0.0,0.0,0.0,41.97819163666574,56384,0,0,0,35,SALT LAKE
1092,350187,283.0,495.1662966344634,1.74970422839033,984.0,236.0,11.0,737.0,1036.9799743765607,146.0,90.0,5.0,6.0,312.0,44.0,128.0,253.0,0.0,0.0,13.000744246402808,39.97923013015785,56384,0,0,0,35,SALT LAKE
1093,350188,193.0,338.7434707101873,1.7551475166330948,466.0,7.0,0.0,459.0,551.9887815750615,0.0,7.0,0.0,0.0,28.0,285.0,111.0,35.0,0.0,0.0,58.003320483950986,27.98546109111049,25840,0,0,0,35,SALT LAKE
1094,350189,583.0,1034.876841710939,1.7750889223172197,556.0,346.0,3.0,207.0,648.9574750173105,95.0,251.0,0.0,3.0,51.0,36.0,1.0,119.0,0.0,0.0,10.000572497232929,82.95690252007753,56384,0,0,0,35,SALT LAKE
1095,350190,111.0,172.99742999572257,1.55853540536687,1227.0,184.0,2.0,1041.0,1256.9924935481893,101.0,83.0,2.0,0.0,172.0,40.0,70.0,759.0,0.0,0.0,14.000801496126101,15.99169205206314,56384,0,0,0,35,SALT LAKE
1096,350191,352.0,582.1829680095574,1.653928886390788,1824.0,59.0,10.0,1755.0,1873.9740376626974,17.0,42.0,10.0,0.0,806.0,88.0,111.0,750.0,0.0,0.0,0.0,49.97403766269731,25840,0,75,73,35,SALT LAKE
1097,350192,528.0,979.9734657242728,1.8560103517505164,1079.0,94.0,7.0,978.0,1156.3416845680988,44.0,50.0,7.0,0.0,32.0,24.0,406.0,516.0,0.0,2.3806280740528254,0.0,74.96105649404596,60033,0,0,0,35,SALT LAKE
1098,350193,590.0,1115.6780365592406,1.890979722981764,235.0,42.0,1.0,192.0,318.9563832733315,9.0,33.0,1.0,0.0,8.0,0.0,171.0,13.0,0.0,0.0,0.0,83.95638327333148,41753,0,0,0,35,SALT LAKE
1099,350194,551.0,999.6558080591154,1.814257364898576,210.0,23.0,8.0,179.0,292.9592085059549,23.0,0.0,1.0,7.0,15.0,44.0,87.0,33.0,0.0,0.0,4.000228998893172,78.95897950706176,47503,0,0,0,35,SALT LAKE
1100,350195,433.0,904.351834648298,2.088572366393298,54.0,5.0,13.0,36.0,115.96780670174468,5.0,0.0,0.0,13.0,4.0,6.0,9.0,17.0,0.0,0.0,0.0,61.96780670174467,40464,0,0,0,35,SALT LAKE
1101,350196,270.0,509.669075196979,1.8876632414702923,392.0,357.0,0.0,35.0,430.9797493769039,134.0,223.0,0.0,0.0,1.0,0.0,11.0,23.0,0.0,0.0,0.0,38.979749376903904,30252,0,0,0,35,SALT LAKE
1102,350197,370.0,906.4236601572288,2.4497936761006187,7862.0,368.0,119.0,7375.0,7914.97247992246,0.0,368.0,99.0,20.0,2603.0,630.0,3930.0,212.0,0.0,0.0,0.0,52.97247992245915,31535,0,0,0,35,SALT LAKE
1103,350198,0.0,0.0,0.0,0.0,0.0,0.0,0.0,0.0,0.0,0.0,0.0,0.0,0.0,0.0,0.0,0.0,0.0,0.0,0.0,0.0,45129,0,0,0,35,SALT LAKE
1104,350199,0.0,0.0,0.0,16.0,0.0,16.0,0.0,16.0,0.0,0.0,0.0,16.0,0.0,0.0,0.0,0.0,0.0,0.0,0.0,0.0,69745,0,0,0,35,SALT LAKE
1105,350200,0.0,0.0,0.0,2231.0,233.0,1804.0,194.0,2231.0,233.0,0.0,231.0,1573.0,125.0,3.0,0.0,66.0,0.0,0.0,0.0,0.0,69745,0,0,0,35,SALT LAKE
1106,350201,1.0,1.0,1.0,1153.0,31.0,1024.0,98.0,1153.0,31.0,0.0,188.0,836.0,14.0,50.0,0.0,34.0,0.0,0.0,0.0,0.0,69745,0,0,0,35,SALT LAKE
1107,350202,0.0,0.0,0.0,703.0,0.0,591.0,112.0,703.0,0.0,0.0,308.0,283.0,1.0,1.0,0.0,110.0,0.0,0.0,0.0,0.0,69745,0,0,0,35,SALT LAKE
1108,350203,773.0,2539.0221611947063,3.284634102451108,22.0,6.0,0.0,16.0,131.94288285793408,2.0,4.0,0.0,0.0,1.0,2.0,3.0,10.0,0.0,0.0,0.0,109.9428828579341,38757,0,0,0,35,SALT LAKE
1109,350204,345.0,1133.2885533851525,3.284894357638123,13.0,0.0,0.0,13.0,61.974556909443365,0.0,0.0,0.0,0.0,0.0,1.0,0.0,12.0,0.0,0.0,0.0,48.974556909443365,54400,0,0,0,35,SALT LAKE
1110,350205,223.0,738.6057939338334,3.3121336050844548,63.0,0.0,0.0,63.0,94.98338410412629,0.0,0.0,0.0,0.0,0.0,1.0,62.0,0.0,0.0,0.0,0.0,31.98338410412628,37920,0,0,0,35,SALT LAKE
1111,350206,238.0,883.63357955899,3.7127461326007984,161.0,3.0,0.0,158.0,194.98234561063418,3.0,0.0,0.0,0.0,0.0,158.0,0.0,0.0,0.0,0.0,0.0,33.98234561063417,32294,0,0,0,35,SALT LAKE
1112,350207,122.0,413.3291890316964,3.387944172390954,64.0,7.0,5.0,52.0,80.99117280531709,7.0,0.0,0.0,5.0,1.0,3.0,32.0,16.0,0.0,0.0,0.0,16.991172805317085,32294,0,0,0,35,SALT LAKE
1113,350208,76.0,235.15219526364683,3.0941078324164057,10.0,0.0,0.0,10.0,20.99428828579341,0.0,0.0,0.0,0.0,10.0,0.0,0.0,0.0,0.0,0.0,0.0,10.99428828579341,34270,0,0,0,35,SALT LAKE
1114,350209,161.0,278.66053095119383,1.7308107512496511,503.0,34.0,186.0,283.0,937.0115869611142,32.0,2.0,65.0,121.0,254.0,2.0,0.0,27.0,0.0,0.0,411.0235296362734,22.988057324840764,50921,0,0,0,35,SALT LAKE
1115,350210,107.0,234.11628250918145,2.188002640272724,816.0,22.0,276.0,518.0,1658.0395568199724,8.0,14.0,140.0,136.0,53.0,26.0,0.0,439.0,0.0,0.0,827.0473455211633,14.992211298809194,50921,0,0,0,35,SALT LAKE
1116,350211,245.0,443.3706589111931,1.8096761588211965,328.0,14.0,199.0,115.0,362.9818263638881,14.0,0.0,151.0,48.0,13.0,9.0,34.0,59.0,0.0,0.0,0.0,34.98182636388812,50921,0,0,0,35,SALT LAKE
1117,350212,2.0,4.143651017861618,2.071825508930809,130.0,0.0,14.0,116.0,159.0016602419755,0.0,0.0,9.0,5.0,34.0,1.0,0.0,81.0,0.0,0.0,29.001660241975493,0.0,50921,0,0,0,35,SALT LAKE
1118,350213,13.0,34.18512089735835,2.629624684412181,162.0,32.0,31.0,99.0,479.01699516934514,27.0,5.0,14.0,17.0,15.0,0.0,0.0,84.0,0.0,0.0,315.01803366283724,1.9989615065078925,50921,0,0,0,35,SALT LAKE
1119,350214,0.0,0.0,0.0,241.0,8.0,63.0,170.0,403.00927445517345,5.0,3.0,55.0,8.0,35.0,0.0,1.0,134.0,0.0,0.0,162.00927445517345,0.0,50921,0,0,0,35,SALT LAKE
1120,350215,44.0,101.51944993760964,2.307260225854765,578.0,64.0,178.0,336.0,744.0060444752505,62.0,2.0,129.0,49.0,64.0,12.0,0.0,260.0,0.0,0.0,160.00915995572686,5.996884519523677,50921,0,0,0,35,SALT LAKE
1121,350216,1.0,1.0,1.0,156.0,62.0,6.0,88.0,156.0,1.0,61.0,5.0,1.0,29.0,0.0,1.0,58.0,0.0,0.0,0.0,0.0,50921,0,0,0,35,SALT LAKE
1122,350217,49.0,112.9144902367291,2.3043773517699817,77.0,1.0,5.0,71.0,140.99962850700533,1.0,0.0,5.0,0.0,9.0,0.0,0.0,62.0,0.0,0.0,57.003263234227695,6.996365272777624,50921,0,0,0,35,SALT LAKE
1123,350218,21.0,31.0,1.4761904761904765,339.0,30.0,37.0,272.0,731.0207124021227,20.0,10.0,11.0,26.0,34.0,76.0,50.0,112.0,0.0,0.0,389.0222701423609,2.9984422597618385,50921,0,0,0,35,SALT LAKE
1124,350219,307.0,569.7520149559725,1.8558697555569137,424.0,35.0,27.0,362.0,519.9801301287848,7.0,28.0,0.0,27.0,134.0,0.0,34.0,194.0,0.0,0.0,52.002976985611234,43.97715314317364,50921,0,0,0,35,SALT LAKE
1125,350220,186.0,315.9533901119484,1.6986741403868193,432.0,57.0,22.0,353.0,638.9962852880492,3.0,54.0,0.0,22.0,11.0,1.0,0.0,341.0,0.0,0.0,180.01030495019273,26.98598033785655,50921,0,0,0,35,SALT LAKE
1126,350221,1.0,1.0,1.0,708.0,134.0,3.0,571.0,708.0,13.0,121.0,1.0,2.0,210.0,1.0,0.0,360.0,0.0,0.0,0.0,0.0,50921,0,0,0,35,SALT LAKE
1127,350222,42.0,80.80119484830155,1.9238379725786083,707.0,283.0,0.0,424.0,808.0023232432364,72.0,211.0,0.0,0.0,75.0,1.0,0.0,348.0,0.0,0.0,95.00543872371283,5.996884519523677,50921,0,0,0,35,SALT LAKE
1128,350223,486.0,930.2496535099332,1.9140939372632373,125.0,103.0,0.0,22.0,237.96669096234717,99.0,4.0,0.0,0.0,19.0,0.0,0.0,3.0,0.0,0.0,44.002518987824885,68.96417197452229,50921,0,0,0,35,SALT LAKE
1129,350224,145.0,323.2047793932062,2.228998478573836,129.0,81.0,0.0,48.0,149.98909581833288,14.0,67.0,0.0,0.0,16.0,1.0,0.0,31.0,0.0,0.0,0.0,20.98909581833287,50921,0,0,0,35,SALT LAKE
1130,350225,401.0,868.094888242009,2.164825157710746,1109.0,433.0,1.0,675.0,1421.985058864638,50.0,383.0,0.0,1.0,42.0,0.0,0.0,633.0,0.0,0.0,256.014655929163,56.97040293547494,50921,0,0,0,35,SALT LAKE
1131,350226,48.0,116.02222850012532,2.4171297604192774,1352.0,320.0,0.0,1032.0,1435.000716251748,5.0,315.0,0.0,0.0,287.0,0.0,0.0,745.0,0.0,0.0,76.00435097897027,6.996365272777624,50921,0,0,0,35,SALT LAKE
1132,350227,0.0,0.0,0.0,864.0,141.0,19.0,704.0,864.0,137.0,4.0,19.0,0.0,16.0,0.0,560.0,128.0,0.0,0.0,0.0,0.0,50921,0,0,0,35,SALT LAKE
1133,350228,0.0,0.0,0.0,490.0,22.0,8.0,460.0,490.0,12.0,10.0,0.0,8.0,24.0,0.0,25.0,411.0,0.0,0.0,0.0,0.0,50921,0,0,0,35,SALT LAKE
1134,350229,0.0,0.0,0.0,2687.0,1542.0,2.0,1143.0,2687.0,211.0,1331.0,0.0,2.0,56.0,9.0,0.0,1078.0,0.0,0.0,0.0,0.0,50921,0,0,0,35,SALT LAKE
1135,350230,14.0,29.005557125031327,2.071825508930809,0.0,0.0,0.0,0.0,77.00325523575486,0.0,0.0,0.0,0.0,0.0,0.0,0.0,0.0,0.0,0.0,75.00429372924697,1.9989615065078925,50921,0,0,0,35,SALT LAKE
1136,350231,76.0,170.92560448679174,2.2490211116683123,1121.0,303.0,44.0,774.0,1415.010489957485,124.0,179.0,44.0,0.0,45.0,10.0,106.0,613.0,0.0,0.0,283.0162016716919,10.99428828579341,50921,0,0,0,35,SALT LAKE
1137,350232,299.0,505.5254241791174,1.690720482204406,258.0,128.0,1.0,129.0,489.9884925876221,113.0,15.0,0.0,1.0,11.0,0.0,0.0,118.0,0.0,0.0,189.01082019770237,42.97767238991969,50921,0,0,0,35,SALT LAKE
1138,350233,0.0,0.0,0.0,4969.0,2976.0,2.0,1991.0,4969.0,505.0,2471.0,0.0,2.0,79.0,13.0,2.0,1897.0,0.0,0.0,0.0,0.0,50921,0,0,0,35,SALT LAKE
1139,350234,0.0,0.0,0.0,3043.0,91.0,0.0,2952.0,3043.0,18.0,73.0,0.0,0.0,1405.0,404.0,4.0,1139.0,0.0,0.0,0.0,0.0,50921,0,0,0,35,SALT LAKE
1140,350235,161.0,294.1992222681749,1.8273243619141295,1111.0,135.0,31.0,945.0,1208.9923510540877,85.0,50.0,30.0,1.0,54.0,130.0,67.0,694.0,0.0,0.0,75.00429372924697,22.988057324840764,22976,0,408,0,35,SALT LAKE
1141,350236,0.0,0.0,0.0,1216.0,130.0,9.0,1077.0,1216.0,66.0,64.0,8.0,1.0,162.0,5.0,59.0,851.0,0.0,0.0,0.0,0.0,22976,0,0,0,35,SALT LAKE
1142,350237,4.0,7.251389281257832,1.812847320314458,362.0,122.0,0.0,240.0,477.0060072217093,112.0,10.0,0.0,0.0,71.0,0.0,0.0,169.0,0.0,0.0,114.00652646845539,0.9994807532539464,22976,0,0,0,35,SALT LAKE
1143,350238,0.0,0.0,0.0,473.0,5.0,0.0,468.0,473.0,0.0,5.0,0.0,0.0,103.0,355.0,0.0,10.0,0.0,0.0,0.0,0.0,50921,0,0,0,35,SALT LAKE
1144,350239,168.0,294.1992222681749,1.7511858468343742,170.0,32.0,39.0,99.0,193.9875380780947,28.0,4.0,1.0,38.0,32.0,2.0,0.0,65.0,0.0,0.0,0.0,23.98753807809471,33167,0,0,0,35,SALT LAKE
1145,350240,242.0,429.9037931031429,1.776461954971665,543.0,2.0,1.0,540.0,577.9818263638881,2.0,0.0,1.0,0.0,21.0,118.0,73.0,328.0,0.0,0.0,0.0,34.98182636388812,22976,0,0,0,35,SALT LAKE
1146,350241,335.0,625.6913036971043,1.867735234916729,593.0,23.0,6.0,564.0,697.9783393904171,0.0,23.0,6.0,0.0,29.0,272.0,84.0,179.0,0.0,0.0,57.003263234227695,47.97507615618942,22976,0,0,0,35,SALT LAKE
1147,350242,0.0,0.0,0.0,759.0,2.0,0.0,757.0,759.0,0.0,2.0,0.0,0.0,527.0,7.0,0.0,223.0,0.0,0.0,0.0,0.0,22976,0,0,0,35,SALT LAKE
1148,350243,466.0,856.6998479428895,1.8384116908645696,41.0,6.0,0.0,35.0,107.9652104680144,6.0,0.0,0.0,0.0,1.0,0.0,0.0,34.0,0.0,0.0,0.0,66.9652104680144,40130,0,0,0,35,SALT LAKE
1149,350244,87.0,138.8123090983642,1.5955437827398185,1.0,0.0,0.0,1.0,19.994169787110405,0.0,0.0,0.0,0.0,0.0,0.0,0.0,1.0,0.0,0.0,7.000400748063051,11.993769039047354,40130,0,0,0,35,SALT LAKE
1150,350245,338.0,600.8293975899346,1.777601768017558,293.0,0.0,0.0,293.0,340.9750761561894,0.0,0.0,0.0,0.0,246.0,38.0,0.0,9.0,0.0,0.0,0.0,47.97507615618942,22976,0,0,0,35,SALT LAKE
1151,350246,0.0,0.0,0.0,993.0,189.0,294.0,510.0,993.0,0.0,189.0,5.0,289.0,114.0,301.0,1.0,94.0,0.0,0.0,0.0,0.0,22976,0,0,0,35,SALT LAKE
1152,350247,252.0,448.5502226835202,1.77996120112508,52.0,14.0,11.0,27.0,87.98130711714207,6.0,8.0,0.0,11.0,2.0,1.0,0.0,24.0,0.0,0.0,0.0,35.981307117142066,28852,0,0,0,35,SALT LAKE
1153,350248,397.0,736.5339684249026,1.855249290742828,51.0,8.0,2.0,41.0,109.97051743492153,7.0,1.0,0.0,2.0,10.0,2.0,0.0,29.0,0.0,0.0,2.000114499446586,56.97040293547494,46301,0,0,0,35,SALT LAKE
1154,350249,147.0,270.3732289154706,1.839273666091637,385.0,14.0,2.0,369.0,405.9890958183329,0.0,14.0,2.0,0.0,292.0,5.0,6.0,66.0,0.0,0.0,0.0,20.98909581833287,46301,0,0,0,35,SALT LAKE
1155,350250,161.0,290.0555712503133,1.8015873990702689,887.0,32.0,0.0,855.0,909.9880573248407,0.0,32.0,0.0,0.0,439.0,14.0,19.0,383.0,0.0,0.0,0.0,22.988057324840764,46301,0,0,0,35,SALT LAKE
1156,350251,482.0,910.5673111750906,1.8891437991184448,73.0,58.0,0.0,15.0,141.9641719745223,10.0,48.0,0.0,0.0,0.0,0.0,12.0,3.0,0.0,0.0,0.0,68.96417197452229,43390,0,0,0,35,SALT LAKE
1157,350252,162.0,320.09704112981,1.9759076612951236,1892.0,458.0,20.0,1414.0,1914.9880573248408,183.0,275.0,10.0,10.0,366.0,44.0,2.0,1002.0,0.0,0.0,0.0,22.988057324840764,46301,0,0,0,35,SALT LAKE
1158,350253,0.0,0.0,0.0,1587.0,646.0,30.0,911.0,1587.0,436.0,210.0,1.0,29.0,322.0,55.0,3.0,531.0,0.0,0.0,0.0,0.0,46301,0,0,0,35,SALT LAKE
1159,350254,595.0,1219.269312005781,2.04919212101812,429.0,260.0,20.0,149.0,526.9566082729882,166.0,94.0,20.0,0.0,36.0,0.0,34.0,79.0,0.0,0.0,13.000744246402808,84.95586402658543,47798,0,0,0,35,SALT LAKE
1160,350255,544.0,1105.3189090145866,2.0318362298062254,515.0,30.0,6.0,479.0,592.9594987538078,0.0,30.0,1.0,5.0,76.0,15.0,238.0,150.0,0.0,0.0,0.0,77.95949875380781,34196,0,0,0,35,SALT LAKE
1161,350256,472.0,970.650250934084,2.056462396046788,853.0,445.0,56.0,352.0,934.9660692138639,238.0,207.0,53.0,3.0,2.0,35.0,221.0,94.0,0.0,0.0,15.000858745849394,66.9652104680144,34196,188,0,0,35,SALT LAKE
1162,350257,415.0,843.2329821348393,2.031886703939372,557.0,201.0,14.0,342.0,615.9693644419829,168.0,33.0,10.0,4.0,6.0,239.0,6.0,91.0,0.0,0.0,0.0,58.969364441982826,59246,0,0,0,35,SALT LAKE
1163,350258,615.0,1302.1423323630136,2.117304605468315,8.0,0.0,0.0,8.0,95.95430628634728,0.0,0.0,0.0,0.0,1.0,0.0,0.0,7.0,0.0,0.0,0.0,87.95430628634728,35273,0,0,0,35,SALT LAKE
1164,350259,409.0,863.9512372241473,2.112350213261974,20.0,11.0,0.0,9.0,79.1601977257553,0.0,11.0,0.0,0.0,3.0,0.0,0.0,6.0,0.0,1.1903140370264127,0.0,57.969883688728885,39092,0,0,0,35,SALT LAKE
1165,350260,357.0,732.390317407041,2.05151349413737,230.0,8.0,1.0,221.0,280.9735184159513,8.0,0.0,0.0,1.0,5.0,203.0,7.0,6.0,0.0,0.0,0.0,50.97351841595126,61652,0,0,1956,35,SALT LAKE
1166,350261,212.0,440.2629206477969,2.0767118898480987,1350.0,35.0,123.0,1192.0,1379.9844225976183,9.0,26.0,0.0,123.0,22.0,510.0,99.0,561.0,0.0,0.0,0.0,29.984422597618387,27416,0,0,0,35,SALT LAKE
1167,350262,0.0,0.0,0.0,3499.0,49.0,2.0,3448.0,3499.0,0.0,49.0,0.0,2.0,62.0,752.0,2551.0,83.0,0.0,0.0,0.0,0.0,25693,0,0,0,35,SALT LAKE
1168,350263,565.0,1424.3800373899312,2.521026614849436,0.0,0.0,0.0,0.0,80.95794101356965,0.0,0.0,0.0,0.0,0.0,0.0,0.0,0.0,0.0,0.0,0.0,80.95794101356965,25693,0,0,0,35,SALT LAKE
1169,350264,0.0,0.0,0.0,196.0,0.0,0.0,196.0,202.00805369127517,0.0,0.0,0.0,0.0,0.0,5.0,0.0,191.0,6.008053691275167,0.0,0.0,0.0,31535,0,0,0,35,SALT LAKE
1170,350265,0.0,0.0,0.0,50.0,3.0,6.0,41.0,50.0,3.0,0.0,3.0,3.0,0.0,24.0,0.0,17.0,0.0,0.0,0.0,0.0,45129,0,0,0,35,SALT LAKE
1171,350266,0.0,0.0,0.0,432.0,57.0,244.0,131.0,432.0,57.0,0.0,212.0,32.0,18.0,64.0,0.0,49.0,0.0,0.0,0.0,0.0,45129,0,0,0,35,SALT LAKE
1172,350267,1.0,2.071825508930809,2.071825508930809,2.0,0.0,0.0,2.0,95.00532422426625,0.0,0.0,0.0,0.0,0.0,1.0,0.0,1.0,0.0,0.0,93.00532422426625,0.0,69745,0,0,0,35,SALT LAKE
1173,350268,0.0,0.0,0.0,2053.0,269.0,1009.0,775.0,2053.0,265.0,4.0,532.0,477.0,82.0,436.0,0.0,257.0,0.0,0.0,0.0,0.0,69745,0,0,0,35,SALT LAKE
1174,350269,0.0,0.0,0.0,2124.0,138.0,1531.0,455.0,2124.0,138.0,0.0,717.0,814.0,99.0,120.0,0.0,236.0,0.0,0.0,0.0,0.0,69745,0,0,0,35,SALT LAKE
1175,350270,0.0,0.0,0.0,1194.0,50.0,917.0,227.0,1194.0,46.0,4.0,442.0,475.0,44.0,102.0,0.0,81.0,0.0,0.0,0.0,0.0,69745,0,0,0,35,SALT LAKE
1176,350271,0.0,0.0,0.0,312.0,0.0,312.0,0.0,312.0,0.0,0.0,312.0,0.0,0.0,0.0,0.0,0.0,0.0,0.0,0.0,0.0,69745,0,0,0,35,SALT LAKE
1177,350272,0.0,0.0,0.0,960.0,94.0,327.0,539.0,960.0,37.0,57.0,169.0,158.0,60.0,153.0,0.0,326.0,0.0,0.0,0.0,0.0,69745,574,129,0,35,SALT LAKE
1178,350273,443.0,1657.4604071446472,3.7414456143220023,374.0,36.0,79.0,259.0,436.9672874549986,36.0,0.0,49.0,30.0,51.0,91.0,6.0,111.0,0.0,0.0,0.0,62.96728745499861,47029,391,84,0,35,SALT LAKE
1179,350274,365.0,1304.2141578719445,3.573189473621765,73.0,8.0,42.0,23.0,129.97328541782167,8.0,0.0,2.0,40.0,1.0,2.0,0.0,20.0,0.0,0.0,5.000286248616464,51.9729991692052,44639,0,0,0,35,SALT LAKE
1180,350275,517.0,1868.7866090555897,3.614674292177156,0.0,0.0,0.0,0.0,73.96157574079203,0.0,0.0,0.0,0.0,0.0,0.0,0.0,0.0,0.0,0.0,0.0,73.96157574079203,59421,0,0,0,35,SALT LAKE
1181,350276,170.0,516.9204644782369,3.040708614577864,152.0,1.0,12.0,139.0,175.9875380780947,1.0,0.0,0.0,12.0,0.0,105.0,0.0,34.0,0.0,0.0,0.0,23.98753807809471,56172,284,0,0,35,SALT LAKE
1182,350277,63.0,220.6494167011312,3.502371693668749,22.0,22.0,0.0,0.0,30.995326779285516,22.0,0.0,0.0,0.0,0.0,0.0,0.0,0.0,0.0,0.0,0.0,8.995326779285516,34780,0,0,0,35,SALT LAKE
1183,350278,122.0,467.1966522638974,3.829480756261454,373.0,10.0,220.0,143.0,389.9911728053171,10.0,0.0,133.0,87.0,74.0,49.0,1.0,19.0,0.0,0.0,0.0,16.991172805317085,48701,0,0,0,35,SALT LAKE
1184,350279,93.0,274.5168799333322,2.951794407885292,168.0,49.0,83.0,36.0,180.9932497923013,26.0,23.0,40.0,43.0,0.0,8.0,0.0,28.0,0.0,0.0,0.0,12.9932497923013,32294,0,0,0,35,SALT LAKE
1185,350280,0.0,0.0,0.0,419.0,0.0,332.0,87.0,419.0,0.0,0.0,232.0,100.0,0.0,6.0,0.0,81.0,0.0,0.0,0.0,0.0,48701,0,0,0,35,SALT LAKE
1186,350281,33.0,69.4061545491821,2.10321680452067,506.0,87.0,249.0,170.0,520.9979762635027,81.0,6.0,208.0,41.0,6.0,15.0,0.0,149.0,0.0,0.0,10.000572497232929,4.997403766269732,19046,0,0,0,35,SALT LAKE
1187,350282,0.0,0.0,0.0,592.0,68.0,202.0,322.0,592.0,68.0,0.0,111.0,91.0,42.0,57.0,0.0,223.0,0.0,0.0,0.0,0.0,48701,0,0,0,35,SALT LAKE
1188,350283,13.0,20.71825508930809,1.593711929946776,927.0,402.0,85.0,440.0,928.9989615065078,370.0,32.0,66.0,19.0,6.0,40.0,101.0,293.0,0.0,0.0,0.0,1.9989615065078925,19046,0,0,0,35,SALT LAKE
1189,350284,19.0,33.149208142892945,1.744695165415418,676.0,5.0,137.0,534.0,707.7610724021188,5.0,0.0,83.0,54.0,2.0,24.0,31.0,477.0,0.0,4.76125614899788,24.00137399335903,2.9984422597618385,19046,0,0,0,35,SALT LAKE
1190,350285,194.0,399.8623232236462,2.061145995998176,256.0,88.0,67.0,101.0,348.98918232312457,13.0,75.0,67.0,0.0,20.0,2.0,0.0,79.0,0.0,0.0,65.00372123201404,27.98546109111049,19046,0,0,0,35,SALT LAKE
1191,350286,299.0,626.7272164515698,2.0960776469952167,8.0,0.0,0.0,8.0,118.98156537110361,0.0,0.0,0.0,0.0,0.0,0.0,7.0,1.0,0.0,0.0,68.00389298118392,42.97767238991969,19046,0,0,0,35,SALT LAKE
1192,350287,246.0,594.6139210631422,2.4171297604192774,1431.0,369.0,97.0,965.0,1465.981826363888,341.0,28.0,15.0,82.0,275.0,314.0,12.0,364.0,0.0,0.0,0.0,34.98182636388812,19046,0,0,258,35,SALT LAKE
1193,350288,223.0,486.8789945987401,2.183313877124395,1088.0,502.0,65.0,521.0,1119.9833841041263,435.0,67.0,65.0,0.0,41.0,34.0,12.0,434.0,0.0,0.0,0.0,31.98338410412628,19046,0,0,0,35,SALT LAKE
1194,350289,550.0,1469.960198586409,2.6726549065207434,883.0,233.0,15.0,635.0,961.9589795070617,160.0,73.0,14.0,1.0,21.0,78.0,4.0,532.0,0.0,0.0,0.0,78.95897950706176,70218,404,0,0,35,SALT LAKE
1195,350290,605.0,1652.2808433723203,2.731042716317885,200.0,62.0,24.0,114.0,285.9553447798394,17.0,45.0,0.0,24.0,12.0,7.0,74.0,21.0,0.0,0.0,0.0,85.95534477983938,76177,0,0,0,35,SALT LAKE
1196,350291,0.0,0.0,0.0,0.0,0.0,0.0,0.0,0.0,0.0,0.0,0.0,0.0,0.0,0.0,0.0,0.0,0.0,0.0,0.0,0.0,76177,0,0,0,35,SALT LAKE
1197,350292,616.0,1408.8413460729505,2.287080107261283,190.0,116.0,0.0,74.0,277.9543062863473,17.0,99.0,0.0,0.0,8.0,0.0,1.0,65.0,0.0,0.0,0.0,87.95430628634728,68454,0,0,0,35,SALT LAKE
1198,350293,503.0,1103.2470835056558,2.1933341620390774,186.0,74.0,3.0,109.0,257.96261423428416,15.0,59.0,2.0,1.0,34.0,2.0,43.0,30.0,0.0,0.0,0.0,71.96261423428413,79868,0,0,0,35,SALT LAKE
1199,350294,195.0,476.5198670540861,2.4436916259183903,8.0,2.0,0.0,6.0,35.985461091110494,2.0,0.0,0.0,0.0,4.0,0.0,0.0,2.0,0.0,0.0,0.0,27.98546109111049,126214,0,0,0,35,SALT LAKE
1200,350295,264.0,759.3240490231416,2.876227458420991,5.0,0.0,0.0,5.0,42.98026862364996,0.0,0.0,0.0,0.0,4.0,0.0,0.0,1.0,0.0,0.0,0.0,37.98026862364996,124089,0,0,0,35,SALT LAKE
1201,350296,267.0,762.4317872865378,2.855549765118119,159.0,19.0,16.0,124.0,196.98026862364998,0.0,19.0,1.0,15.0,3.0,68.0,0.0,53.0,0.0,0.0,0.0,37.98026862364996,117066,470,0,0,35,SALT LAKE
1202,350297,127.0,362.5694640628916,2.854877669786548,0.0,0.0,0.0,0.0,17.990653558571033,0.0,0.0,0.0,0.0,0.0,0.0,0.0,0.0,0.0,0.0,0.0,17.990653558571033,117066,0,0,0,35,SALT LAKE
1203,350298,452.0,1190.2637548807495,2.633326891329092,41.0,19.0,0.0,22.0,105.96624896150651,0.0,19.0,0.0,0.0,8.0,0.0,0.0,14.0,0.0,0.0,0.0,64.96624896150651,114574,0,0,0,35,SALT LAKE
1204,350299,521.0,1318.71693643446,2.531126557455777,228.0,26.0,23.0,179.0,301.961575740792,13.0,13.0,1.0,22.0,28.0,57.0,5.0,89.0,0.0,0.0,0.0,73.96157574079203,85173,485,0,0,35,SALT LAKE
1205,350300,173.0,436.1192696299353,2.520920633699048,456.0,202.0,0.0,254.0,480.9870188313487,0.0,202.0,0.0,0.0,4.0,26.0,2.0,222.0,0.0,0.0,0.0,24.987018831348657,142362,0,0,0,35,SALT LAKE
1206,350301,826.0,1995.1679651003687,2.415457584867275,0.0,0.0,0.0,0.0,117.93872888396564,0.0,0.0,0.0,0.0,0.0,0.0,0.0,0.0,0.0,0.0,0.0,117.93872888396564,143431,0,0,0,35,SALT LAKE
1207,350302,1.0,1.0,1.0,122.0,0.0,58.0,64.0,360.0136254341437,0.0,0.0,5.0,53.0,0.0,17.0,0.0,47.0,0.0,0.0,238.0136254341437,0.0,45129,0,0,0,35,SALT LAKE
1208,350303,0.0,0.0,0.0,0.0,0.0,0.0,0.0,0.0,0.0,0.0,0.0,0.0,0.0,0.0,0.0,0.0,0.0,0.0,0.0,0.0,45129,0,0,0,35,SALT LAKE
1209,350304,0.0,0.0,0.0,17.0,0.0,9.0,8.0,17.0,0.0,0.0,0.0,9.0,0.0,7.0,0.0,1.0,0.0,0.0,0.0,0.0,45129,0,0,0,35,SALT LAKE
1210,350305,0.0,0.0,0.0,678.0,0.0,443.0,235.0,678.0,0.0,0.0,73.0,370.0,0.0,215.0,0.0,20.0,0.0,0.0,0.0,0.0,45129,0,0,0,35,SALT LAKE
1211,350306,0.0,0.0,0.0,3252.0,22.0,2923.0,307.0,3252.0,22.0,0.0,614.0,2309.0,1.0,238.0,0.0,68.0,0.0,0.0,0.0,0.0,69745,0,0,0,35,SALT LAKE
1212,350307,0.0,0.0,0.0,5370.0,189.0,2983.0,2198.0,5370.0,166.0,23.0,943.0,2040.0,254.0,246.0,77.0,1621.0,0.0,0.0,0.0,0.0,69745,0,0,0,35,SALT LAKE
1213,350308,0.0,0.0,0.0,6299.0,479.0,3128.0,2692.0,6299.0,156.0,323.0,1925.0,1203.0,179.0,198.0,27.0,2288.0,0.0,0.0,0.0,0.0,69745,0,0,0,35,SALT LAKE
1214,350309,0.0,0.0,0.0,2738.0,149.0,2032.0,557.0,2738.0,142.0,7.0,1136.0,896.0,130.0,316.0,0.0,111.0,0.0,0.0,0.0,0.0,69745,0,0,0,35,SALT LAKE
1215,350310,0.0,0.0,0.0,1192.0,10.0,801.0,381.0,1805.0117291265974,10.0,0.0,559.0,242.0,47.0,62.0,39.0,233.0,0.0,613.0117291265974,0.0,0.0,69745,0,0,0,35,SALT LAKE
1216,350311,0.0,0.0,0.0,2260.0,568.0,694.0,998.0,2260.0,560.0,8.0,321.0,373.0,240.0,263.0,42.0,453.0,0.0,0.0,0.0,0.0,69745,0,0,0,35,SALT LAKE
1217,350312,290.0,1064.918311590436,3.6721321089325376,1209.0,254.0,91.0,864.0,1253.5496529953832,126.0,128.0,31.0,60.0,54.0,59.0,208.0,543.0,0.0,3.5709421119714677,0.0,40.97871088341179,64668,0,0,0,35,SALT LAKE
1218,350313,274.0,1083.5647411708132,3.9546158436891,287.0,8.0,18.0,261.0,325.9797493769039,8.0,0.0,0.0,18.0,2.0,229.0,9.0,21.0,0.0,0.0,0.0,38.979749376903904,66746,570,820,0,35,SALT LAKE
1219,350314,327.0,1331.147889488045,4.070788652868639,32.0,12.0,1.0,19.0,78.97559540293548,8.0,4.0,0.0,1.0,14.0,1.0,0.0,4.0,0.0,0.0,0.0,46.97559540293548,72182,0,0,0,35,SALT LAKE
1220,350315,278.0,1102.2111707511904,3.964788383997088,90.0,34.0,0.0,56.0,129.97923013015784,10.0,24.0,0.0,0.0,42.0,5.0,0.0,9.0,0.0,0.0,0.0,39.97923013015785,37499,0,0,0,35,SALT LAKE
1221,350316,49.0,147.09961113408744,3.0020328802874987,8.0,0.0,0.0,8.0,15.996422522500918,0.0,0.0,0.0,0.0,0.0,0.0,0.0,8.0,0.0,0.0,1.000057249723293,6.996365272777624,48701,0,0,0,35,SALT LAKE
1222,350317,30.0,137.7763963438988,4.592546544796627,815.0,71.0,276.0,468.0,818.9979230130158,65.0,6.0,173.0,103.0,66.0,203.0,26.0,173.0,0.0,0.0,0.0,3.997923013015785,37499,279,0,0,35,SALT LAKE
1223,350318,213.0,796.616908183896,3.7399854844314366,44.0,0.0,3.0,41.0,73.98442259761839,0.0,0.0,0.0,3.0,25.0,8.0,0.0,8.0,0.0,0.0,0.0,29.984422597618387,48701,0,0,0,35,SALT LAKE
1224,350319,0.0,0.0,0.0,646.0,127.0,339.0,180.0,646.0,127.0,0.0,236.0,103.0,3.0,85.0,0.0,92.0,0.0,0.0,0.0,0.0,37499,0,0,0,35,SALT LAKE
1225,350320,0.0,0.0,0.0,1096.0,151.0,11.0,934.0,1096.0,151.0,0.0,11.0,0.0,1.0,178.0,0.0,755.0,0.0,0.0,0.0,0.0,37499,0,0,0,35,SALT LAKE
1226,350321,6.0,9.0,1.5,2632.0,645.0,344.0,1643.0,2632.999480753254,525.0,120.0,155.0,189.0,5.0,155.0,0.0,1483.0,0.0,0.0,0.0,0.9994807532539464,52826,0,0,0,35,SALT LAKE
1227,350322,212.0,458.9093502281742,2.164666746359313,776.0,181.0,404.0,191.0,805.9844225976184,158.0,23.0,202.0,202.0,0.0,16.0,84.0,91.0,0.0,0.0,0.0,29.984422597618387,52826,0,0,0,35,SALT LAKE
1228,350323,401.0,878.454015786663,2.19065839348295,605.0,68.0,340.0,197.0,687.9718914282805,14.0,54.0,34.0,306.0,6.0,12.0,10.0,169.0,0.0,0.0,26.001488492805617,56.97040293547494,52826,0,0,0,35,SALT LAKE
1229,350324,209.0,446.47839717458936,2.1362602735626286,372.0,145.0,4.0,223.0,443.9868270859967,8.0,137.0,3.0,1.0,54.0,32.0,79.0,58.0,0.0,0.0,42.0024044883783,29.984422597618387,52826,0,0,0,35,SALT LAKE
1230,350325,89.0,195.78751059396143,2.1998596695950727,1287.0,204.0,91.0,992.0,1299.9932497923014,81.0,123.0,47.0,44.0,139.0,97.0,0.0,756.0,0.0,0.0,0.0,12.9932497923013,52826,0,0,0,35,SALT LAKE
1231,350326,523.0,1188.191929371819,2.2718774940187743,1489.0,90.0,54.0,1345.0,1579.9619724896188,3.0,87.0,5.0,49.0,20.0,806.0,80.0,439.0,0.0,0.0,16.000915995572687,74.96105649404596,25539,560,0,318,35,SALT LAKE
1232,350327,659.0,1495.8580174480442,2.269890770027381,45.0,5.0,4.0,36.0,138.95119080587097,4.0,1.0,2.0,2.0,25.0,2.0,1.0,8.0,0.0,0.0,0.0,93.95119080587097,72818,0,0,0,35,SALT LAKE
1233,350328,530.0,1233.7720905682968,2.3278718689967866,240.0,74.0,57.0,109.0,315.9605372472999,25.0,49.0,0.0,57.0,17.0,43.0,20.0,29.0,0.0,0.0,0.0,75.96053724729991,61505,413,0,0,35,SALT LAKE
1234,350329,518.0,1214.0897482334542,2.343802602767286,147.0,72.0,0.0,75.0,220.96157574079203,68.0,4.0,0.0,0.0,39.0,0.0,17.0,19.0,0.0,0.0,0.0,73.96157574079203,80460,0,0,0,35,SALT LAKE
1235,350330,618.0,1414.0209098452772,2.288059724668733,332.0,85.0,37.0,210.0,419.9543062863473,17.0,68.0,12.0,25.0,40.0,59.0,44.0,67.0,0.0,0.0,0.0,87.95430628634728,68937,596,0,0,35,SALT LAKE
1236,350331,527.0,1225.4847885325737,2.3253980807069707,317.0,53.0,46.0,218.0,391.961056494046,40.0,13.0,4.0,42.0,61.0,18.0,40.0,99.0,0.0,0.0,0.0,74.96105649404596,76947,0,0,0,35,SALT LAKE
1237,350332,161.0,382.2518063977343,2.374234822346176,37.0,32.0,0.0,5.0,59.98805732484077,1.0,31.0,0.0,0.0,4.0,0.0,0.0,1.0,0.0,0.0,0.0,22.988057324840764,126214,0,0,0,35,SALT LAKE
1238,350333,516.0,1307.3218961353405,2.5335695661537607,54.0,35.0,0.0,19.0,127.96157574079203,0.0,35.0,0.0,0.0,5.0,1.0,0.0,13.0,0.0,0.0,0.0,73.96157574079203,95967,0,0,0,35,SALT LAKE
1239,350334,161.0,464.0889140005012,2.88253983851243,0.0,0.0,0.0,0.0,22.988057324840764,0.0,0.0,0.0,0.0,0.0,0.0,0.0,0.0,0.0,0.0,0.0,22.988057324840764,124089,0,0,0,35,SALT LAKE
1240,350335,411.0,1006.9071973403732,2.449895857275847,132.0,48.0,0.0,84.0,190.96936444198283,30.0,18.0,0.0,0.0,57.0,1.0,8.0,18.0,0.0,0.0,0.0,58.969364441982826,117451,0,0,0,35,SALT LAKE
1241,350336,273.0,806.9760357285502,2.955956174829854,227.0,130.0,2.0,95.0,265.9797493769039,130.0,0.0,0.0,2.0,19.0,66.0,2.0,8.0,0.0,0.0,0.0,38.979749376903904,151429,0,755,0,35,SALT LAKE
1242,350337,342.0,976.8657274608764,2.856332536435312,139.0,29.0,3.0,107.0,187.97455690944338,25.0,4.0,0.0,3.0,24.0,6.0,10.0,67.0,0.0,0.0,0.0,48.974556909443365,107916,0,0,0,35,SALT LAKE
1243,350338,395.0,1158.1504594923222,2.932026479727398,1774.0,367.0,7.0,1400.0,1829.9709221822209,241.0,126.0,3.0,4.0,74.0,392.0,36.0,898.0,0.0,0.0,0.0,55.97092218222099,79751,0,0,0,35,SALT LAKE
1244,350339,255.0,623.6194781881735,2.445566581130092,451.0,176.0,9.0,266.0,486.9813071171421,14.0,162.0,1.0,8.0,9.0,24.0,28.0,205.0,0.0,0.0,0.0,35.981307117142066,115751,0,0,0,35,SALT LAKE
1245,350340,415.0,1022.4458886573544,2.4637250329092875,56.0,1.0,0.0,55.0,114.96936444198283,1.0,0.0,0.0,0.0,11.0,32.0,10.0,2.0,0.0,0.0,0.0,58.969364441982826,156479,418,0,0,35,SALT LAKE
1246,350341,0.0,0.0,0.0,1828.0,193.0,583.0,1052.0,1828.0,193.0,0.0,329.0,254.0,278.0,236.0,0.0,538.0,0.0,0.0,0.0,0.0,69745,0,0,0,35,SALT LAKE
1247,350342,0.0,0.0,0.0,2472.0,302.0,1754.0,416.0,2472.0,253.0,49.0,88.0,1666.0,51.0,177.0,0.0,188.0,0.0,0.0,0.0,0.0,69745,0,0,0,35,SALT LAKE
1248,350343,0.0,0.0,0.0,17.0,0.0,1.0,16.0,17.0,0.0,0.0,0.0,1.0,1.0,1.0,0.0,14.0,0.0,0.0,0.0,0.0,64668,0,0,0,35,SALT LAKE
1249,350344,13.0,51.79563772327023,3.984279824866941,1795.0,93.0,903.0,799.0,1796.9989615065078,92.0,1.0,659.0,244.0,87.0,93.0,0.0,619.0,0.0,0.0,0.0,1.9989615065078925,37499,0,0,0,35,SALT LAKE
1250,350345,21.0,46.6160739509432,2.2198130452830096,1181.0,336.0,554.0,291.0,1183.9984422597618,305.0,31.0,77.0,477.0,3.0,146.0,0.0,142.0,0.0,0.0,0.0,2.9984422597618385,37499,0,0,0,35,SALT LAKE
1251,350346,0.0,0.0,0.0,223.0,41.0,126.0,56.0,223.0,41.0,0.0,17.0,109.0,1.0,50.0,0.0,5.0,0.0,0.0,0.0,0.0,37499,0,0,0,35,SALT LAKE
1252,350347,0.0,0.0,0.0,452.0,13.0,180.0,259.0,452.0,13.0,0.0,17.0,163.0,0.0,41.0,0.0,218.0,0.0,0.0,0.0,0.0,37499,0,0,0,35,SALT LAKE
1253,350348,2.0,2.0,1.0,1439.0,1074.0,158.0,207.0,1439.0,890.0,184.0,32.0,126.0,60.0,48.0,6.0,93.0,0.0,0.0,0.0,0.0,34686,0,0,0,35,SALT LAKE
1254,350349,0.0,0.0,0.0,700.0,303.0,307.0,90.0,700.0,300.0,3.0,273.0,34.0,3.0,44.0,0.0,43.0,0.0,0.0,0.0,0.0,34686,0,0,0,35,SALT LAKE
1255,350350,367.0,789.3655189026383,2.1508597245303496,463.0,10.0,146.0,307.0,514.9729991692052,10.0,0.0,9.0,137.0,34.0,97.0,19.0,157.0,0.0,0.0,0.0,51.9729991692052,34686,0,0,0,35,SALT LAKE
1256,350351,411.0,884.6694923134555,2.1524805165777505,222.0,42.0,27.0,153.0,280.9693644419828,8.0,34.0,12.0,15.0,28.0,2.0,7.0,116.0,0.0,0.0,0.0,58.969364441982826,34686,0,0,0,35,SALT LAKE
1257,350352,64.0,138.8123090983642,2.168942329661941,2252.0,125.0,807.0,1320.0,2260.9953267792857,31.0,94.0,727.0,80.0,904.0,220.0,3.0,193.0,0.0,0.0,0.0,8.995326779285516,34686,0,0,0,35,SALT LAKE
1258,350353,863.0,1661.6040581625089,1.925381295669188,6685.0,65.0,15.0,6605.0,6807.936132650236,51.0,14.0,0.0,15.0,19.0,6555.0,0.0,31.0,0.0,0.0,0.0,122.9361326502354,27074,0,0,0,35,SALT LAKE
1259,350354,614.0,1117.7498620681715,1.820439514769009,1314.0,17.0,4.0,1293.0,1403.954420785794,9.0,8.0,2.0,2.0,37.0,172.0,307.0,777.0,0.0,0.0,2.000114499446586,87.95430628634728,60370,0,0,0,35,SALT LAKE
1260,350355,578.0,1072.1697008716935,1.8549648804008545,479.0,165.0,0.0,314.0,561.9569025200775,69.0,96.0,0.0,0.0,62.0,27.0,10.0,215.0,0.0,0.0,0.0,82.95690252007753,67318,0,0,0,35,SALT LAKE
1261,350356,541.0,1144.683593684272,2.1158661620781367,555.0,97.0,17.0,441.0,631.9600180005539,13.0,84.0,14.0,3.0,127.0,6.0,172.0,136.0,0.0,0.0,0.0,76.96001800055386,54863,0,0,0,35,SALT LAKE
1262,350357,444.0,891.9208815947134,2.008830814402508,205.0,0.0,1.0,204.0,267.9672874549986,0.0,0.0,0.0,1.0,44.0,20.0,10.0,130.0,0.0,0.0,0.0,62.96728745499861,59906,0,0,0,35,SALT LAKE
1263,350358,231.0,464.0889140005012,2.009042917751088,686.0,24.0,0.0,662.0,718.9828648573803,0.0,24.0,0.0,0.0,5.0,628.0,2.0,27.0,0.0,0.0,0.0,32.98286485738023,60405,0,0,0,35,SALT LAKE
1264,350359,451.0,1116.713949313706,2.4760841448197475,357.0,153.0,3.0,201.0,420.9667682082526,22.0,131.0,0.0,3.0,17.0,2.0,141.0,41.0,0.0,0.0,0.0,63.96676820825256,92591,0,0,0,35,SALT LAKE
1265,350360,439.0,1057.666922309178,2.4092640599297908,38.0,4.0,1.0,33.0,100.96728745499861,4.0,0.0,1.0,0.0,4.0,18.0,0.0,11.0,0.0,0.0,0.0,62.96728745499861,116830,0,0,0,35,SALT LAKE
1266,350361,412.0,1123.965338594964,2.7280712101819518,15.0,6.0,0.0,9.0,73.96936444198283,6.0,0.0,0.0,0.0,7.0,0.0,0.0,2.0,0.0,0.0,0.0,58.969364441982826,94432,0,0,0,35,SALT LAKE
1267,350362,395.0,1071.1337881172285,2.71173110915754,64.0,1.0,2.0,61.0,119.97092218222099,1.0,0.0,1.0,1.0,17.0,16.0,10.0,18.0,0.0,0.0,0.0,55.97092218222099,86636,0,0,0,35,SALT LAKE
1268,350363,466.0,1317.6810236799945,2.8276416817167265,233.0,106.0,0.0,127.0,299.9652104680144,71.0,35.0,0.0,0.0,22.0,48.0,0.0,57.0,0.0,0.0,0.0,66.9652104680144,76455,556,0,0,35,SALT LAKE
1269,350364,440.0,1020.3740631484236,2.3190319617009623,391.0,32.0,18.0,341.0,453.9672874549986,2.0,30.0,1.0,17.0,10.0,224.0,4.0,103.0,0.0,0.0,0.0,62.96728745499861,99958,501,591,0,35,SALT LAKE
1270,350365,358.0,868.094888242009,2.4248460565419245,10.0,4.0,0.0,6.0,60.97351841595126,0.0,4.0,0.0,0.0,3.0,1.0,0.0,2.0,0.0,0.0,0.0,50.97351841595126,107730,0,0,0,35,SALT LAKE
1271,350366,293.0,666.0919011212551,2.273351198366058,439.0,197.0,24.0,218.0,480.97819163666577,116.0,81.0,2.0,22.0,6.0,6.0,58.0,148.0,0.0,0.0,0.0,41.97819163666574,67016,0,0,0,35,SALT LAKE
1272,350367,241.0,525.2077665139601,2.1792853382322,370.0,157.0,72.0,141.0,741.0016387673838,28.0,129.0,68.0,4.0,33.0,3.0,11.0,94.0,0.0,0.0,337.0192931567497,33.98234561063417,63303,0,0,0,35,SALT LAKE
1273,350368,932.0,2023.137609470935,2.170748508016025,678.0,440.0,5.0,233.0,899.936035408148,154.0,286.0,4.0,1.0,111.0,15.0,22.0,85.0,0.0,0.0,89.00509522537307,132.93094018277486,63303,0,0,0,35,SALT LAKE
1274,350369,312.0,622.5835654337081,1.9954601456208596,690.0,307.0,10.0,373.0,734.9766338964275,92.0,215.0,10.0,0.0,53.0,36.0,14.0,270.0,0.0,0.0,0.0,44.97663389642758,59906,0,0,0,35,SALT LAKE
1275,350370,147.0,323.2047793932062,2.198671968661267,2902.0,788.0,71.0,2043.0,2933.7019221506785,521.0,267.0,8.0,63.0,689.0,103.0,3.0,1248.0,0.0,10.712826332345486,0.0,20.98909581833287,63303,0,0,0,35,SALT LAKE
1276,350371,648.0,1339.435191523768,2.067029616549025,337.0,80.0,16.0,241.0,429.951710052617,31.0,49.0,1.0,15.0,66.0,18.0,18.0,139.0,0.0,0.0,0.0,92.951710052617,60405,0,0,0,35,SALT LAKE
1277,350372,0.0,0.0,0.0,23.0,6.0,0.0,17.0,23.0,0.0,6.0,0.0,0.0,0.0,17.0,0.0,0.0,0.0,0.0,0.0,0.0,83576,0,0,1832,35,SALT LAKE
1278,350373,461.0,1031.7691034475429,2.2381108534653857,28.0,0.0,0.0,28.0,93.96572971476046,0.0,0.0,0.0,0.0,9.0,8.0,4.0,7.0,0.0,0.0,0.0,65.96572971476046,83576,0,0,0,35,SALT LAKE
1279,350374,264.0,728.2466663891794,2.758510099959013,69.0,28.0,0.0,41.0,106.98026862364996,26.0,2.0,0.0,0.0,29.0,0.0,5.0,7.0,0.0,0.0,0.0,37.98026862364996,157449,0,0,0,35,SALT LAKE
1280,350375,675.0,1638.81397756427,2.427872559354474,637.0,28.0,3.0,606.0,732.9501523123788,2.0,26.0,2.0,1.0,140.0,64.0,21.0,381.0,0.0,0.0,0.0,95.95015231237883,72786,0,0,0,35,SALT LAKE
1281,350376,434.0,1033.8409289564738,2.3821219561209075,267.0,37.0,0.0,230.0,332.53874881371615,2.0,35.0,0.0,0.0,69.0,6.0,136.0,19.0,0.0,3.5709421119714677,0.0,61.96780670174467,109244,0,0,0,35,SALT LAKE
1282,350377,318.0,720.9952771079215,2.267280745622395,49.0,34.0,0.0,15.0,93.97663389642759,31.0,3.0,0.0,0.0,11.0,0.0,0.0,4.0,0.0,0.0,0.0,44.97663389642758,48050,0,0,0,35,SALT LAKE
1283,350378,260.0,608.0807868711925,2.338772257196894,33.0,1.0,27.0,5.0,72.9809596195659,1.0,0.0,0.0,27.0,1.0,0.0,1.0,3.0,0.0,0.0,3.000171749169879,36.980787870396014,67016,0,0,0,35,SALT LAKE
1284,350379,507.0,1194.4074058986114,2.3558331477290166,41.0,1.0,1.0,39.0,112.96261423428413,1.0,0.0,0.0,1.0,3.0,0.0,35.0,1.0,0.0,0.0,0.0,71.96261423428413,55325,0,0,0,35,SALT LAKE
1285,350380,172.0,370.8567660986148,2.156143988945435,3.0,0.0,0.0,3.0,27.987018831348657,0.0,0.0,0.0,0.0,0.0,0.0,0.0,3.0,0.0,0.0,0.0,24.987018831348657,63303,0,0,0,35,SALT LAKE
1286,350381,487.0,1165.40184877358,2.3930222767424643,81.0,23.0,4.0,54.0,150.96365272777624,17.0,6.0,1.0,3.0,15.0,1.0,0.0,38.0,0.0,0.0,0.0,69.96365272777624,73323,0,0,0,35,SALT LAKE
1287,350382,38.0,81.83710760276696,2.1536080948096568,386.0,54.0,7.0,325.0,390.9974037662697,37.0,17.0,1.0,6.0,35.0,7.0,45.0,238.0,0.0,0.0,0.0,4.997403766269732,63303,0,0,0,35,SALT LAKE
1288,350383,10.0,23.825993352704305,2.3825993352704304,695.0,488.0,0.0,207.0,770.0037172327776,202.0,286.0,0.0,0.0,44.0,0.0,83.0,80.0,0.0,0.0,74.00423647952367,0.9994807532539464,63303,0,0,0,35,SALT LAKE
1289,350384,161.0,405.0418869959732,2.515788117987411,34.0,0.0,0.0,34.0,56.98805732484077,0.0,0.0,0.0,0.0,6.0,0.0,0.0,28.0,0.0,0.0,0.0,22.988057324840764,73323,0,0,0,35,SALT LAKE
1290,350385,656.0,1617.0598097204966,2.46503019774466,103.0,40.0,0.0,63.0,196.95119080587097,0.0,40.0,0.0,0.0,20.0,11.0,16.0,16.0,0.0,0.0,0.0,93.95119080587097,90891,0,0,0,35,SALT LAKE
1291,350386,365.0,906.4236601572288,2.483352493581449,375.0,17.0,2.0,356.0,426.9729991692052,17.0,0.0,0.0,2.0,5.0,61.0,11.0,279.0,0.0,0.0,0.0,51.9729991692052,71658,0,0,0,35,SALT LAKE
1292,350387,303.0,838.0534183625123,2.765852865882879,115.0,17.0,0.0,98.0,157.9776723899197,4.0,13.0,0.0,0.0,2.0,7.0,1.0,88.0,0.0,0.0,0.0,42.97767238991969,122892,0,0,0,35,SALT LAKE
1293,350388,39.0,80.80119484830155,2.071825508930809,1038.0,235.0,2.0,801.0,1043.9968845195237,200.0,35.0,2.0,0.0,75.0,172.0,104.0,450.0,0.0,0.0,0.0,5.996884519523677,72786,0,0,0,35,SALT LAKE
1294,350389,0.0,0.0,0.0,0.0,0.0,0.0,0.0,0.0,0.0,0.0,0.0,0.0,0.0,0.0,0.0,0.0,0.0,0.0,0.0,0.0,47674,0,0,0,35,SALT LAKE
1295,350390,160.0,421.6164910674197,2.6351030691713726,0.0,0.0,0.0,0.0,22.988057324840764,0.0,0.0,0.0,0.0,0.0,0.0,0.0,0.0,0.0,0.0,0.0,22.988057324840764,74666,361,67,0,35,SALT LAKE
1296,350391,358.0,967.542512670688,2.7026327169572286,17.0,0.0,0.0,17.0,72.97380466456772,0.0,0.0,0.0,0.0,2.0,0.0,3.0,12.0,0.0,0.0,5.000286248616464,50.97351841595126,76749,0,0,0,35,SALT LAKE
1297,350392,407.0,1046.2718820100586,2.5706925847912987,349.0,86.0,1.0,262.0,406.9698836887289,53.0,33.0,1.0,0.0,38.0,31.0,66.0,127.0,0.0,0.0,0.0,57.969883688728885,70057,0,0,0,35,SALT LAKE
1298,350393,652.0,1719.6151724125716,2.6374465834548646,146.0,65.0,4.0,77.0,238.951710052617,36.0,29.0,1.0,3.0,14.0,19.0,2.0,42.0,0.0,0.0,0.0,92.951710052617,84114,0,0,0,35,SALT LAKE
1299,350394,296.0,826.6583780633928,2.7927647907547053,76.0,1.0,1.0,74.0,117.97819163666574,1.0,0.0,0.0,1.0,4.0,54.0,0.0,16.0,0.0,0.0,0.0,41.97819163666574,81276,628,0,0,35,SALT LAKE
1300,350395,147.0,360.4976385539608,2.4523648881221822,213.0,19.0,19.0,175.0,233.98909581833288,2.0,17.0,0.0,19.0,58.0,31.0,9.0,77.0,0.0,0.0,0.0,20.98909581833287,71658,0,0,0,35,SALT LAKE
1301,350396,375.0,820.4429015366004,2.187847737430934,1292.0,539.0,1.0,752.0,1345.971960675713,502.0,37.0,1.0,0.0,81.0,35.0,22.0,614.0,0.0,0.0,0.0,53.9719606757131,47989,0,0,0,35,SALT LAKE
1302,350397,4.0,4.0,1.0,78.0,0.0,77.0,1.0,83.00484988077072,0.0,0.0,58.0,19.0,0.0,1.0,0.0,0.0,4.005369127516778,0.0,0.0,0.9994807532539464,45129,0,0,0,35,SALT LAKE
1303,350398,364.0,1030.7331906930774,2.8316845898161467,434.0,22.0,88.0,324.0,742.994137508871,17.0,5.0,3.0,85.0,3.0,103.0,7.0,211.0,5.006711409395973,0.0,252.01442693026982,51.9729991692052,45129,0,0,0,35,SALT LAKE
1304,350399,263.0,888.8131433313171,3.379517655252156,7.0,1.0,3.0,3.0,52.99100687868352,1.0,0.0,0.0,3.0,0.0,3.0,0.0,0.0,8.010738255033557,0.0,0.0,37.98026862364996,51401,0,0,0,35,SALT LAKE
1305,350400,1.0,2.071825508930809,2.071825508930809,30.0,0.0,4.0,26.0,43.01744966442953,0.0,0.0,0.0,4.0,0.0,2.0,0.0,24.0,13.01744966442953,0.0,0.0,0.0,82805,0,0,0,35,SALT LAKE
1306,350401,1241.0,3532.4624927270293,2.846464538861426,488.0,59.0,8.0,421.0,671.9084940740115,13.0,46.0,7.0,1.0,30.0,350.0,22.0,19.0,0.0,0.0,7.000400748063051,176.9080933259485,47499,608,0,2581,35,SALT LAKE
1307,350402,305.0,965.470687161757,3.165477662825433,120.0,9.0,1.0,110.0,165.97983770693202,9.0,0.0,0.0,1.0,0.0,31.0,78.0,1.0,2.002684563758389,0.0,0.0,43.97715314317364,51401,448,0,0,35,SALT LAKE
1308,350403,583.0,1983.7729248012497,3.402697984221698,0.0,0.0,0.0,0.0,83.95824480195672,0.0,0.0,0.0,0.0,0.0,0.0,0.0,0.0,1.0013422818791946,0.0,0.0,82.95690252007753,82805,0,0,0,35,SALT LAKE
1309,350404,517.0,1710.2919576223828,3.3081082352463884,34.0,0.0,0.0,34.0,113.9696294320672,0.0,0.0,0.0,0.0,0.0,34.0,0.0,0.0,6.008053691275167,0.0,0.0,73.96157574079203,82805,378,102,0,35,SALT LAKE
1310,350405,832.0,3007.2547262130693,3.6144888536214776,23.0,3.0,1.0,19.0,141.9382096372196,0.0,3.0,0.0,1.0,1.0,2.0,0.0,16.0,0.0,0.0,0.0,118.9382096372196,56753,0,0,0,35,SALT LAKE
1311,350406,710.0,2292.47492563194,3.228837923425268,107.0,32.0,13.0,62.0,207.94755607864857,5.0,27.0,0.0,13.0,0.0,2.0,44.0,16.0,0.0,0.0,0.0,100.94755607864856,56215,0,0,0,35,SALT LAKE
1312,350407,963.0,3154.3543373471566,3.2755496753345343,130.0,32.0,7.0,91.0,268.9296862309237,28.0,4.0,0.0,7.0,7.0,67.0,1.0,16.0,1.0013422818791946,0.0,0.0,137.92834394904455,67131,478,0,0,35,SALT LAKE
1313,350408,0.0,0.0,0.0,7.0,0.0,5.0,2.0,19.016107382550334,0.0,0.0,0.0,5.0,0.0,2.0,0.0,0.0,12.016107382550334,0.0,0.0,0.0,79063,0,0,0,35,SALT LAKE
1314,350409,627.0,2188.8836501854,3.4910425042829343,206.0,84.0,20.0,102.0,295.9532677928552,7.0,77.0,13.0,7.0,0.0,76.0,1.0,25.0,0.0,0.0,0.0,89.95326779285516,79063,706,0,0,35,SALT LAKE
1315,350410,207.0,823.5506397999966,3.9785055062801766,762.0,410.0,0.0,352.0,822.9861973390405,268.0,142.0,0.0,0.0,23.0,2.0,50.0,277.0,0.0,0.0,31.00177474142208,29.984422597618387,67744,0,0,0,35,SALT LAKE
1316,350411,933.0,3653.664284999482,3.916038890674686,599.0,161.0,124.0,314.0,731.9309401827749,161.0,0.0,18.0,106.0,2.0,238.0,42.0,32.0,0.0,0.0,0.0,132.93094018277486,55950,492,1202,0,35,SALT LAKE
1317,350412,75.0,247.5831483172317,3.301108644229756,59.0,14.0,8.0,37.0,76.00234197706857,14.0,0.0,2.0,6.0,0.0,3.0,0.0,34.0,6.008053691275167,0.0,0.0,10.99428828579341,67744,0,0,0,35,SALT LAKE
1318,350413,309.0,1177.832801827165,3.8117566402173626,0.0,0.0,0.0,0.0,43.97715314317364,0.0,0.0,0.0,0.0,0.0,0.0,0.0,0.0,0.0,0.0,0.0,43.97715314317364,67744,0,0,0,35,SALT LAKE
1319,350414,0.0,0.0,0.0,153.0,0.0,153.0,0.0,153.0,0.0,0.0,153.0,0.0,0.0,0.0,0.0,0.0,0.0,0.0,0.0,0.0,75048,0,0,0,35,SALT LAKE
1320,350415,432.0,1672.9990984616284,3.8726830982908074,8.0,0.0,0.0,8.0,69.96780670174468,0.0,0.0,0.0,0.0,0.0,0.0,0.0,8.0,0.0,0.0,0.0,61.96780670174467,75048,0,0,0,35,SALT LAKE
1321,350416,0.0,0.0,0.0,291.0,16.0,257.0,18.0,291.0,16.0,0.0,1.0,256.0,0.0,4.0,0.0,14.0,0.0,0.0,0.0,0.0,76219,0,0,0,35,SALT LAKE
1322,350417,0.0,0.0,0.0,180.0,1.0,98.0,81.0,185.00671140939596,1.0,0.0,5.0,93.0,0.0,29.0,0.0,52.0,5.006711409395973,0.0,0.0,0.0,76219,0,0,0,35,SALT LAKE
1323,350418,0.0,0.0,0.0,57.0,1.0,9.0,47.0,57.0,1.0,0.0,0.0,9.0,0.0,12.0,0.0,35.0,0.0,0.0,0.0,0.0,76219,0,0,0,35,SALT LAKE
1324,350419,0.0,0.0,0.0,2302.0,17.0,1520.0,765.0,2302.0,16.0,1.0,25.0,1495.0,4.0,3.0,0.0,758.0,0.0,0.0,0.0,0.0,69745,0,0,0,35,SALT LAKE
1325,350420,0.0,0.0,0.0,1674.0,107.0,1366.0,201.0,1678.761256148998,107.0,0.0,134.0,1232.0,141.0,35.0,0.0,25.0,0.0,4.76125614899788,0.0,0.0,69745,0,0,0,35,SALT LAKE
1326,350421,0.0,0.0,0.0,3302.0,335.0,2284.0,683.0,3302.0,335.0,0.0,1707.0,577.0,144.0,10.0,83.0,446.0,0.0,0.0,0.0,0.0,69745,0,0,0,35,SALT LAKE
1327,350422,329.0,1149.863157456599,3.495024794700909,3499.0,57.0,1661.0,1781.0,3545.9755954029356,14.0,43.0,849.0,812.0,91.0,145.0,35.0,1510.0,0.0,0.0,0.0,46.97559540293548,44002,220,78,342,35,SALT LAKE
1328,350423,0.0,0.0,0.0,3164.0,131.0,2630.0,403.0,3164.0,73.0,58.0,246.0,2384.0,353.0,2.0,0.0,48.0,0.0,0.0,0.0,0.0,44002,0,0,0,35,SALT LAKE
1329,350424,0.0,0.0,0.0,972.0,20.0,609.0,343.0,974.0001144994466,13.0,7.0,342.0,267.0,86.0,103.0,0.0,154.0,0.0,0.0,2.000114499446586,0.0,44002,0,0,0,35,SALT LAKE
1330,350425,0.0,0.0,0.0,4939.0,219.0,2563.0,2157.0,4939.0,145.0,74.0,1367.0,1196.0,362.0,664.0,45.0,1086.0,0.0,0.0,0.0,0.0,37336,0,0,0,35,SALT LAKE
1331,350426,789.0,2340.126912337349,2.9659403198192003,3676.0,142.0,342.0,3192.0,3958.9536276349677,106.0,36.0,146.0,196.0,488.0,261.0,1076.0,1367.0,2.002684563758389,0.0,168.0096179535132,112.94132511769592,42499,0,0,197,35,SALT LAKE
1332,350427,47.0,126.38135604477937,2.688965022229348,531.0,20.0,378.0,133.0,543.9967087711174,20.0,0.0,351.0,27.0,1.0,131.0,0.0,1.0,0.0,0.0,6.000343498339758,6.996365272777624,76219,0,0,0,35,SALT LAKE
1333,350428,1.0,1.0,1.0,0.0,0.0,0.0,0.0,9.012080536912752,0.0,0.0,0.0,0.0,0.0,0.0,0.0,0.0,9.012080536912752,0.0,0.0,0.0,76219,0,0,0,35,SALT LAKE
1334,350429,287.0,935.4292172822604,3.2593352518545657,476.0,232.0,38.0,206.0,524.9791688811981,173.0,59.0,9.0,29.0,1.0,21.0,8.0,176.0,0.0,0.0,8.000457997786343,40.97871088341179,76219,0,0,0,35,SALT LAKE
1335,350430,13.0,38.32877191521997,2.948367070401536,2145.0,631.0,692.0,822.0,2401.0160730005364,286.0,345.0,47.0,645.0,49.0,362.0,1.0,410.0,2.002684563758389,0.0,252.01442693026982,1.9989615065078925,69745,0,0,0,35,SALT LAKE
1336,350431,0.0,0.0,0.0,1445.0,0.0,0.0,1445.0,1445.0,0.0,0.0,0.0,0.0,1346.0,6.0,41.0,52.0,0.0,0.0,0.0,0.0,69745,0,0,0,35,SALT LAKE
1337,350432,0.0,0.0,0.0,5072.0,65.0,1.0,5006.0,5072.0,0.0,65.0,1.0,0.0,926.0,7.0,6.0,4067.0,0.0,0.0,0.0,0.0,69745,0,0,0,35,SALT LAKE
1338,350433,496.0,1747.5848167831375,3.5233564854498742,91.0,0.0,0.0,91.0,162.9644757629094,0.0,0.0,0.0,0.0,26.0,59.0,0.0,6.0,1.0013422818791946,0.0,0.0,70.96313348103018,76219,706,0,0,35,SALT LAKE
1339,350434,246.0,786.257780639242,3.196169839996919,0.0,0.0,0.0,0.0,34.98182636388812,0.0,0.0,0.0,0.0,0.0,0.0,0.0,0.0,0.0,0.0,0.0,34.98182636388812,76219,0,0,0,35,SALT LAKE
1340,350435,332.0,1130.1808151217565,3.404159081692037,0.0,0.0,0.0,0.0,46.97559540293548,0.0,0.0,0.0,0.0,0.0,0.0,0.0,0.0,0.0,0.0,0.0,46.97559540293548,78784,0,0,0,35,SALT LAKE
1341,350436,196.0,623.6194781881735,3.181732031572314,576.0,245.0,29.0,302.0,603.9854610911104,119.0,126.0,2.0,27.0,1.0,40.0,64.0,197.0,0.0,0.0,0.0,27.98546109111049,78784,0,0,0,35,SALT LAKE
1342,350437,954.0,3437.1585193162123,3.602891529681565,1201.0,568.0,10.0,623.0,1535.940775137472,255.0,313.0,5.0,5.0,38.0,312.0,48.0,225.0,0.0,0.0,199.0113926949353,135.92938244253668,69745,1825,131,0,35,SALT LAKE
1343,350438,0.0,0.0,0.0,1185.0,4.0,0.0,1181.0,1185.0,4.0,0.0,0.0,0.0,455.0,1.0,0.0,725.0,0.0,0.0,0.0,0.0,69745,0,0,0,35,SALT LAKE
1344,350439,0.0,0.0,0.0,920.0,11.0,90.0,819.0,924.0053691275168,4.0,7.0,0.0,90.0,268.0,164.0,48.0,339.0,4.005369127516778,0.0,0.0,0.0,69745,0,0,0,35,SALT LAKE
1345,350440,273.0,977.901640215342,3.5820572901660874,0.0,0.0,0.0,0.0,38.979749376903904,0.0,0.0,0.0,0.0,0.0,0.0,0.0,0.0,0.0,0.0,0.0,38.979749376903904,69845,0,0,0,35,SALT LAKE
1346,350441,0.0,0.0,0.0,463.0,44.0,202.0,217.0,463.0,43.0,1.0,20.0,182.0,0.0,173.0,0.0,44.0,0.0,0.0,0.0,0.0,69745,738,592,303,35,SALT LAKE
1347,350442,758.0,2599.1051009537,3.428898550070844,289.0,35.0,159.0,95.0,396.9439213514262,12.0,23.0,99.0,60.0,2.0,8.0,0.0,85.0,0.0,0.0,0.0,107.9439213514262,54846,0,0,0,35,SALT LAKE
1348,350443,589.0,1957.8751059396143,3.324066393785424,272.0,22.0,47.0,203.0,355.9563832733315,22.0,0.0,5.0,42.0,0.0,109.0,9.0,85.0,0.0,0.0,0.0,83.95638327333148,52889,848,0,0,35,SALT LAKE
1349,350444,411.0,1334.2556277514411,3.2463640577893944,4.0,1.0,0.0,3.0,62.969364441982826,0.0,1.0,0.0,0.0,0.0,0.0,0.0,3.0,0.0,0.0,0.0,58.969364441982826,53656,0,0,0,35,SALT LAKE
1350,350445,304.0,934.3933045277948,3.0736621859466937,1317.0,85.0,59.0,1173.0,1359.9776723899197,16.0,69.0,28.0,31.0,578.0,319.0,36.0,240.0,0.0,0.0,0.0,42.97767238991969,37336,343,244,224,35,SALT LAKE
1351,350446,287.0,859.8075862062858,2.995845248105525,1955.0,22.0,302.0,1631.0,1995.9787108834118,17.0,5.0,140.0,162.0,602.0,127.0,239.0,663.0,0.0,0.0,0.0,40.97871088341179,37336,0,0,0,35,SALT LAKE
1352,350447,200.0,627.7631292060352,3.138815646030176,779.0,50.0,103.0,626.0,807.9849418443645,50.0,0.0,62.0,41.0,83.0,177.0,39.0,327.0,0.0,0.0,0.0,28.98494184436444,37336,569,0,0,35,SALT LAKE
1353,350448,239.0,754.1444852508145,3.1554162562795582,131.0,16.0,13.0,102.0,166.98503017439253,13.0,3.0,6.0,7.0,7.0,21.0,7.0,67.0,2.002684563758389,0.0,0.0,33.98234561063417,41116,0,0,0,35,SALT LAKE
1354,350449,1041.0,3507.60058661986,3.369453013083439,37.0,30.0,1.0,6.0,185.922632234838,2.0,28.0,0.0,1.0,1.0,3.0,0.0,2.0,0.0,0.0,0.0,148.922632234838,76219,0,0,0,35,SALT LAKE
1355,350450,685.0,2324.588221020368,3.3935594467450625,1.0,0.0,0.0,1.0,102.95448294640349,0.0,0.0,0.0,0.0,0.0,1.0,0.0,0.0,4.005369127516778,0.0,0.0,97.94911381888672,84164,685,0,0,35,SALT LAKE
1356,350451,1.0,1.0,1.0,892.0,612.0,0.0,280.0,893.0013422818791,424.0,188.0,0.0,0.0,0.0,182.0,5.0,93.0,1.0013422818791946,0.0,0.0,0.0,84164,0,0,0,35,SALT LAKE
1357,350452,216.0,867.0589754875436,4.014161923553443,245.0,190.0,1.0,54.0,292.9848765961683,51.0,139.0,0.0,1.0,11.0,14.0,21.0,8.0,0.0,0.0,17.00097324529598,30.983903350872332,79849,0,0,0,35,SALT LAKE
1358,350453,502.0,2177.4886098862803,4.337626712920877,333.0,51.0,44.0,238.0,404.96261423428416,27.0,24.0,4.0,40.0,2.0,48.0,2.0,186.0,0.0,0.0,0.0,71.96261423428413,79849,537,0,0,35,SALT LAKE
1359,350454,351.0,1295.926855836221,3.692099304376698,0.0,0.0,0.0,0.0,49.97403766269731,0.0,0.0,0.0,0.0,0.0,0.0,0.0,0.0,0.0,0.0,0.0,49.97403766269731,63421,0,0,0,35,SALT LAKE
1360,350455,377.0,1439.9187287069124,3.819413073493136,72.0,34.0,7.0,31.0,125.97196067571309,9.0,25.0,0.0,7.0,25.0,1.0,3.0,2.0,0.0,0.0,0.0,53.9719606757131,70922,0,0,0,35,SALT LAKE
1361,350456,279.0,1022.4458886573544,3.6646806045066462,106.0,2.0,24.0,80.0,145.97923013015784,2.0,0.0,2.0,22.0,2.0,53.0,3.0,22.0,0.0,0.0,0.0,39.97923013015785,62388,608,0,0,35,SALT LAKE
1362,350457,285.0,1075.27743913509,3.772903295210842,0.0,0.0,0.0,0.0,40.97871088341179,0.0,0.0,0.0,0.0,0.0,0.0,0.0,0.0,0.0,0.0,0.0,40.97871088341179,71274,0,0,0,35,SALT LAKE
1363,350458,676.0,2463.400530118732,3.644083624435994,1344.0,190.0,9.0,1145.0,1440.9496330656327,188.0,2.0,3.0,6.0,27.0,134.0,563.0,421.0,0.0,0.0,0.0,96.94963306563278,33328,0,0,0,35,SALT LAKE
1364,350459,680.0,2501.729302033952,3.6790136794616943,553.0,219.0,5.0,329.0,649.9496330656327,171.0,48.0,0.0,5.0,43.0,24.0,15.0,247.0,0.0,0.0,0.0,96.94963306563278,36857,0,0,0,35,SALT LAKE
1365,350460,158.0,571.8238404649034,3.619138230790528,139.0,78.0,0.0,61.0,161.98805732484075,36.0,42.0,0.0,0.0,0.0,0.0,46.0,15.0,0.0,0.0,0.0,22.988057324840764,36857,0,0,0,35,SALT LAKE
1366,350461,653.0,2263.4693685069087,3.466262432629263,1112.0,159.0,38.0,915.0,1204.951710052617,47.0,112.0,28.0,10.0,2.0,273.0,25.0,615.0,0.0,0.0,0.0,92.951710052617,46904,701,918,0,35,SALT LAKE
1367,350462,517.0,1793.1649779796153,3.4684042127265284,335.0,116.0,3.0,216.0,418.96214823802495,56.0,60.0,0.0,3.0,8.0,2.0,0.0,206.0,0.0,0.0,10.000572497232929,73.96157574079203,63726,0,0,0,35,SALT LAKE
1368,350463,342.0,1172.653238054838,3.428810637587245,77.0,33.0,2.0,42.0,125.97455690944336,33.0,0.0,0.0,2.0,8.0,0.0,0.0,34.0,0.0,0.0,0.0,48.974556909443365,47226,0,0,0,35,SALT LAKE
1369,350464,0.0,0.0,0.0,2334.0,472.0,0.0,1862.0,2334.0,7.0,465.0,0.0,0.0,165.0,2.0,0.0,1695.0,0.0,0.0,0.0,0.0,49530,0,0,0,35,SALT LAKE
1370,350465,404.0,1235.8439160772275,3.059019594250563,817.0,322.0,72.0,423.0,874.9698836887289,179.0,143.0,9.0,63.0,12.0,30.0,0.0,381.0,0.0,0.0,0.0,57.969883688728885,49530,0,0,0,35,SALT LAKE
1371,350466,575.0,1760.0157698367225,3.0608969910203867,695.0,155.0,42.0,498.0,776.9574217668236,82.0,73.0,11.0,31.0,105.0,51.0,0.0,342.0,0.0,0.0,0.0,81.95742176682359,41116,0,0,0,35,SALT LAKE
1372,350467,699.0,2705.8041146636365,3.870964398660424,238.0,18.0,49.0,171.0,340.9521021710322,18.0,0.0,28.0,21.0,0.0,96.0,0.0,75.0,3.004026845637584,0.0,0.0,99.94807532539464,78175,536,0,0,35,SALT LAKE
1373,350468,893.0,3429.907130034954,3.8408814446080113,367.0,12.0,23.0,332.0,494.93353641650515,12.0,0.0,0.0,23.0,0.0,136.0,77.0,119.0,0.0,0.0,0.0,127.93353641650512,74796,0,816,0,35,SALT LAKE
1374,350469,142.0,529.3514175318218,3.7278268840269138,177.0,1.0,16.0,160.0,198.99229962883732,1.0,0.0,1.0,15.0,0.0,88.0,5.0,67.0,2.002684563758389,0.0,0.0,19.98961506507893,60646,495,0,0,35,SALT LAKE
1375,350470,229.0,856.6998479428895,3.741047370929648,621.0,441.0,4.0,176.0,664.9847796364924,438.0,3.0,1.0,3.0,1.0,39.0,44.0,92.0,1.0013422818791946,0.0,10.000572497232929,32.98286485738023,60646,483,0,0,35,SALT LAKE
1376,350471,716.0,2476.867395926782,3.4593120054843327,374.0,38.0,16.0,320.0,498.94963860769417,18.0,20.0,0.0,16.0,6.0,55.0,3.0,256.0,1.0013422818791946,0.0,22.001259493912443,101.94703683190252,58856,255,0,0,35,SALT LAKE
1377,350472,927.0,3298.346210217848,3.5580865266643453,160.0,38.0,27.0,95.0,291.93145942952094,33.0,5.0,6.0,21.0,4.0,4.0,41.0,46.0,0.0,0.0,0.0,131.9314594295209,68968,0,0,0,35,SALT LAKE
1378,350473,414.0,1710.2919576223828,4.131139994256963,425.0,121.0,52.0,252.0,483.9693644419828,94.0,27.0,3.0,49.0,7.0,74.0,1.0,170.0,0.0,0.0,0.0,58.969364441982826,64858,350,0,0,35,SALT LAKE
1379,350474,439.0,1749.6566422920682,3.9855504380229343,1148.0,571.0,9.0,568.0,1210.9672874549985,557.0,14.0,5.0,4.0,179.0,152.0,43.0,194.0,0.0,0.0,0.0,62.96728745499861,44924,550,0,0,35,SALT LAKE
1380,350475,206.0,793.5091699204999,3.851986261749999,161.0,128.0,0.0,33.0,189.98494184436444,115.0,13.0,0.0,0.0,16.0,0.0,0.0,17.0,0.0,0.0,0.0,28.98494184436444,83458,0,0,0,35,SALT LAKE
1381,350476,81.0,303.52243705836355,3.7471905809674513,892.0,150.0,21.0,721.0,903.9937690390474,149.0,1.0,12.0,9.0,8.0,196.0,1.0,516.0,0.0,0.0,0.0,11.993769039047354,83458,0,0,3170,35,SALT LAKE
1382,350477,612.0,2132.944361444268,3.4852032049742943,771.0,318.0,12.0,441.0,857.9548255330933,208.0,110.0,7.0,5.0,2.0,26.0,20.0,393.0,0.0,0.0,0.0,86.95482553309333,37849,0,0,0,35,SALT LAKE
1383,350478,662.0,1684.394138760748,2.544402022297202,1359.0,159.0,1.0,1199.0,1519.9544500408622,16.0,143.0,1.0,0.0,106.0,718.0,24.0,351.0,0.0,0.0,66.00377848173733,94.9506715591249,51435,0,0,0,35,SALT LAKE
1384,350479,94.0,231.0085442457852,2.457537704742396,1427.0,1130.0,25.0,272.0,1439.9932497923014,644.0,486.0,0.0,25.0,158.0,1.0,0.0,113.0,0.0,0.0,0.0,12.9932497923013,47387,0,0,0,35,SALT LAKE
1385,350480,579.0,1568.3719102606224,2.7087597759250817,121.0,31.0,2.0,88.0,203.95690252007753,0.0,31.0,1.0,1.0,3.0,2.0,1.0,82.0,0.0,0.0,0.0,82.95690252007753,52933,0,0,0,35,SALT LAKE
1386,350481,456.0,1242.05939260402,2.7238144574649565,1076.0,129.0,107.0,840.0,1150.9668214587396,100.0,29.0,26.0,81.0,54.0,118.0,69.0,599.0,0.0,0.0,10.000572497232929,64.96624896150651,41157,840,0,0,35,SALT LAKE
1387,350482,674.0,2054.214992104897,3.047796724191242,1404.0,689.0,175.0,540.0,1499.9501523123788,630.0,59.0,159.0,16.0,44.0,112.0,9.0,375.0,0.0,0.0,0.0,95.95015231237883,55456,0,0,0,35,SALT LAKE
1388,350483,879.0,2659.188040712693,3.02524236713617,0.0,0.0,0.0,0.0,125.93457490999722,0.0,0.0,0.0,0.0,0.0,0.0,0.0,0.0,0.0,0.0,0.0,125.93457490999722,49968,0,0,0,35,SALT LAKE
1389,350484,1080.0,4102.214507683002,3.79834676637315,9.0,0.0,2.0,7.0,164.11035003813413,0.0,0.0,0.0,2.0,1.0,1.0,0.0,5.0,0.0,1.1903140370264127,0.0,153.92003600110772,58948,0,0,0,35,SALT LAKE
1390,350485,486.0,1920.58224677886,3.951815322590247,58.0,13.0,23.0,22.0,126.96417197452229,8.0,5.0,0.0,23.0,0.0,0.0,0.0,22.0,0.0,0.0,0.0,68.96417197452229,70286,0,0,0,35,SALT LAKE
1391,350486,475.0,1938.192763604772,4.08040581811531,89.0,42.0,1.0,46.0,156.96469122126834,42.0,0.0,0.0,1.0,3.0,35.0,7.0,1.0,0.0,0.0,0.0,67.96469122126834,60179,0,0,0,35,SALT LAKE
1392,350487,209.0,835.9815928535814,3.999911927529098,34.0,6.0,3.0,25.0,63.98442259761839,6.0,0.0,0.0,3.0,6.0,1.0,4.0,14.0,0.0,0.0,0.0,29.984422597618387,77419,0,0,0,35,SALT LAKE
1393,350488,233.0,908.4954856661598,3.899122256077939,18.0,0.0,4.0,14.0,50.98286485738023,0.0,0.0,0.0,4.0,0.0,0.0,0.0,14.0,0.0,0.0,0.0,32.98286485738023,77419,0,0,0,35,SALT LAKE
1394,350489,405.0,1423.3441246354655,3.51442993737152,125.0,2.0,12.0,111.0,182.96988368872888,1.0,1.0,1.0,11.0,1.0,74.0,2.0,34.0,0.0,0.0,0.0,57.969883688728885,72491,555,0,0,35,SALT LAKE
1395,350490,370.0,1294.8909430817555,3.499705251572313,65.0,0.0,0.0,65.0,117.97247992245914,0.0,0.0,0.0,0.0,0.0,46.0,19.0,0.0,0.0,0.0,0.0,52.97247992245915,65436,571,0,0,35,SALT LAKE
1396,350491,296.0,762.4317872865378,2.575783065157222,0.0,0.0,0.0,0.0,41.97819163666574,0.0,0.0,0.0,0.0,0.0,0.0,0.0,0.0,0.0,0.0,0.0,41.97819163666574,66767,0,0,0,35,SALT LAKE
1397,350492,319.0,842.1970693803739,2.6401162049541504,0.0,0.0,0.0,0.0,45.97611464968153,0.0,0.0,0.0,0.0,0.0,0.0,0.0,0.0,0.0,0.0,0.0,45.97611464968153,47387,0,0,0,35,SALT LAKE
1398,350493,120.0,334.59981969232564,2.7883318307693803,0.0,0.0,0.0,0.0,16.991172805317085,0.0,0.0,0.0,0.0,0.0,0.0,0.0,0.0,0.0,0.0,0.0,16.991172805317085,52933,0,0,0,35,SALT LAKE
1399,350494,1480.0,4065.957561276713,2.747268622484265,166.0,29.0,2.0,135.0,376.89043893658265,22.0,7.0,2.0,0.0,3.0,33.0,8.0,91.0,0.0,0.0,0.0,210.89043893658263,31069,0,0,0,35,SALT LAKE
1400,350495,842.0,2544.201724967033,3.021617250554672,581.0,288.0,76.0,217.0,978.9536058135491,286.0,2.0,55.0,21.0,4.0,24.0,4.0,185.0,0.0,0.0,278.01591542307546,119.93769039047356,59727,0,0,0,35,SALT LAKE
1401,350496,0.0,0.0,0.0,132.0,7.0,93.0,32.0,132.0,7.0,0.0,1.0,92.0,2.0,7.0,0.0,23.0,0.0,0.0,0.0,0.0,79063,0,0,0,35,SALT LAKE
1402,350497,1.0,1.0,1.0,4.0,0.0,0.0,4.0,4.0,0.0,0.0,0.0,0.0,4.0,0.0,0.0,0.0,0.0,0.0,0.0,0.0,79063,0,0,0,35,SALT LAKE
1403,350498,0.0,0.0,0.0,304.0,7.0,194.0,103.0,304.0,7.0,0.0,2.0,192.0,1.0,19.0,0.0,83.0,0.0,0.0,0.0,0.0,91680,0,0,0,35,SALT LAKE
1404,350499,186.0,764.5036127954686,4.110234477394992,53.0,9.0,0.0,44.0,79.98598033785655,9.0,0.0,0.0,0.0,0.0,20.0,14.0,10.0,0.0,0.0,0.0,26.98598033785655,91680,0,0,0,35,SALT LAKE
1405,350500,521.0,2225.140596591689,4.27090325641399,145.0,0.0,49.0,96.0,218.96157574079203,0.0,0.0,24.0,25.0,2.0,55.0,1.0,38.0,0.0,0.0,0.0,73.96157574079203,86131,590,0,0,35,SALT LAKE
1406,350501,228.0,986.1889422510652,4.325390097592391,1025.0,351.0,66.0,608.0,1058.9842071392595,351.0,0.0,0.0,66.0,4.0,436.0,0.0,168.0,1.0013422818791946,0.0,0.0,32.98286485738023,78083,0,0,2559,35,SALT LAKE
1407,350502,345.0,1400.554044037227,4.059576939238339,362.0,57.0,220.0,85.0,411.9758991913226,37.0,20.0,6.0,214.0,2.0,19.0,35.0,29.0,1.0013422818791946,0.0,0.0,48.974556909443365,74436,0,0,0,35,SALT LAKE
1408,350503,440.0,1762.0875953456532,4.004744534876485,16.0,11.0,0.0,5.0,78.96728745499861,11.0,0.0,0.0,0.0,0.0,0.0,0.0,5.0,0.0,0.0,0.0,62.96728745499861,66802,0,0,0,35,SALT LAKE
1409,350504,491.0,1632.5985010374775,3.3250478636201173,5.0,2.0,1.0,2.0,74.96365272777624,2.0,0.0,0.0,1.0,1.0,0.0,0.0,1.0,0.0,0.0,0.0,69.96365272777624,53952,0,0,0,35,SALT LAKE
1410,350505,396.0,1349.794319068422,3.4085715127990457,135.0,53.0,53.0,29.0,194.97442978111252,13.0,40.0,52.0,1.0,2.0,0.0,1.0,26.0,3.004026845637584,0.0,0.0,56.97040293547494,63957,0,0,0,35,SALT LAKE
1411,350506,336.0,1390.194916492573,4.13748487051361,0.0,0.0,0.0,0.0,47.97507615618942,0.0,0.0,0.0,0.0,0.0,0.0,0.0,0.0,0.0,0.0,0.0,47.97507615618942,82752,0,0,0,35,SALT LAKE
1412,350507,234.0,963.3988616528262,4.117089152362505,362.0,22.0,62.0,278.0,394.9828648573802,22.0,0.0,1.0,61.0,0.0,10.0,257.0,11.0,0.0,0.0,0.0,32.98286485738023,82752,0,0,0,35,SALT LAKE
1413,350508,485.0,1778.6621994170996,3.667344741066185,55.0,6.0,0.0,49.0,123.96417197452229,6.0,0.0,0.0,0.0,0.0,43.0,0.0,6.0,0.0,0.0,0.0,68.96417197452229,65997,378,0,0,35,SALT LAKE
1414,350509,498.0,1624.3111990017544,3.261669074300712,113.0,2.0,0.0,111.0,183.96313348103018,2.0,0.0,0.0,0.0,1.0,110.0,0.0,0.0,0.0,0.0,0.0,70.96313348103018,80130,0,720,0,35,SALT LAKE
1415,350510,618.0,2587.7100606545805,4.187233107855309,0.0,0.0,0.0,0.0,87.95430628634728,0.0,0.0,0.0,0.0,0.0,0.0,0.0,0.0,0.0,0.0,0.0,87.95430628634728,91680,0,0,0,35,SALT LAKE
1416,350511,797.0,3185.431719981119,3.9967775658483298,100.0,29.0,6.0,65.0,213.94080587094987,28.0,1.0,2.0,4.0,0.0,53.0,1.0,11.0,0.0,0.0,0.0,113.94080587094987,75952,0,0,0,35,SALT LAKE
1417,350512,332.0,1361.1893593675416,4.099967949902234,133.0,3.0,9.0,121.0,179.97559540293548,3.0,0.0,1.0,8.0,11.0,86.0,4.0,20.0,0.0,0.0,0.0,46.97559540293548,71522,501,0,0,35,SALT LAKE
1418,350513,450.0,1450.2778562515664,3.222839680559036,121.0,6.0,8.0,107.0,184.96676820825257,6.0,0.0,4.0,4.0,0.0,93.0,0.0,14.0,0.0,0.0,0.0,63.96676820825256,51081,458,693,0,35,SALT LAKE
1419,350514,594.0,1987.9165758191116,3.346660902052376,394.0,291.0,1.0,102.0,478.95586402658546,291.0,0.0,1.0,0.0,5.0,28.0,2.0,67.0,0.0,0.0,0.0,84.95586402658543,57679,0,0,0,35,SALT LAKE
1420,350515,442.0,1660.5681454080434,3.756941505448062,640.0,496.0,0.0,144.0,702.9672874549987,460.0,36.0,0.0,0.0,1.0,12.0,14.0,117.0,0.0,0.0,0.0,62.96728745499861,68359,0,0,0,35,SALT LAKE
1421,350516,110.0,438.1910951388661,3.983555410353328,185.0,33.0,0.0,152.0,200.99169205206314,33.0,0.0,0.0,0.0,37.0,0.0,87.0,28.0,0.0,0.0,0.0,15.99169205206314,68359,0,0,0,35,SALT LAKE
1422,350517,476.0,1693.7173535509364,3.5582297343507068,15.0,0.0,0.0,15.0,82.96469122126834,0.0,0.0,0.0,0.0,0.0,0.0,0.0,15.0,0.0,0.0,0.0,67.96469122126834,67096,0,0,0,35,SALT LAKE
1423,350518,603.0,1955.803280430684,3.2434548597523776,442.0,85.0,0.0,357.0,527.9553447798394,5.0,80.0,0.0,0.0,29.0,80.0,39.0,209.0,0.0,0.0,0.0,85.95534477983938,59173,369,0,0,35,SALT LAKE
1424,350519,0.0,0.0,0.0,101.0,1.0,23.0,77.0,101.0,1.0,0.0,3.0,20.0,0.0,64.0,0.0,13.0,0.0,0.0,0.0,0.0,91680,0,0,0,35,SALT LAKE
1425,350520,0.0,0.0,0.0,1075.0,2.0,1071.0,2.0,1190.0065837181787,2.0,0.0,1071.0,0.0,0.0,2.0,0.0,0.0,0.0,0.0,115.00658371817869,0.0,91680,0,0,0,35,SALT LAKE
1426,350521,314.0,1311.465547153202,4.176641869914657,779.0,34.0,204.0,541.0,823.9766338964275,34.0,0.0,2.0,202.0,231.0,263.0,0.0,47.0,0.0,0.0,0.0,44.97663389642758,91680,414,0,0,35,SALT LAKE
1427,350522,0.0,0.0,0.0,824.0,0.0,823.0,1.0,824.0,0.0,0.0,586.0,237.0,0.0,1.0,0.0,0.0,0.0,0.0,0.0,0.0,91680,0,0,0,35,SALT LAKE
1428,350523,0.0,0.0,0.0,56.0,0.0,51.0,5.0,56.0,0.0,0.0,0.0,51.0,0.0,1.0,0.0,4.0,0.0,0.0,0.0,0.0,91680,0,0,0,35,SALT LAKE
1429,350524,0.0,0.0,0.0,63.0,0.0,62.0,1.0,85.02953020134228,0.0,0.0,62.0,0.0,1.0,0.0,0.0,0.0,22.029530201342283,0.0,0.0,0.0,79063,0,0,0,35,SALT LAKE
1430,350525,19.0,63.19067802238968,3.325825159073141,0.0,0.0,0.0,0.0,7.003811387278617,0.0,0.0,0.0,0.0,0.0,0.0,0.0,0.0,4.005369127516778,0.0,0.0,2.9984422597618385,79063,0,0,0,35,SALT LAKE
1431,350526,3.0,6.215476526792427,2.071825508930809,0.0,0.0,0.0,0.0,0.0,0.0,0.0,0.0,0.0,0.0,0.0,0.0,0.0,0.0,0.0,0.0,0.0,67420,0,0,0,35,SALT LAKE
1432,350527,0.0,0.0,0.0,35.0,0.0,30.0,5.0,154.03140370264128,0.0,0.0,30.0,0.0,0.0,5.0,0.0,0.0,0.0,119.03140370264128,0.0,0.0,67420,0,0,0,35,SALT LAKE
1433,350528,761.0,3157.4620756105533,4.1490960257694525,330.0,0.0,294.0,36.0,443.9501135140761,0.0,0.0,287.0,7.0,0.0,28.0,1.0,7.0,5.006711409395973,0.0,0.0,108.94340210468016,67420,0,0,0,35,SALT LAKE
1434,350529,314.0,1100.1393452422597,3.5036284880326742,6.0,2.0,4.0,0.0,199.01080749859298,2.0,0.0,4.0,0.0,0.0,0.0,0.0,0.0,20.026845637583893,0.0,128.0073279645815,44.97663389642758,79063,0,0,0,35,SALT LAKE
1435,350530,5.0,14.502778562515664,2.9005557125031327,0.0,0.0,0.0,0.0,65.0108549284801,0.0,0.0,0.0,0.0,0.0,0.0,0.0,0.0,6.008053691275167,0.0,58.003320483950986,0.9994807532539464,87196,0,0,0,35,SALT LAKE
1436,350531,610.0,2237.571549645274,3.668150081385695,221.0,1.0,187.0,33.0,307.9548255330933,1.0,0.0,0.0,187.0,3.0,13.0,2.0,15.0,0.0,0.0,0.0,86.95482553309333,87196,743,0,0,35,SALT LAKE
1437,350532,121.0,428.8678803486775,3.544362647509731,750.0,515.0,0.0,235.0,774.0005687784715,436.0,79.0,0.0,0.0,1.0,134.0,7.0,93.0,7.009395973154362,0.0,0.0,16.991172805317085,99059,0,0,0,35,SALT LAKE
1438,350533,681.0,2397.102113832946,3.5199737354375125,0.0,0.0,0.0,0.0,96.94963306563278,0.0,0.0,0.0,0.0,0.0,0.0,0.0,0.0,0.0,0.0,0.0,96.94963306563278,87196,0,0,0,35,SALT LAKE
1439,350534,0.0,0.0,0.0,2340.0,56.0,1307.0,977.0,2340.0,56.0,0.0,712.0,595.0,259.0,298.0,0.0,420.0,0.0,0.0,0.0,0.0,35942,0,0,0,35,SALT LAKE
1440,350535,0.0,0.0,0.0,1526.0,160.0,958.0,408.0,1526.0,159.0,1.0,517.0,441.0,29.0,151.0,0.0,228.0,0.0,0.0,0.0,0.0,35942,0,0,0,35,SALT LAKE
1441,350536,0.0,0.0,0.0,398.0,0.0,292.0,106.0,398.0,0.0,0.0,165.0,127.0,37.0,18.0,0.0,51.0,0.0,0.0,0.0,0.0,35942,0,0,0,35,SALT LAKE
1442,350537,0.0,0.0,0.0,488.0,104.0,124.0,260.0,488.0,43.0,61.0,7.0,117.0,0.0,20.0,0.0,240.0,0.0,0.0,0.0,0.0,35942,0,0,0,35,SALT LAKE
1443,350538,0.0,0.0,0.0,507.0,129.0,171.0,207.0,507.0,113.0,16.0,12.0,159.0,0.0,51.0,0.0,156.0,0.0,0.0,0.0,0.0,35942,0,0,0,35,SALT LAKE
1444,350539,110.0,248.6190610716971,2.2601732824699736,436.0,64.0,72.0,300.0,451.9916920520631,51.0,13.0,43.0,29.0,12.0,10.0,0.0,278.0,0.0,0.0,0.0,15.99169205206314,35942,0,0,0,35,SALT LAKE
1445,350540,234.0,522.1000282505639,2.231196701925487,440.0,135.0,123.0,182.0,482.98343735461316,118.0,17.0,79.0,44.0,48.0,9.0,1.0,124.0,0.0,0.0,10.000572497232929,32.98286485738023,35942,0,0,0,35,SALT LAKE
1446,350541,225.0,592.5420955542114,2.633520424685384,382.0,92.0,0.0,290.0,413.9833841041263,37.0,55.0,0.0,0.0,11.0,24.0,123.0,132.0,0.0,0.0,0.0,31.98338410412628,35282,0,0,0,35,SALT LAKE
1447,350542,69.0,136.7404835894334,1.981746138977296,202.0,1.0,96.0,105.0,211.99480753253945,1.0,0.0,0.0,96.0,0.0,43.0,22.0,40.0,0.0,0.0,0.0,9.994807532539465,64400,0,0,0,35,SALT LAKE
1448,350543,0.0,0.0,0.0,515.0,15.0,214.0,286.0,515.0,15.0,0.0,114.0,100.0,74.0,41.0,0.0,171.0,0.0,0.0,0.0,0.0,35942,0,0,0,35,SALT LAKE
1449,350544,0.0,0.0,0.0,1061.0,156.0,32.0,873.0,1061.0,39.0,117.0,3.0,29.0,164.0,43.0,77.0,589.0,0.0,0.0,0.0,0.0,35942,0,0,0,35,SALT LAKE
1450,350545,40.0,108.77083921886748,2.719270980471687,443.0,19.0,354.0,70.0,448.9968845195237,18.0,1.0,269.0,85.0,3.0,33.0,0.0,34.0,0.0,0.0,0.0,5.996884519523677,35942,0,0,0,35,SALT LAKE
1451,350546,0.0,0.0,0.0,1458.0,764.0,228.0,466.0,1458.0,763.0,1.0,181.0,47.0,19.0,381.0,0.0,66.0,0.0,0.0,0.0,0.0,35942,0,0,0,35,SALT LAKE
1452,350547,35.0,71.47798005811292,2.0422280016603693,740.0,94.0,118.0,528.0,750.9977472646094,94.0,0.0,43.0,75.0,13.0,41.0,0.0,474.0,0.0,0.0,6.000343498339758,4.997403766269732,35942,0,0,0,35,SALT LAKE
1453,350548,4.0,4.0,1.0,447.0,92.0,125.0,230.0,447.9994807532539,89.0,3.0,39.0,86.0,19.0,9.0,129.0,73.0,0.0,0.0,0.0,0.9994807532539464,35942,0,0,0,35,SALT LAKE
1454,350549,188.0,421.6164910674197,2.2426409099330837,360.0,20.0,30.0,310.0,386.9859803378566,20.0,0.0,18.0,12.0,87.0,70.0,0.0,153.0,0.0,0.0,0.0,26.98598033785655,35942,0,0,0,35,SALT LAKE
1455,350550,29.0,61.11885251345887,2.1075466383951333,1169.0,577.0,62.0,530.0,1181.9984382605253,575.0,2.0,48.0,14.0,61.0,38.0,4.0,427.0,0.0,0.0,9.000515247509636,3.997923013015785,35942,0,0,0,35,SALT LAKE
1456,350551,1.0,1.0,1.0,2167.0,13.0,68.0,2086.0,2167.0,13.0,0.0,44.0,24.0,109.0,509.0,1.0,1467.0,0.0,0.0,0.0,0.0,35942,510,0,147,35,SALT LAKE
1457,350552,280.0,716.85162609006,2.560184378893072,685.0,126.0,146.0,413.0,724.9792301301578,76.0,50.0,5.0,141.0,58.0,42.0,96.0,217.0,0.0,0.0,0.0,39.97923013015785,55638,0,0,0,35,SALT LAKE
1458,350553,537.0,1295.926855836221,2.413271612357953,295.0,195.0,32.0,68.0,371.9600180005539,195.0,0.0,0.0,32.0,1.0,12.0,12.0,43.0,0.0,0.0,0.0,76.96001800055386,35282,0,0,0,35,SALT LAKE
1459,350554,390.0,946.8242575813796,2.427754506618922,132.0,3.0,17.0,112.0,187.970922182221,3.0,0.0,1.0,16.0,1.0,10.0,55.0,46.0,0.0,0.0,0.0,55.97092218222099,73969,0,0,0,35,SALT LAKE
1460,350555,738.0,1812.8473203144576,2.456432683352924,0.0,0.0,0.0,0.0,104.94547909166435,0.0,0.0,0.0,0.0,0.0,0.0,0.0,0.0,0.0,0.0,0.0,104.94547909166435,64400,0,0,0,35,SALT LAKE
1461,350556,0.0,0.0,0.0,407.0,72.0,253.0,82.0,407.0,65.0,7.0,62.0,191.0,31.0,8.0,0.0,43.0,0.0,0.0,0.0,0.0,35942,0,0,0,35,SALT LAKE
1462,350557,0.0,0.0,0.0,705.0,27.0,392.0,286.0,705.0,20.0,7.0,148.0,244.0,83.0,64.0,0.0,139.0,0.0,0.0,0.0,0.0,35942,0,0,0,35,SALT LAKE
1463,350558,0.0,0.0,0.0,507.0,87.0,281.0,139.0,507.0,87.0,0.0,140.0,141.0,17.0,38.0,0.0,84.0,0.0,0.0,0.0,0.0,35942,0,0,0,35,SALT LAKE
1464,350559,218.0,504.489511424652,2.3141720707552844,508.0,63.0,259.0,186.0,538.9839033508723,63.0,0.0,96.0,163.0,43.0,18.0,0.0,125.0,0.0,0.0,0.0,30.983903350872332,35942,0,0,0,35,SALT LAKE
1465,350560,116.0,264.15775238867815,2.2772220033506736,887.0,25.0,290.0,572.0,903.9911728053171,16.0,9.0,239.0,51.0,217.0,114.0,1.0,240.0,0.0,0.0,0.0,16.991172805317085,35942,0,0,0,35,SALT LAKE
1466,350561,90.0,197.85933610289223,2.198437067809914,930.0,129.0,57.0,744.0,942.9932497923013,113.0,16.0,46.0,11.0,122.0,194.0,52.0,376.0,0.0,0.0,0.0,12.9932497923013,35942,0,0,0,35,SALT LAKE
1467,350562,656.0,1639.849890318735,2.499771174266365,305.0,144.0,15.0,146.0,404.9515343042107,122.0,22.0,15.0,0.0,18.0,5.0,35.0,88.0,0.0,0.0,6.000343498339758,93.95119080587097,44808,0,0,0,35,SALT LAKE
1468,350563,590.0,1419.2004736176043,2.4054245315552616,40.0,5.0,2.0,33.0,132.95689852084112,5.0,0.0,0.0,2.0,0.0,2.0,0.0,31.0,0.0,0.0,9.000515247509636,83.95638327333148,48770,0,0,0,35,SALT LAKE
1469,350564,279.0,645.373646031947,2.313167190078663,1759.0,182.0,642.0,935.0,1798.979230130158,182.0,0.0,96.0,546.0,36.0,246.0,129.0,524.0,0.0,0.0,0.0,39.97923013015785,35942,0,0,0,35,SALT LAKE
1470,350565,0.0,0.0,0.0,378.0,45.0,225.0,108.0,378.0,45.0,0.0,36.0,189.0,2.0,21.0,0.0,85.0,0.0,0.0,0.0,0.0,35942,0,0,0,35,SALT LAKE
1471,350566,13.0,16.0,1.2307692307692308,1000.0,217.0,124.0,659.0,1001.9989615065078,217.0,0.0,54.0,70.0,15.0,389.0,0.0,255.0,0.0,0.0,0.0,1.9989615065078925,73990,0,0,0,35,SALT LAKE
1472,350567,68.0,132.59683257157178,1.9499534201701727,637.0,26.0,315.0,296.0,646.9948075325394,22.0,4.0,116.0,199.0,3.0,35.0,0.0,258.0,0.0,0.0,0.0,9.994807532539465,73990,0,0,0,35,SALT LAKE
1473,350568,81.0,170.92560448679174,2.1101926479850834,559.0,22.0,122.0,415.0,581.9943987860036,19.0,3.0,28.0,94.0,29.0,19.0,0.0,367.0,0.0,0.0,11.000629746956221,11.993769039047354,73990,0,0,0,35,SALT LAKE
1474,350569,158.0,329.4202559199986,2.084938328607586,987.0,144.0,208.0,635.0,1009.9880573248407,116.0,28.0,64.0,144.0,249.0,30.0,0.0,356.0,0.0,0.0,0.0,22.988057324840764,73990,0,0,0,35,SALT LAKE
1475,350570,46.0,93.2321479018864,2.0267858239540524,886.0,150.0,39.0,697.0,951.9997430064519,86.0,64.0,28.0,11.0,113.0,29.0,41.0,514.0,0.0,0.0,59.003377733674284,6.996365272777624,73990,0,0,0,35,SALT LAKE
1476,350571,417.0,1076.3133518895554,2.5810871747950968,635.0,228.0,26.0,381.0,701.9692459432998,123.0,105.0,26.0,0.0,64.0,129.0,5.0,183.0,0.0,0.0,7.000400748063051,59.96884519523677,32056,0,589,0,35,SALT LAKE
1477,350572,385.0,949.931995844776,2.4673558333630545,396.0,54.0,25.0,317.0,457.9718421770301,51.0,3.0,18.0,7.0,5.0,14.0,0.0,298.0,0.0,0.0,7.000400748063051,54.97144142896705,38639,0,0,0,35,SALT LAKE
1478,350573,490.0,1206.8383589521964,2.4629354264330536,116.0,30.0,0.0,86.0,190.96393897639268,27.0,3.0,0.0,0.0,1.0,4.0,8.0,73.0,0.0,0.0,5.000286248616464,69.96365272777624,61053,0,0,0,35,SALT LAKE
1479,350574,54.0,116.02222850012532,2.1485597870393573,4372.0,213.0,1354.0,2805.0,4380.997188307911,198.0,15.0,19.0,1335.0,54.0,2035.0,296.0,420.0,1.0013422818791946,0.0,0.0,7.99584602603157,36964,0,0,0,35,SALT LAKE
1480,350575,0.0,0.0,0.0,1458.0,58.0,1121.0,279.0,1474.0009159955728,58.0,0.0,861.0,260.0,7.0,4.0,4.0,264.0,0.0,0.0,16.000915995572687,0.0,33860,0,0,0,35,SALT LAKE
1481,350576,14.0,22.7900805982389,1.6278628998742073,849.0,195.0,454.0,200.0,850.9989615065078,142.0,53.0,280.0,174.0,0.0,24.0,0.0,176.0,0.0,0.0,0.0,1.9989615065078925,73990,0,0,0,35,SALT LAKE
1482,350577,81.0,163.67421520553393,2.02066932352511,488.0,111.0,156.0,221.0,513.9945705351735,111.0,0.0,132.0,24.0,4.0,29.0,0.0,188.0,0.0,0.0,14.000801496126101,11.993769039047354,73990,0,0,0,35,SALT LAKE
1483,350578,75.0,158.49465143320688,2.113262019109425,841.0,129.0,186.0,526.0,851.9942882857935,47.0,82.0,165.0,21.0,11.0,53.0,237.0,225.0,0.0,0.0,0.0,10.99428828579341,73990,0,0,0,35,SALT LAKE
1484,350579,3.0,9.32321479018864,3.107738263396213,1045.0,546.0,111.0,388.0,1069.001373993359,374.0,172.0,106.0,5.0,15.0,33.0,30.0,310.0,0.0,0.0,24.00137399335903,0.0,73990,0,0,0,35,SALT LAKE
1485,350580,704.0,1936.120938095841,2.750171787067956,446.0,154.0,11.0,281.0,546.9475560786485,70.0,84.0,8.0,3.0,2.0,10.0,2.0,267.0,0.0,0.0,0.0,100.94755607864856,31220,0,0,0,35,SALT LAKE
1486,350581,699.0,1982.737012046784,2.8365336366906786,188.0,65.0,16.0,107.0,287.94807532539465,53.0,12.0,3.0,13.0,10.0,2.0,3.0,92.0,0.0,0.0,0.0,99.94807532539464,37045,0,0,0,35,SALT LAKE
1487,350582,230.0,598.7575720810038,2.6032937916565384,99.0,7.0,2.0,90.0,134.98303660655012,7.0,0.0,0.0,2.0,0.0,1.0,0.0,89.0,0.0,0.0,3.000171749169879,32.98286485738023,66057,0,0,0,35,SALT LAKE
1488,350583,1158.0,2485.154697962505,2.146074868706827,0.0,0.0,0.0,0.0,164.91432428690112,0.0,0.0,0.0,0.0,0.0,0.0,0.0,0.0,0.0,0.0,0.0,164.91432428690112,36964,0,0,0,35,SALT LAKE
1489,350584,384.0,862.915324469682,2.2471753241397967,608.0,47.0,117.0,444.0,662.9714414289671,47.0,0.0,65.0,52.0,89.0,39.0,65.0,251.0,0.0,0.0,0.0,54.97144142896705,33860,0,0,0,35,SALT LAKE
1490,350585,0.0,0.0,0.0,26.0,0.0,26.0,0.0,26.0,0.0,0.0,26.0,0.0,0.0,0.0,0.0,0.0,0.0,0.0,0.0,0.0,73990,0,0,0,35,SALT LAKE
1491,350586,14.0,26.93373161610052,1.9238379725786083,882.0,103.0,586.0,193.0,883.9989615065078,103.0,0.0,253.0,333.0,6.0,78.0,12.0,97.0,0.0,0.0,0.0,1.9989615065078925,73990,0,0,0,35,SALT LAKE
1492,350587,355.0,759.3240490231416,2.138940983163779,229.0,12.0,90.0,127.0,344.97723964796535,12.0,0.0,74.0,16.0,35.0,27.0,4.0,61.0,0.0,0.0,65.00372123201404,50.97351841595126,73990,0,0,0,35,SALT LAKE
1493,350588,34.0,63.19067802238968,1.8585493535996964,1537.0,86.0,809.0,642.0,1541.9974037662698,69.0,17.0,616.0,193.0,21.0,557.0,0.0,64.0,0.0,0.0,0.0,4.997403766269732,73990,0,0,0,35,SALT LAKE
1494,350589,2.0,5.179563772327023,2.589781886163512,1305.0,193.0,108.0,1004.0,1305.0,123.0,70.0,68.0,40.0,14.0,119.0,168.0,703.0,0.0,0.0,0.0,0.0,73990,0,0,0,35,SALT LAKE
1495,350590,415.0,1180.9405400905612,2.8456398556399063,843.0,286.0,58.0,499.0,906.9696506905993,266.0,20.0,45.0,13.0,14.0,20.0,38.0,427.0,0.0,0.0,5.000286248616464,58.969364441982826,38104,0,0,0,35,SALT LAKE
1496,350591,360.0,1029.6972779386122,2.860270216496145,636.0,5.0,224.0,407.0,686.9735184159513,5.0,0.0,57.0,167.0,17.0,198.0,49.0,143.0,0.0,0.0,0.0,50.97351841595126,37045,1377,111,167,35,SALT LAKE
1497,350592,238.0,584.2547935184882,2.454852073607093,738.0,19.0,11.0,708.0,771.9823456106342,4.0,15.0,0.0,11.0,253.0,80.0,325.0,50.0,0.0,0.0,0.0,33.98234561063417,66057,27,48,504,35,SALT LAKE
1498,350593,227.0,437.1551823844007,1.92579375499736,7.0,7.0,0.0,0.0,38.98338410412628,7.0,0.0,0.0,0.0,0.0,0.0,0.0,0.0,0.0,0.0,0.0,31.98338410412628,55218,0,0,0,35,SALT LAKE
1499,350594,370.0,958.2192978804992,2.589781886163512,275.0,167.0,4.0,104.0,327.9724799224592,152.0,15.0,0.0,4.0,16.0,61.0,17.0,10.0,0.0,0.0,0.0,52.97247992245915,85912,0,0,0,35,SALT LAKE
1500,350595,273.0,698.2051965096827,2.55752819234316,0.0,0.0,0.0,0.0,38.979749376903904,0.0,0.0,0.0,0.0,0.0,0.0,0.0,0.0,0.0,0.0,0.0,38.979749376903904,62937,0,0,0,35,SALT LAKE
1501,350596,404.0,1042.128230992197,2.5795253242381118,195.0,1.0,0.0,194.0,252.96988368872888,1.0,0.0,0.0,0.0,6.0,97.0,2.0,89.0,0.0,0.0,0.0,57.969883688728885,106825,406,0,0,35,SALT LAKE
1502,350597,489.0,1398.482218528296,2.859881837481178,293.0,98.0,10.0,185.0,368.963996226116,49.0,49.0,4.0,6.0,20.0,55.0,42.0,68.0,0.0,0.0,6.000343498339758,69.96365272777624,96711,513,0,0,35,SALT LAKE
1503,350598,345.0,943.7165193179836,2.735410200921691,863.0,605.0,0.0,258.0,957.9771903967148,473.0,132.0,0.0,0.0,31.0,6.0,32.0,189.0,0.0,0.0,46.002633487271474,48.974556909443365,106978,0,0,0,35,SALT LAKE
1504,350599,654.0,1765.1953336090494,2.6990754336529807,97.0,6.0,0.0,91.0,189.951710052617,6.0,0.0,0.0,0.0,18.0,49.0,5.0,19.0,0.0,0.0,0.0,92.951710052617,106986,295,0,0,35,SALT LAKE
1505,350600,323.0,632.9426929783622,1.9595749008618024,160.0,47.0,2.0,111.0,205.97611464968153,19.0,28.0,1.0,1.0,9.0,44.0,0.0,58.0,0.0,0.0,0.0,45.97611464968153,55182,324,0,0,35,SALT LAKE
1506,350601,307.0,710.6361495632675,2.314775731476441,487.0,30.0,10.0,447.0,530.9771531431736,30.0,0.0,10.0,0.0,194.0,43.0,0.0,210.0,0.0,0.0,0.0,43.97715314317364,49157,0,0,0,35,SALT LAKE
1507,350602,157.0,365.6772023262878,2.3291541549445083,1245.0,217.0,37.0,991.0,1289.9898933152226,112.0,105.0,3.0,34.0,261.0,124.0,148.0,458.0,0.0,0.0,23.001316743635737,21.98857657158682,46273,0,0,0,35,SALT LAKE
1508,350603,406.0,1073.205613626159,2.6433635803599973,303.0,77.0,20.0,206.0,360.9698836887289,77.0,0.0,5.0,15.0,13.0,100.0,37.0,56.0,0.0,0.0,0.0,57.969883688728885,90985,0,0,0,35,SALT LAKE
1509,350604,329.0,863.9512372241473,2.625991602505007,9.0,0.0,1.0,8.0,55.97559540293548,0.0,0.0,0.0,1.0,0.0,7.0,0.0,1.0,0.0,0.0,0.0,46.97559540293548,106530,0,0,0,35,SALT LAKE
1510,350605,248.0,638.1222567506892,2.5730736159301983,101.0,3.0,2.0,96.0,135.9818263638881,3.0,0.0,0.0,2.0,3.0,2.0,35.0,56.0,0.0,0.0,0.0,34.98182636388812,71881,0,0,0,35,SALT LAKE
1511,350606,332.0,881.5617540500592,2.655306488102588,387.0,146.0,6.0,235.0,433.9755954029355,139.0,7.0,5.0,1.0,59.0,34.0,3.0,139.0,0.0,0.0,0.0,46.97559540293548,51794,0,0,0,35,SALT LAKE
1512,350607,334.0,918.8546132108138,2.751061716200041,211.0,19.0,0.0,192.0,268.97564865342235,10.0,9.0,0.0,0.0,9.0,0.0,45.0,138.0,0.0,0.0,10.000572497232929,47.97507615618942,74894,0,0,0,35,SALT LAKE
1513,350608,531.0,1258.6339966754665,2.3703088449632137,263.0,195.0,2.0,66.0,338.9605372472999,195.0,0.0,0.0,2.0,27.0,3.0,3.0,33.0,0.0,0.0,0.0,75.96053724729991,52063,0,0,0,35,SALT LAKE
1514,350609,290.0,649.5172970498087,2.2397148174131334,387.0,16.0,8.0,363.0,427.9787108834118,14.0,2.0,8.0,0.0,61.0,35.0,25.0,242.0,0.0,0.0,0.0,40.97871088341179,41199,0,0,0,35,SALT LAKE
1515,350610,347.0,768.6472638133301,2.21512179773294,365.0,83.0,26.0,256.0,441.9755834052262,66.0,17.0,25.0,1.0,13.0,73.0,21.0,149.0,0.0,0.0,27.001545742528908,49.97403766269731,81057,0,0,0,35,SALT LAKE
1516,350611,253.0,580.1111425006266,2.292929416998524,794.0,274.0,39.0,481.0,829.981307117142,215.0,59.0,0.0,39.0,12.0,7.0,250.0,212.0,0.0,0.0,0.0,35.981307117142066,56355,0,0,0,35,SALT LAKE
1517,350612,223.0,527.2795920228909,2.364482475438973,346.0,44.0,0.0,302.0,377.9833841041263,5.0,39.0,0.0,0.0,8.0,47.0,24.0,223.0,0.0,0.0,0.0,31.98338410412628,121244,0,0,0,35,SALT LAKE
1518,350613,242.0,672.3073776480476,2.778129659702676,52.0,0.0,0.0,52.0,86.98182636388812,0.0,0.0,0.0,0.0,2.0,1.0,0.0,49.0,0.0,0.0,0.0,34.98182636388812,76631,0,0,0,35,SALT LAKE
1519,350614,511.0,1426.451862898862,2.791490925438086,785.0,158.0,23.0,604.0,857.9620949875381,54.0,104.0,7.0,16.0,17.0,216.0,93.0,278.0,0.0,0.0,0.0,72.96209498753808,60917,0,726,0,35,SALT LAKE
1520,350615,335.0,924.0341769831408,2.758310976069077,65.0,19.0,1.0,45.0,112.97507615618942,6.0,13.0,1.0,0.0,2.0,7.0,23.0,13.0,0.0,0.0,0.0,47.97507615618942,60952,0,0,0,35,SALT LAKE
1521,350616,603.0,1667.8195346893012,2.7658698751066355,566.0,41.0,231.0,294.0,651.9553447798394,5.0,36.0,7.0,224.0,8.0,60.0,67.0,159.0,0.0,0.0,0.0,85.95534477983938,86077,0,0,0,35,SALT LAKE
1522,350617,425.0,1050.4155330279202,2.4715659600656945,1012.0,28.0,18.0,966.0,1072.9683259484907,1.0,27.0,18.0,0.0,219.0,132.0,213.0,402.0,0.0,0.0,0.0,60.96832594849072,52063,0,0,0,35,SALT LAKE
1523,350618,429.0,1063.8823988359704,2.4799123515989985,308.0,49.0,1.0,258.0,368.9683259484907,9.0,40.0,0.0,1.0,85.0,10.0,24.0,139.0,0.0,0.0,0.0,60.96832594849072,41199,0,0,0,35,SALT LAKE
1524,350619,228.0,533.4950685496833,2.3398906515336986,1093.0,27.0,2.0,1064.0,1125.9828648573803,0.0,27.0,0.0,2.0,97.0,71.0,876.0,20.0,0.0,0.0,0.0,32.98286485738023,81057,398,0,0,35,SALT LAKE
1525,350620,605.0,1470.9961113408744,2.4313985311419413,1915.0,123.0,766.0,1026.0,2000.9553447798394,98.0,25.0,3.0,763.0,61.0,314.0,215.0,436.0,0.0,0.0,0.0,85.95534477983938,49685,0,0,0,35,SALT LAKE
1526,350621,185.0,418.50875280402346,2.262209474616343,110.0,11.0,0.0,99.0,135.9864995846026,0.0,11.0,0.0,0.0,11.0,62.0,10.0,16.0,0.0,0.0,0.0,25.9864995846026,121244,654,0,0,35,SALT LAKE
1527,350622,203.0,554.2133236389915,2.730114894773357,0.0,0.0,0.0,0.0,28.98494184436444,0.0,0.0,0.0,0.0,0.0,0.0,0.0,0.0,0.0,0.0,0.0,28.98494184436444,76631,0,0,0,35,SALT LAKE
1528,350623,333.0,933.3573917733296,2.802875050370359,212.0,17.0,3.0,192.0,259.9750761561894,17.0,0.0,3.0,0.0,4.0,3.0,23.0,162.0,0.0,0.0,0.0,47.97507615618942,124702,0,0,0,35,SALT LAKE
1529,350624,398.0,1137.432204403014,2.857869860309081,40.0,25.0,0.0,15.0,96.97040293547494,25.0,0.0,0.0,0.0,3.0,0.0,6.0,6.0,0.0,0.0,0.0,56.97040293547494,53280,0,0,0,35,SALT LAKE
1530,350625,589.0,1631.5625882830122,2.77005532815452,1105.0,1.0,46.0,1058.0,1188.9563832733315,1.0,0.0,0.0,46.0,13.0,907.0,8.0,130.0,0.0,0.0,0.0,83.95638327333148,108749,470,840,2138,35,SALT LAKE
1531,350626,684.0,1947.5159783949605,2.847245582448773,677.0,325.0,6.0,346.0,774.9491138188868,209.0,116.0,1.0,5.0,77.0,106.0,9.0,154.0,0.0,0.0,0.0,97.94911381888672,117068,0,0,0,35,SALT LAKE
1532,350627,587.0,1222.3770502691773,2.0824140549730448,562.0,43.0,128.0,391.0,646.9577255552106,43.0,0.0,34.0,94.0,88.0,47.0,1.0,255.0,1.0013422818791946,0.0,0.0,83.95638327333148,38438,0,0,0,35,SALT LAKE
1533,350628,0.0,0.0,0.0,476.0,0.0,290.0,186.0,476.0,0.0,0.0,83.0,207.0,98.0,27.0,0.0,61.0,0.0,0.0,0.0,0.0,38438,0,0,0,35,SALT LAKE
1534,350629,599.0,1310.4296343987369,2.1876955499144186,742.0,94.0,280.0,368.0,1016.9661649775418,93.0,1.0,163.0,117.0,10.0,50.0,10.0,298.0,0.0,0.0,189.01082019770237,85.95534477983938,38438,0,0,0,35,SALT LAKE
1535,350630,632.0,1331.147889488045,2.1062466605823498,826.0,59.0,62.0,705.0,915.9532677928552,44.0,15.0,30.0,32.0,18.0,48.0,6.0,633.0,0.0,0.0,0.0,89.95326779285516,38438,0,0,0,35,SALT LAKE
1536,350631,512.0,1288.6754665549634,2.516944270615163,1097.0,109.0,156.0,832.0,1257.9671329631879,109.0,0.0,75.0,81.0,54.0,129.0,3.0,646.0,0.0,0.0,88.00503797564977,72.96209498753808,49408,0,0,0,35,SALT LAKE
1537,350632,517.0,1321.8246746978562,2.5567208408082323,157.0,0.0,8.0,149.0,230.96157574079203,0.0,0.0,0.0,8.0,27.0,19.0,23.0,80.0,0.0,0.0,0.0,73.96157574079203,49629,0,0,0,35,SALT LAKE
1538,350633,870.0,2252.0743282077897,2.588591181848034,265.0,19.0,71.0,175.0,388.93561340348936,19.0,0.0,6.0,65.0,10.0,24.0,84.0,57.0,0.0,0.0,0.0,123.93561340348934,48753,0,0,0,35,SALT LAKE
1539,350634,476.0,1128.1089896128256,2.3699768689345078,1121.0,267.0,16.0,838.0,1190.1550052582948,267.0,0.0,9.0,7.0,108.0,70.0,320.0,340.0,0.0,1.1903140370264127,0.0,67.96469122126834,45123,567,0,0,35,SALT LAKE
1540,350635,483.0,1107.3907345235175,2.2927344400072824,779.0,17.0,71.0,691.0,849.1544860115487,17.0,0.0,61.0,10.0,197.0,51.0,161.0,282.0,0.0,1.1903140370264127,0.0,68.96417197452229,45123,0,0,0,35,SALT LAKE
1541,350636,469.0,1090.816130452071,2.3258339668487658,561.0,195.0,17.0,349.0,627.9652104680144,170.0,25.0,1.0,16.0,71.0,18.0,8.0,252.0,0.0,0.0,0.0,66.9652104680144,62849,0,0,0,35,SALT LAKE
1542,350637,267.0,638.1222567506892,2.3899709990662514,4016.0,77.0,60.0,3879.0,4053.98026862365,17.0,60.0,8.0,52.0,627.0,2437.0,55.0,760.0,0.0,0.0,0.0,37.98026862364996,62849,0,0,0,35,SALT LAKE
1543,350638,310.0,751.0367469874183,2.4226991838303813,231.0,61.0,16.0,154.0,276.979837706932,22.0,39.0,1.0,15.0,10.0,24.0,32.0,88.0,2.002684563758389,0.0,0.0,43.97715314317364,50696,0,0,0,35,SALT LAKE
1544,350639,384.0,905.3877474027636,2.357780592194697,132.0,8.0,4.0,120.0,186.97144142896704,8.0,0.0,0.0,4.0,13.0,30.0,37.0,40.0,0.0,0.0,0.0,54.97144142896705,50696,0,0,0,35,SALT LAKE
1545,350640,213.0,486.8789945987401,2.285816876050423,2785.0,9.0,44.0,2732.0,2814.9844225976185,8.0,1.0,2.0,42.0,14.0,454.0,2039.0,225.0,0.0,0.0,0.0,29.984422597618387,64742,0,0,0,35,SALT LAKE
1546,350641,301.0,906.4236601572288,3.011374286236641,23.0,0.0,1.0,22.0,65.97767238991969,0.0,0.0,0.0,1.0,2.0,0.0,11.0,9.0,0.0,0.0,0.0,42.97767238991969,78750,0,0,0,35,SALT LAKE
1547,350642,241.0,698.2051965096827,2.897116997965488,389.0,137.0,64.0,188.0,422.9823456106342,37.0,100.0,15.0,49.0,19.0,19.0,101.0,49.0,0.0,0.0,0.0,33.98234561063417,59820,0,0,0,35,SALT LAKE
1548,350643,381.0,673.3432904025129,1.7673052241535772,1185.0,76.0,50.0,1059.0,1246.9724186734993,49.0,27.0,1.0,49.0,134.0,42.0,155.0,728.0,0.0,0.0,8.000457997786343,53.9719606757131,62016,0,0,0,35,SALT LAKE
1549,350644,1229.0,2412.640805149927,1.9630925997965232,2007.0,839.0,88.0,1080.0,2191.9097043166735,819.0,20.0,1.0,87.0,132.0,105.0,310.0,533.0,0.0,0.0,10.000572497232929,174.9091318194406,47981,0,0,0,35,SALT LAKE
1550,350645,100.0,223.7571549645274,2.2375715496452737,290.0,46.0,11.0,233.0,303.9927305455553,46.0,0.0,1.0,10.0,20.0,46.0,99.0,68.0,0.0,0.0,0.0,13.992730545555249,64742,0,0,0,35,SALT LAKE
1551,350646,665.0,1681.2864004973517,2.528250226311807,2550.0,600.0,136.0,1814.0,2646.9533561228836,515.0,85.0,11.0,125.0,167.0,283.0,427.0,937.0,2.002684563758389,0.0,0.0,94.9506715591249,55224,0,0,0,35,SALT LAKE
1552,350647,663.0,1767.26715911798,2.665561325969804,1.0,0.0,0.0,1.0,95.9506715591249,0.0,0.0,0.0,0.0,0.0,0.0,0.0,1.0,0.0,0.0,0.0,94.9506715591249,78750,0,0,0,35,SALT LAKE
1553,350648,366.0,1011.0508483582348,2.7624340119077453,442.0,2.0,7.0,433.0,493.9729991692052,1.0,1.0,5.0,2.0,38.0,24.0,124.0,247.0,0.0,0.0,0.0,51.9729991692052,59820,0,0,0,35,SALT LAKE
1554,350649,512.0,1514.5044470284215,2.9580164981023858,254.0,1.0,0.0,253.0,326.9620949875381,1.0,0.0,0.0,0.0,31.0,206.0,7.0,9.0,0.0,0.0,0.0,72.96209498753808,143361,397,603,0,35,SALT LAKE
1555,350650,388.0,1129.144902367291,2.9101672741425024,347.0,16.0,1.0,330.0,401.97144142896707,0.0,16.0,0.0,1.0,74.0,4.0,177.0,75.0,0.0,0.0,0.0,54.97144142896705,146175,0,0,0,35,SALT LAKE
1556,350651,248.0,549.0337598666644,2.213845805913969,48.0,1.0,10.0,37.0,82.98182636388812,1.0,0.0,0.0,10.0,3.0,1.0,5.0,28.0,0.0,0.0,0.0,34.98182636388812,59906,0,0,0,35,SALT LAKE
1557,350652,795.0,3395.722009137596,4.271348439166788,37.0,0.0,29.0,8.0,150.94080587094987,0.0,0.0,0.0,29.0,0.0,5.0,1.0,2.0,0.0,0.0,0.0,113.94080587094987,66195,0,0,0,35,SALT LAKE
1558,350653,241.0,879.4899285411285,3.649335803075222,548.0,72.0,391.0,85.0,581.9823456106342,41.0,31.0,275.0,116.0,2.0,40.0,4.0,39.0,0.0,0.0,0.0,33.98234561063417,58960,0,0,0,35,SALT LAKE
1559,350654,947.0,3534.53431823596,3.7323488048954174,67.0,0.0,1.0,66.0,201.92990168928276,0.0,0.0,0.0,1.0,0.0,44.0,21.0,1.0,0.0,0.0,0.0,134.92990168928276,47504,724,0,0,35,SALT LAKE
1560,350655,934.0,3232.047793932062,3.460436610205634,108.0,1.0,0.0,107.0,240.93094018277486,1.0,0.0,0.0,0.0,3.0,81.0,9.0,14.0,0.0,0.0,0.0,132.93094018277486,47848,637,0,0,35,SALT LAKE
1561,350656,383.0,1368.4407486487994,3.5729523463415127,187.0,11.0,0.0,176.0,241.97144142896704,8.0,3.0,0.0,0.0,5.0,155.0,10.0,6.0,0.0,0.0,0.0,54.97144142896705,50979,0,565,0,35,SALT LAKE
1562,350657,683.0,2924.381705855837,4.281671604474139,598.0,10.0,8.0,580.0,699.9544829464036,10.0,0.0,1.0,7.0,5.0,374.0,0.0,201.0,4.005369127516778,0.0,0.0,97.94911381888672,66086,428,710,0,35,SALT LAKE
1563,350658,882.0,3458.9126871599856,3.921669713333317,353.0,98.0,2.0,253.0,478.9345749099972,44.0,54.0,1.0,1.0,0.0,27.0,83.0,143.0,0.0,0.0,0.0,125.93457490999722,85020,0,0,0,35,SALT LAKE
1564,350659,552.0,2418.8562816767194,4.381986017530289,154.0,63.0,14.0,77.0,232.95897950706177,0.0,63.0,0.0,14.0,2.0,65.0,1.0,9.0,0.0,0.0,0.0,78.95897950706176,69902,342,0,0,35,SALT LAKE
1565,350660,577.0,2341.1628250918143,4.057474566883561,0.0,0.0,0.0,0.0,81.95742176682359,0.0,0.0,0.0,0.0,0.0,0.0,0.0,0.0,0.0,0.0,0.0,81.95742176682359,66698,0,0,0,35,SALT LAKE
1566,350661,359.0,1420.2363863720695,3.9560902127355697,320.0,29.0,1.0,290.0,370.9735184159513,0.0,29.0,0.0,1.0,0.0,276.0,4.0,10.0,0.0,0.0,0.0,50.97351841595126,73196,0,0,2265,35,SALT LAKE
1567,350662,459.0,1459.601071041755,3.179958760439553,59.0,22.0,5.0,32.0,124.96572971476046,0.0,22.0,0.0,5.0,2.0,27.0,0.0,3.0,0.0,0.0,0.0,65.96572971476046,47310,346,0,0,35,SALT LAKE
1568,350663,242.0,848.4125459071663,3.5058369665585385,483.0,121.0,21.0,341.0,517.9818263638881,86.0,35.0,19.0,2.0,0.0,112.0,1.0,228.0,0.0,0.0,0.0,34.98182636388812,51187,0,0,0,35,SALT LAKE
1569,350664,317.0,1036.94866721987,3.271131442333975,343.0,149.0,4.0,190.0,387.9766338964276,145.0,4.0,4.0,0.0,3.0,9.0,1.0,177.0,0.0,0.0,0.0,44.97663389642758,37570,0,0,0,35,SALT LAKE
1570,350665,399.0,1708.220132113452,4.281253463943489,693.0,198.0,0.0,495.0,749.9704029354749,136.0,62.0,0.0,0.0,1.0,17.0,8.0,469.0,0.0,0.0,0.0,56.97040293547494,77608,574,0,0,35,SALT LAKE
1571,350666,678.0,2409.533066886531,3.553883579478659,94.0,1.0,19.0,74.0,190.94963306563278,1.0,0.0,1.0,18.0,3.0,43.0,2.0,26.0,0.0,0.0,0.0,96.94963306563278,74875,0,0,0,35,SALT LAKE
1572,350667,401.0,1368.4407486487994,3.412570445508228,0.0,0.0,0.0,0.0,56.97040293547494,0.0,0.0,0.0,0.0,0.0,0.0,0.0,0.0,0.0,0.0,0.0,56.97040293547494,64459,0,0,0,35,SALT LAKE
1573,350668,261.0,863.9512372241473,3.3101579970273844,1962.0,105.0,0.0,1857.0,2023.98478917779,66.0,39.0,0.0,0.0,110.0,760.0,152.0,835.0,2.002684563758389,0.0,23.001316743635737,36.980787870396014,58856,0,0,0,35,SALT LAKE
1574,350669,256.0,773.8268275856572,3.0227610452564733,0.0,0.0,0.0,0.0,36.980787870396014,0.0,0.0,0.0,0.0,0.0,0.0,0.0,0.0,0.0,0.0,0.0,36.980787870396014,65114,0,0,0,35,SALT LAKE
1575,350670,350.0,1094.9597814699323,3.128456518485521,748.0,163.0,25.0,560.0,797.9740376626974,124.0,39.0,0.0,25.0,24.0,79.0,80.0,377.0,0.0,0.0,0.0,49.97403766269731,69166,447,0,0,35,SALT LAKE
1576,350671,478.0,1420.2363863720695,2.971205829230271,332.0,121.0,2.0,209.0,399.96469122126837,80.0,41.0,0.0,2.0,2.0,75.0,2.0,130.0,0.0,0.0,0.0,67.96469122126834,56691,430,0,0,35,SALT LAKE
1577,350672,1390.0,3046.619410882755,2.191812525814932,3721.0,441.0,565.0,2715.0,3918.8971891442816,441.0,0.0,407.0,158.0,2114.0,0.0,2.0,599.0,0.0,0.0,0.0,197.89718914428136,41323,0,0,0,35,SALT LAKE
1578,350673,609.0,1324.9324129612523,2.1755868849938462,6.0,0.0,0.0,6.0,92.95482553309333,0.0,0.0,0.0,0.0,0.0,0.0,0.0,6.0,0.0,0.0,0.0,86.95482553309333,41142,0,0,0,35,SALT LAKE
1579,350674,288.0,868.094888242009,3.01421836195142,0.0,0.0,0.0,0.0,40.97871088341179,0.0,0.0,0.0,0.0,0.0,0.0,0.0,0.0,0.0,0.0,0.0,40.97871088341179,65114,0,0,0,35,SALT LAKE
1580,350675,145.0,470.30439052729366,3.243478555360646,1841.0,53.0,30.0,1758.0,1861.9890958183328,26.0,27.0,0.0,30.0,0.0,1749.0,9.0,0.0,0.0,0.0,0.0,20.98909581833287,60975,0,0,0,35,SALT LAKE
1581,350676,693.0,2093.5796767745824,3.021038494624217,194.0,94.0,0.0,100.0,337.95117080968885,25.0,69.0,0.0,0.0,5.0,86.0,0.0,9.0,0.0,0.0,45.00257623754818,98.94859457214068,73963,0,1218,0,35,SALT LAKE
1582,350677,1052.0,2664.3676044850204,2.532668825556103,283.0,87.0,21.0,175.0,2381.033635449067,76.0,11.0,5.0,16.0,94.0,32.0,5.0,44.0,0.0,0.0,1948.1115224609746,149.92211298809192,35964,0,0,0,35,SALT LAKE
1583,350678,247.0,842.1970693803739,3.4097047343334976,544.0,200.0,1.0,343.0,578.9818263638881,123.0,77.0,1.0,0.0,0.0,17.0,129.0,197.0,0.0,0.0,0.0,34.98182636388812,78846,0,0,0,35,SALT LAKE
1584,350679,198.0,688.881981719494,3.479201927876232,0.0,0.0,0.0,0.0,27.98546109111049,0.0,0.0,0.0,0.0,0.0,0.0,0.0,0.0,0.0,0.0,0.0,27.98546109111049,79994,0,0,0,35,SALT LAKE
1585,350680,668.0,2358.773341917726,3.531097817242105,47.0,2.0,0.0,45.0,141.95067155912488,2.0,0.0,0.0,0.0,1.0,20.0,1.0,23.0,0.0,0.0,0.0,94.9506715591249,77028,520,0,0,35,SALT LAKE
1586,350681,255.0,812.1555995008772,3.184923919611283,213.0,20.0,4.0,189.0,264.98222311271473,20.0,0.0,2.0,2.0,1.0,2.0,65.0,121.0,0.0,0.0,16.000915995572687,35.981307117142066,83761,0,0,0,35,SALT LAKE
1587,350682,459.0,1460.6369837962204,3.1822156509721577,180.0,5.0,5.0,170.0,245.96572971476047,0.0,5.0,1.0,4.0,3.0,55.0,6.0,106.0,0.0,0.0,0.0,65.96572971476046,72190,0,0,0,35,SALT LAKE
1588,350683,445.0,1286.6036410460324,2.8912441371820954,113.0,7.0,0.0,106.0,176.96676820825257,1.0,6.0,0.0,0.0,3.0,0.0,28.0,75.0,0.0,0.0,0.0,63.96676820825256,68224,0,0,0,35,SALT LAKE
1589,350684,705.0,2083.220549229929,2.954922764865147,1400.0,730.0,55.0,615.0,1749.9618112597486,289.0,441.0,27.0,28.0,28.0,94.0,121.0,372.0,0.0,0.0,249.01425518109994,100.94755607864856,46164,606,0,0,35,SALT LAKE
1590,350685,509.0,1297.998681345152,2.550095641149611,175.0,18.0,8.0,149.0,247.96209498753808,18.0,0.0,1.0,7.0,2.0,5.0,7.0,135.0,0.0,0.0,0.0,72.96209498753808,53461,0,0,0,35,SALT LAKE
1591,350686,717.0,2015.8862201896773,2.811556792454222,28.0,4.0,0.0,24.0,131.13735086892893,4.0,0.0,0.0,0.0,13.0,1.0,0.0,10.0,0.0,1.1903140370264127,0.0,101.94703683190252,75254,0,0,0,35,SALT LAKE
1592,350687,425.0,1112.5702982958444,2.617812466578457,169.0,26.0,0.0,143.0,386.9773141550477,0.0,26.0,0.0,0.0,16.0,27.0,43.0,57.0,0.0,0.0,157.00898820655698,60.96832594849072,37528,0,0,0,35,SALT LAKE
1593,350688,229.0,622.5835654337081,2.718705525911389,0.0,0.0,0.0,0.0,32.98286485738023,0.0,0.0,0.0,0.0,0.0,0.0,0.0,0.0,0.0,0.0,0.0,32.98286485738023,55258,0,0,0,35,SALT LAKE
1594,350689,79.0,301.4506115494327,3.8158305259421854,510.0,91.0,2.0,417.0,520.9942882857935,8.0,83.0,1.0,1.0,1.0,121.0,52.0,243.0,0.0,0.0,0.0,10.99428828579341,62034,0,0,0,35,SALT LAKE
1595,350690,344.0,1197.5151441620076,3.481148674889557,174.0,49.0,7.0,118.0,222.97455690944338,47.0,2.0,0.0,7.0,4.0,2.0,3.0,109.0,0.0,0.0,0.0,48.974556909443365,64390,0,0,0,35,SALT LAKE
1596,350691,292.0,1045.235969255593,3.5795752371766887,12.0,10.0,0.0,2.0,53.97819163666574,0.0,10.0,0.0,0.0,0.0,0.0,2.0,0.0,0.0,0.0,0.0,41.97819163666574,67650,0,0,0,35,SALT LAKE
1597,350692,241.0,770.719089322261,3.1980045200093814,12.0,9.0,0.0,3.0,45.98234561063417,9.0,0.0,0.0,0.0,3.0,0.0,0.0,0.0,0.0,0.0,0.0,33.98234561063417,83761,0,0,0,35,SALT LAKE
1598,350693,467.0,1227.5566140415044,2.6286008865985107,325.0,15.0,0.0,310.0,391.9652104680144,12.0,3.0,0.0,0.0,0.0,290.0,17.0,3.0,0.0,0.0,0.0,66.9652104680144,51667,751,21,1876,35,SALT LAKE
1599,350694,357.0,1149.863157456599,3.220905202959661,520.0,86.0,110.0,324.0,629.9768961496255,78.0,8.0,1.0,109.0,3.0,4.0,22.0,295.0,0.0,0.0,59.003377733674284,50.97351841595126,62357,0,0,0,35,SALT LAKE
1600,350695,876.0,2757.599752386907,3.147944922816104,1080.0,237.0,89.0,754.0,1204.9350941567432,196.0,41.0,1.0,88.0,6.0,60.0,347.0,341.0,0.0,0.0,0.0,124.93509415674328,51097,0,0,0,35,SALT LAKE
1601,350696,898.0,2789.7130477753344,3.106584685718635,163.0,37.0,0.0,126.0,290.93353641650515,16.0,21.0,0.0,0.0,2.0,54.0,14.0,56.0,0.0,0.0,0.0,127.93353641650512,80135,541,0,0,35,SALT LAKE
1602,350697,544.0,1653.3167561267855,3.039185213468356,102.0,0.0,0.0,102.0,179.9594987538078,0.0,0.0,0.0,0.0,3.0,93.0,2.0,4.0,0.0,0.0,0.0,77.95949875380781,80682,0,1129,0,35,SALT LAKE
1603,350698,282.0,835.9815928535814,2.9644737335233384,56.0,0.0,0.0,56.0,95.97923013015784,0.0,0.0,0.0,0.0,5.0,0.0,40.0,11.0,0.0,0.0,0.0,39.97923013015785,53825,0,0,0,35,SALT LAKE
1604,350699,555.0,1594.2697291222576,2.872558070490554,1993.0,1055.0,2.0,936.0,2071.958979507062,475.0,580.0,0.0,2.0,84.0,56.0,0.0,796.0,0.0,0.0,0.0,78.95897950706176,53825,0,0,0,35,SALT LAKE
1605,350700,766.0,2057.3227303682934,2.6857999090969886,1174.0,467.0,0.0,707.0,1282.9434021046802,371.0,96.0,0.0,0.0,60.0,77.0,368.0,202.0,0.0,0.0,0.0,108.94340210468016,54653,0,0,0,35,SALT LAKE
1606,350701,417.0,1306.2859833808752,3.1325802958773985,104.0,0.0,0.0,104.0,163.96884519523678,0.0,0.0,0.0,0.0,1.0,102.0,0.0,1.0,0.0,0.0,0.0,59.96884519523677,65090,698,0,0,35,SALT LAKE
1607,350702,111.0,343.9230344825143,3.0984057160586875,164.0,0.0,23.0,141.0,179.99169205206314,0.0,0.0,16.0,7.0,64.0,56.0,1.0,20.0,0.0,0.0,0.0,15.99169205206314,83027,748,0,0,35,SALT LAKE
1608,350703,483.0,1432.6673394256543,2.966184967754978,0.0,0.0,0.0,0.0,68.96417197452229,0.0,0.0,0.0,0.0,0.0,0.0,0.0,0.0,0.0,0.0,0.0,68.96417197452229,45908,0,0,0,35,SALT LAKE
1609,350704,612.0,2086.3282874933248,3.409033149498897,227.0,1.0,7.0,219.0,313.9548255330933,1.0,0.0,0.0,7.0,2.0,51.0,137.0,29.0,0.0,0.0,0.0,86.95482553309333,80018,483,0,0,35,SALT LAKE
1610,350705,424.0,1305.2500706264098,3.078419977892476,0.0,0.0,0.0,0.0,60.96832594849072,0.0,0.0,0.0,0.0,0.0,0.0,0.0,0.0,0.0,0.0,0.0,60.96832594849072,104764,0,0,0,35,SALT LAKE
1611,350706,473.0,1625.3471117562196,3.436251821894756,46.0,0.0,0.0,46.0,113.96469122126834,0.0,0.0,0.0,0.0,2.0,0.0,35.0,9.0,0.0,0.0,0.0,67.96469122126834,82610,0,0,0,35,SALT LAKE
1612,350707,214.0,675.4151159114438,3.1561454014553445,726.0,5.0,0.0,721.0,757.9852456327515,5.0,0.0,0.0,0.0,601.0,1.0,103.0,16.0,1.0013422818791946,0.0,0.0,30.983903350872332,93494,0,0,0,35,SALT LAKE
1613,350708,444.0,1186.1201038628883,2.6714416753668657,577.0,2.0,87.0,488.0,639.9672874549987,2.0,0.0,8.0,79.0,145.0,28.0,145.0,170.0,0.0,0.0,0.0,62.96728745499861,91804,0,0,0,35,SALT LAKE
1614,350709,298.0,904.351834648298,3.0347377001620743,451.0,11.0,54.0,386.0,493.9776723899197,11.0,0.0,11.0,43.0,117.0,4.0,132.0,133.0,0.0,0.0,0.0,42.97767238991969,88816,0,0,0,35,SALT LAKE
1615,350710,7.0,15.538691316981067,2.21981304528301,2026.0,306.0,1139.0,581.0,2028.1897947902803,154.0,152.0,619.0,520.0,171.0,25.0,19.0,366.0,0.0,1.1903140370264127,0.0,0.9994807532539464,38438,0,0,0,35,SALT LAKE
1616,350711,1.0,1.0,1.0,486.0,50.0,62.0,374.0,486.0,50.0,0.0,14.0,48.0,2.0,8.0,4.0,360.0,0.0,0.0,0.0,0.0,41809,0,0,0,35,SALT LAKE
1617,350712,19.0,32.11329538842754,1.6901734414961862,1091.0,302.0,210.0,579.0,1153.0018199934361,243.0,59.0,62.0,148.0,11.0,47.0,8.0,513.0,0.0,0.0,59.003377733674284,2.9984422597618385,57188,0,0,0,35,SALT LAKE
1618,350713,275.0,667.1278138757206,2.4259193231844383,749.0,83.0,378.0,288.0,821.9816958674959,83.0,0.0,117.0,261.0,28.0,28.0,14.0,218.0,0.0,0.0,34.00194649059196,38.979749376903904,41809,0,0,0,35,SALT LAKE
1619,350714,1283.0,3210.293626088289,2.5021774170602407,276.0,11.0,45.0,220.0,458.90497784547216,9.0,2.0,35.0,10.0,32.0,11.0,5.0,172.0,0.0,0.0,0.0,182.90497784547216,41809,0,0,0,35,SALT LAKE
1620,350715,328.0,790.4014316571037,2.4097604623692184,1192.0,326.0,104.0,762.0,1273.9775991432507,252.0,74.0,85.0,19.0,185.0,24.0,0.0,553.0,0.0,0.0,35.00200374031525,46.97559540293548,41809,0,0,0,35,SALT LAKE
1621,350716,15.0,31.077382633962134,2.071825508930809,393.0,128.0,12.0,253.0,394.9989615065079,119.0,9.0,9.0,3.0,6.0,4.0,1.0,242.0,0.0,0.0,0.0,1.9989615065078925,41809,0,0,0,35,SALT LAKE
1622,350717,286.0,626.7272164515698,2.1913539036768177,695.0,268.0,37.0,390.0,805.9827183640423,267.0,1.0,1.0,36.0,22.0,14.0,5.0,349.0,0.0,0.0,70.0040074806305,40.97871088341179,69450,0,0,0,35,SALT LAKE
1623,350718,540.0,1151.9349829655298,2.133212931417648,502.0,164.0,13.0,325.0,695.9667162181792,66.0,98.0,1.0,12.0,2.0,8.0,9.0,306.0,0.0,0.0,117.00669821762527,76.96001800055386,35292,0,0,0,35,SALT LAKE
1624,350719,241.0,529.3514175318218,2.196478910920422,830.0,33.0,0.0,797.0,863.9823456106342,0.0,33.0,0.0,0.0,244.0,139.0,168.0,246.0,0.0,0.0,0.0,33.98234561063417,69450,0,0,0,35,SALT LAKE
1625,350720,711.0,1652.2808433723203,2.32388304271775,719.0,0.0,0.0,719.0,820.9470368319026,0.0,0.0,0.0,0.0,252.0,95.0,145.0,227.0,0.0,0.0,0.0,101.94703683190252,41906,0,0,0,35,SALT LAKE
1626,350721,346.0,896.0645326125749,2.589781886163512,717.0,9.0,121.0,587.0,781.975472905016,9.0,0.0,59.0,62.0,72.0,199.0,1.0,315.0,0.0,0.0,16.000915995572687,48.974556909443365,57188,0,0,0,35,SALT LAKE
1627,350722,328.0,856.6998479428895,2.611889780313688,947.0,21.0,149.0,777.0,1048.7788144291726,11.0,10.0,81.0,68.0,21.0,91.0,130.0,535.0,0.0,48.80287552789744,6.000343498339758,46.97559540293548,41809,0,0,0,35,SALT LAKE
1628,350723,341.0,872.2385392598707,2.55788427935446,612.0,44.0,53.0,515.0,672.9752439061228,43.0,1.0,20.0,33.0,34.0,105.0,0.0,376.0,0.0,0.0,12.000686996679516,48.974556909443365,41809,0,0,0,35,SALT LAKE
1629,350724,367.0,864.9871499786128,2.35691321520058,1786.0,91.0,147.0,1548.0,1849.9736861658846,38.0,53.0,6.0,141.0,85.0,549.0,72.0,842.0,0.0,0.0,12.000686996679516,51.9729991692052,33483,0,0,0,35,SALT LAKE
1630,350725,923.0,2074.9332471942053,2.2480316871009807,482.0,6.0,1.0,475.0,613.9314594295209,6.0,0.0,1.0,0.0,13.0,18.0,35.0,409.0,0.0,0.0,0.0,131.9314594295209,64843,0,0,0,35,SALT LAKE
1631,350726,657.0,1668.8554474437667,2.5401148362918824,167.0,1.0,0.0,166.0,260.95119080587097,1.0,0.0,0.0,0.0,2.0,35.0,84.0,45.0,0.0,0.0,0.0,93.95119080587097,81081,714,0,0,35,SALT LAKE
1632,350727,310.0,725.1389281257832,2.3391578326638167,2802.0,103.0,80.0,2619.0,2845.977153143174,83.0,20.0,36.0,44.0,1174.0,375.0,286.0,784.0,0.0,0.0,0.0,43.97715314317364,59361,0,0,0,35,SALT LAKE
1633,350728,0.0,0.0,0.0,2212.0,24.0,154.0,2034.0,2212.0,13.0,11.0,75.0,79.0,765.0,162.0,197.0,910.0,0.0,0.0,0.0,0.0,41809,0,0,0,35,SALT LAKE
1634,350729,110.0,262.0859268797474,2.382599335270431,7225.0,301.0,4.0,6920.0,7333.997016276329,296.0,5.0,0.0,4.0,198.0,316.0,6310.0,96.0,0.0,0.0,93.00532422426625,15.99169205206314,41809,0,0,0,35,SALT LAKE
1635,350730,27.0,64.22659077685508,2.3787626213650026,1117.0,446.0,2.0,669.0,1120.9979230130157,152.0,294.0,2.0,0.0,26.0,182.0,18.0,443.0,0.0,0.0,0.0,3.997923013015785,39710,0,0,0,35,SALT LAKE
1636,350731,219.0,502.4176859157212,2.2941446845466724,319.0,50.0,0.0,269.0,349.9839033508723,0.0,50.0,0.0,0.0,49.0,19.0,66.0,135.0,0.0,0.0,0.0,30.983903350872332,90223,493,0,0,35,SALT LAKE
1637,350732,786.0,1842.8887901939547,2.344642226709866,616.0,0.0,5.0,611.0,727.941844364442,0.0,0.0,1.0,4.0,66.0,38.0,192.0,315.0,0.0,0.0,0.0,111.94184436444198,59906,0,0,0,35,SALT LAKE
1638,350733,293.0,824.5865525544621,2.8142885752712017,0.0,0.0,0.0,0.0,50.97999191633128,0.0,0.0,0.0,0.0,0.0,0.0,0.0,0.0,1.0013422818791946,0.0,8.000457997786343,41.97819163666574,54880,0,0,0,35,SALT LAKE
1639,350734,437.0,1150.8990702110646,2.633636316272459,0.0,0.0,0.0,0.0,61.96780670174467,0.0,0.0,0.0,0.0,0.0,0.0,0.0,0.0,0.0,0.0,0.0,61.96780670174467,105456,0,0,0,35,SALT LAKE
1640,350735,459.0,1314.5732854165983,2.8639940858749418,2403.0,170.0,9.0,2224.0,2468.9657297147605,168.0,2.0,1.0,8.0,281.0,207.0,245.0,1491.0,0.0,0.0,0.0,65.96572971476046,54736,0,0,0,35,SALT LAKE
1641,350736,0.0,0.0,0.0,821.0,86.0,50.0,685.0,821.0,20.0,66.0,47.0,3.0,14.0,162.0,0.0,509.0,0.0,0.0,0.0,0.0,83071,0,0,0,35,SALT LAKE
1642,350737,4.0,5.0,1.25,191.0,2.0,112.0,77.0,191.99948075325395,2.0,0.0,15.0,97.0,15.0,22.0,0.0,40.0,0.0,0.0,0.0,0.9994807532539464,83071,0,0,0,35,SALT LAKE
1643,350738,503.0,1360.153446613076,2.7040823988331533,1227.0,669.0,123.0,435.0,1315.96358747958,621.0,48.0,39.0,84.0,65.0,136.0,136.0,98.0,0.0,0.0,17.00097324529598,71.96261423428413,83071,0,0,1464,35,SALT LAKE
1644,350739,610.0,1486.5348026578556,2.4369422994391075,1275.0,107.0,7.0,1161.0,1361.9548255330933,68.0,39.0,6.0,1.0,190.0,138.0,63.0,770.0,0.0,0.0,0.0,86.95482553309333,40099,0,899,0,35,SALT LAKE
1645,350740,1036.0,2428.1794964669084,2.343802602767286,888.0,181.0,24.0,683.0,1037.1134655186104,125.0,56.0,1.0,23.0,64.0,88.0,63.0,468.0,0.0,1.1903140370264127,0.0,147.92315148158406,59543,0,0,0,35,SALT LAKE
1646,350741,458.0,1086.6724794342094,2.372647335009191,1428.0,32.0,11.0,1385.0,1492.9662489615066,14.0,18.0,0.0,11.0,107.0,57.0,175.0,1046.0,0.0,0.0,0.0,64.96624896150651,49716,329,0,0,35,SALT LAKE
1647,350742,492.0,1131.2167278762215,2.299220991618337,567.0,6.0,4.0,557.0,636.9636527277762,6.0,0.0,4.0,0.0,1.0,120.0,3.0,433.0,0.0,0.0,0.0,69.96365272777624,53257,0,0,0,35,SALT LAKE
1648,350743,514.0,1495.8580174480442,2.910229605930047,49.0,1.0,18.0,30.0,127.96243848587784,1.0,0.0,0.0,18.0,8.0,18.0,0.0,4.0,0.0,0.0,6.000343498339758,72.96209498753808,100118,482,681,0,35,SALT LAKE
1649,350744,212.0,569.7520149559725,2.6875095045093045,1539.0,155.0,19.0,1365.0,1568.9844225976183,153.0,2.0,2.0,17.0,69.0,178.0,873.0,245.0,0.0,0.0,0.0,29.984422597618387,73990,0,0,0,35,SALT LAKE
1650,350745,317.0,857.735760697355,2.705791043209321,264.0,19.0,26.0,219.0,308.9766338964276,18.0,1.0,0.0,26.0,9.0,79.0,65.0,66.0,0.0,0.0,0.0,44.97663389642758,73990,527,0,0,35,SALT LAKE
1651,350746,430.0,1015.1944993760964,2.360917440409527,1168.0,364.0,10.0,794.0,1228.9683259484907,190.0,174.0,1.0,9.0,105.0,57.0,147.0,485.0,0.0,0.0,0.0,60.96832594849072,51572,0,0,0,35,SALT LAKE
1652,350747,586.0,1343.5788425416297,2.2927966596273546,248.0,8.0,6.0,234.0,331.9563832733315,0.0,8.0,2.0,4.0,15.0,25.0,65.0,129.0,0.0,0.0,0.0,83.95638327333148,96932,0,0,0,35,SALT LAKE
1653,350748,663.0,1391.2308292470384,2.098387374429922,1835.0,17.0,556.0,1262.0,1929.9506715591249,7.0,10.0,60.0,496.0,147.0,583.0,67.0,465.0,0.0,0.0,0.0,94.9506715591249,57679,496,0,2210,35,SALT LAKE
1654,350749,495.0,1422.3082118810005,2.8733499229919204,4.0,0.0,1.0,3.0,74.96313348103018,0.0,0.0,1.0,0.0,1.0,0.0,1.0,1.0,0.0,0.0,0.0,70.96313348103018,88816,0,0,0,35,SALT LAKE
1655,350750,0.0,0.0,0.0,0.0,0.0,0.0,0.0,0.0,0.0,0.0,0.0,0.0,0.0,0.0,0.0,0.0,0.0,0.0,0.0,0.0,55874,0,0,0,35,SALT LAKE
1656,350751,210.0,645.373646031947,3.0732078382473667,7.0,0.0,0.0,7.0,36.98442259761839,0.0,0.0,0.0,0.0,0.0,7.0,0.0,0.0,0.0,0.0,0.0,29.984422597618387,54736,361,0,0,35,SALT LAKE
1657,350752,11.0,26.93373161610052,2.4485210560091377,335.0,24.0,185.0,126.0,336.9989615065079,24.0,0.0,139.0,46.0,2.0,10.0,26.0,88.0,0.0,0.0,0.0,1.9989615065078925,50488,0,0,0,35,SALT LAKE
1658,350753,1.0,2.071825508930809,2.071825508930809,523.0,58.0,235.0,230.0,523.0,58.0,0.0,140.0,95.0,4.0,40.0,10.0,176.0,0.0,0.0,0.0,0.0,50488,0,0,0,35,SALT LAKE
1659,350754,508.0,1381.9076144568496,2.720290579639468,1172.0,454.0,7.0,711.0,1309.965816219552,354.0,100.0,2.0,5.0,32.0,76.0,55.0,548.0,0.0,0.0,65.00372123201404,72.96209498753808,50488,367,0,0,35,SALT LAKE
1660,350755,30.0,64.22659077685508,2.1408863592285026,3706.0,2919.0,13.0,774.0,3717.998381010802,2057.0,862.0,9.0,4.0,112.0,158.0,185.0,319.0,0.0,0.0,8.000457997786343,3.997923013015785,84106,0,0,0,35,SALT LAKE
1661,350756,718.0,2070.789596176344,2.8841080726690027,1951.0,122.0,40.0,1789.0,2053.9465175851565,1.0,121.0,5.0,35.0,1376.0,81.0,213.0,119.0,0.0,0.0,0.0,102.94651758515649,51537,437,0,0,35,SALT LAKE
1662,350757,226.0,617.4040016613811,2.731876113545934,264.0,6.0,10.0,248.0,295.9833841041263,4.0,2.0,0.0,10.0,23.0,38.0,135.0,52.0,0.0,0.0,0.0,31.98338410412628,84106,0,0,0,35,SALT LAKE
1663,350758,318.0,874.3103647688014,2.7494036627949727,1318.0,231.0,11.0,1076.0,1379.9776071417234,147.0,84.0,0.0,11.0,334.0,43.0,348.0,351.0,0.0,0.0,17.00097324529598,44.97663389642758,84441,0,0,0,35,SALT LAKE
1664,350759,563.0,1319.7528491889254,2.344143604243207,891.0,79.0,6.0,806.0,972.1487742973421,23.0,56.0,0.0,6.0,84.0,6.0,274.0,442.0,0.0,1.1903140370264127,0.0,79.9584602603157,62954,0,0,0,35,SALT LAKE
1665,350760,693.0,1529.0072255909372,2.206359632887356,372.0,41.0,0.0,331.0,470.9485945721407,10.0,31.0,0.0,0.0,102.0,5.0,61.0,163.0,0.0,0.0,0.0,98.94859457214068,98114,0,0,0,35,SALT LAKE
1666,350761,262.0,741.7135321972296,2.830967680142097,0.0,0.0,0.0,0.0,36.980787870396014,0.0,0.0,0.0,0.0,0.0,0.0,0.0,0.0,0.0,0.0,0.0,36.980787870396014,55874,0,0,0,35,SALT LAKE
1667,350762,229.0,697.1692837552173,3.04440735264287,0.0,0.0,0.0,0.0,32.98286485738023,0.0,0.0,0.0,0.0,0.0,0.0,0.0,0.0,0.0,0.0,0.0,32.98286485738023,55874,0,0,0,35,SALT LAKE
1668,350763,29.0,58.011114250062654,2.000383250002161,629.0,53.0,394.0,182.0,632.9979230130158,53.0,0.0,288.0,106.0,81.0,28.0,0.0,73.0,0.0,0.0,0.0,3.997923013015785,51755,0,0,0,35,SALT LAKE
1669,350764,452.0,1163.3300232646493,2.5737389895235605,478.0,110.0,16.0,352.0,542.9662489615065,91.0,19.0,12.0,4.0,17.0,25.0,3.0,307.0,0.0,0.0,0.0,64.96624896150651,60198,0,0,0,35,SALT LAKE
1670,350765,472.0,1061.8105733270395,2.2495986723030503,150.0,6.0,0.0,144.0,216.9652104680144,6.0,0.0,0.0,0.0,31.0,0.0,15.0,98.0,0.0,0.0,0.0,66.9652104680144,58042,0,0,0,35,SALT LAKE
1671,350766,415.0,1133.2885533851525,2.730815791289524,328.0,14.0,1.0,313.0,386.9693644419828,14.0,0.0,0.0,1.0,128.0,44.0,74.0,67.0,0.0,0.0,0.0,58.969364441982826,73178,0,0,0,35,SALT LAKE
1672,350767,452.0,1246.2030436218818,2.7570863796944285,431.0,35.0,10.0,386.0,495.9662489615065,28.0,7.0,3.0,7.0,72.0,79.0,122.0,113.0,0.0,0.0,0.0,64.96624896150651,56575,0,0,0,35,SALT LAKE
1673,350768,452.0,1259.669909429932,2.7868803305971945,144.0,11.0,3.0,130.0,208.9662489615065,11.0,0.0,0.0,3.0,9.0,88.0,1.0,32.0,0.0,0.0,0.0,64.96624896150651,81339,650,0,0,35,SALT LAKE
1674,350769,328.0,960.29112338943,2.9277168396019206,474.0,58.0,213.0,203.0,520.9755954029355,37.0,21.0,195.0,18.0,7.0,75.0,46.0,75.0,0.0,0.0,0.0,46.97559540293548,110709,0,0,0,35,SALT LAKE
1675,350770,272.0,830.8020290812544,3.054419224563436,0.0,0.0,0.0,0.0,38.979749376903904,0.0,0.0,0.0,0.0,0.0,0.0,0.0,0.0,0.0,0.0,0.0,38.979749376903904,166479,587,0,0,35,SALT LAKE
1676,350771,242.0,689.9178944739594,2.8509003903882624,221.0,9.0,1.0,211.0,257.17214040091454,0.0,9.0,0.0,1.0,0.0,193.0,15.0,3.0,0.0,1.1903140370264127,0.0,34.98182636388812,62094,0,0,1574,35,SALT LAKE
1677,350772,372.0,1098.0675197333287,2.951794407885292,49.0,3.0,0.0,46.0,101.97247992245914,3.0,0.0,0.0,0.0,0.0,34.0,3.0,9.0,0.0,0.0,0.0,52.97247992245915,117566,563,0,0,35,SALT LAKE
1678,350773,430.0,1312.5014599076676,3.05232897652946,173.0,15.0,16.0,142.0,233.96832594849073,5.0,10.0,8.0,8.0,4.0,17.0,81.0,40.0,0.0,0.0,0.0,60.96832594849072,91816,0,0,0,35,SALT LAKE
1679,350774,175.0,509.669075196979,2.912394715411309,13.0,0.0,1.0,12.0,37.98701883134866,0.0,0.0,0.0,1.0,0.0,1.0,0.0,11.0,0.0,0.0,0.0,24.987018831348657,99320,0,0,0,35,SALT LAKE
1680,350775,417.0,1170.5814125459071,2.807149670373878,503.0,133.0,32.0,338.0,562.9688451952368,108.0,25.0,31.0,1.0,85.0,76.0,9.0,168.0,0.0,0.0,0.0,59.96884519523677,121637,0,0,0,35,SALT LAKE
1681,350776,517.0,1501.037581220371,2.903360892109035,298.0,29.0,21.0,248.0,371.961575740792,15.0,14.0,8.0,13.0,46.0,52.0,7.0,143.0,0.0,0.0,0.0,73.96157574079203,129537,0,0,0,35,SALT LAKE
1682,350777,184.0,551.1055853755952,2.9951390509543216,0.0,0.0,0.0,0.0,25.9864995846026,0.0,0.0,0.0,0.0,0.0,0.0,0.0,0.0,0.0,0.0,0.0,25.9864995846026,99320,0,0,0,35,SALT LAKE
1683,350778,445.0,1065.9542243449014,2.395402751336857,159.0,1.0,11.0,147.0,222.96676820825257,1.0,0.0,1.0,10.0,12.0,59.0,3.0,73.0,0.0,0.0,0.0,63.96676820825256,68371,528,113,0,35,SALT LAKE
1684,350779,459.0,1223.4129630236428,2.665387719005757,661.0,88.0,9.0,564.0,742.9666457103331,35.0,53.0,3.0,6.0,89.0,97.0,120.0,258.0,0.0,0.0,16.000915995572687,65.96572971476046,92545,0,0,0,35,SALT LAKE
1685,350780,654.0,1675.070923970559,2.561270525948867,728.0,138.0,201.0,389.0,820.951710052617,89.0,49.0,24.0,177.0,41.0,74.0,109.0,165.0,0.0,0.0,0.0,92.951710052617,69155,0,0,0,35,SALT LAKE
1686,350781,367.0,915.7468749474176,2.495223092499776,1315.0,170.0,112.0,1033.0,1387.9742014133944,73.0,97.0,81.0,31.0,174.0,342.0,179.0,338.0,0.0,0.0,21.00120224418915,51.9729991692052,43977,0,895,0,35,SALT LAKE
1687,350782,302.0,855.6639351884241,2.833324288703391,0.0,0.0,0.0,0.0,42.97767238991969,0.0,0.0,0.0,0.0,0.0,0.0,0.0,0.0,0.0,0.0,0.0,42.97767238991969,142825,0,0,0,35,SALT LAKE
1688,350783,841.0,1943.3723273770988,2.3107875474162887,722.0,17.0,9.0,696.0,841.9376903904736,0.0,17.0,1.0,8.0,11.0,300.0,82.0,303.0,0.0,0.0,0.0,119.93769039047356,74779,380,620,0,35,SALT LAKE
1689,350784,967.0,2229.2842476095507,2.305361166090538,397.0,123.0,12.0,262.0,538.499286061016,108.0,15.0,4.0,8.0,44.0,17.0,23.0,178.0,0.0,3.5709421119714677,0.0,137.92834394904455,47369,0,0,0,35,SALT LAKE
1690,350785,76.0,152.27917490641445,2.0036733540317693,848.0,73.0,47.0,728.0,866.9947462835798,37.0,36.0,5.0,42.0,78.0,181.0,46.0,423.0,0.0,0.0,8.000457997786343,10.99428828579341,66454,0,0,0,35,SALT LAKE
1691,350786,179.0,509.669075196979,2.847313269256866,59.0,1.0,1.0,57.0,84.9864995846026,1.0,0.0,0.0,1.0,3.0,1.0,13.0,40.0,0.0,0.0,0.0,25.9864995846026,97142,0,0,0,35,SALT LAKE
1692,350787,243.0,743.7853577061604,3.060845093440989,0.0,0.0,0.0,0.0,34.98182636388812,0.0,0.0,0.0,0.0,0.0,0.0,0.0,0.0,0.0,0.0,0.0,34.98182636388812,93777,0,0,0,35,SALT LAKE
1693,350788,286.0,798.6887336928269,2.792617949974919,17.0,0.0,1.0,16.0,57.97871088341179,0.0,0.0,0.0,1.0,1.0,0.0,10.0,5.0,0.0,0.0,0.0,40.97871088341179,125952,0,0,0,35,SALT LAKE
1694,350789,451.0,1307.3218961353405,2.898718173249092,147.0,12.0,21.0,114.0,210.96676820825257,12.0,0.0,0.0,21.0,10.0,63.0,3.0,38.0,0.0,0.0,0.0,63.96676820825256,111706,512,0,0,35,SALT LAKE
1695,350790,237.0,629.834954714966,2.657531454493528,241.0,15.0,3.0,223.0,274.9823456106342,2.0,13.0,0.0,3.0,32.0,47.0,8.0,136.0,0.0,0.0,0.0,33.98234561063417,138546,0,0,0,35,SALT LAKE
1696,350791,517.0,1126.0371641038948,2.178021594011402,140.0,10.0,0.0,130.0,213.96157574079203,10.0,0.0,0.0,0.0,6.0,0.0,117.0,7.0,0.0,0.0,0.0,73.96157574079203,63565,0,0,0,35,SALT LAKE
1697,350792,236.0,684.7383307016324,2.901433604667934,1085.0,239.0,29.0,817.0,1118.9823456106342,156.0,83.0,21.0,8.0,39.0,207.0,91.0,480.0,0.0,0.0,0.0,33.98234561063417,97142,447,0,0,35,SALT LAKE
1698,350793,208.0,563.53653842918,2.7093102809095195,25.0,0.0,0.0,25.0,59.98470884623485,0.0,0.0,0.0,0.0,3.0,0.0,6.0,16.0,0.0,0.0,5.000286248616464,29.984422597618387,125952,0,0,0,35,SALT LAKE
1699,350794,87.0,272.4450544244014,3.131552349705763,62.0,57.0,0.0,5.0,73.99376903904735,4.0,53.0,0.0,0.0,0.0,0.0,0.0,5.0,0.0,0.0,0.0,11.993769039047354,125952,0,0,0,35,SALT LAKE
1700,350795,0.0,0.0,0.0,2442.0,256.0,0.0,2186.0,2442.0,7.0,249.0,0.0,0.0,788.0,145.0,22.0,1231.0,0.0,0.0,0.0,0.0,149495,0,0,0,35,SALT LAKE
1701,350796,1081.0,3890.88830577206,3.599341633461665,214.0,81.0,11.0,122.0,367.92003600110775,81.0,0.0,0.0,11.0,0.0,49.0,0.0,73.0,0.0,0.0,0.0,153.92003600110772,80566,467,0,0,35,SALT LAKE
1702,350797,0.0,0.0,0.0,2074.0,137.0,730.0,1207.0,2096.0295302013424,32.0,105.0,171.0,559.0,16.0,338.0,12.0,841.0,22.029530201342283,0.0,0.0,0.0,55718,366,89,0,35,SALT LAKE
1703,350798,383.0,1302.1423323630136,3.3998494317572154,347.0,150.0,10.0,187.0,401.97144142896707,138.0,12.0,2.0,8.0,1.0,19.0,7.0,160.0,0.0,0.0,0.0,54.97144142896705,48875,0,0,0,35,SALT LAKE
1704,350799,611.0,2172.309046113953,3.555333954359989,0.0,0.0,0.0,0.0,87.95616781497252,0.0,0.0,0.0,0.0,0.0,0.0,0.0,0.0,1.0013422818791946,0.0,0.0,86.95482553309333,98904,0,0,0,35,SALT LAKE
1705,350800,1567.0,5530.738196090795,3.529507464001784,48.0,23.0,1.0,24.0,271.88368872888395,3.0,20.0,0.0,1.0,0.0,5.0,11.0,8.0,0.0,0.0,0.0,223.88368872888395,76350,0,0,0,35,SALT LAKE
1706,350801,1283.0,3757.255560446022,2.928492252880765,986.0,3.0,0.0,983.0,1168.904977845472,0.0,3.0,0.0,0.0,280.0,211.0,5.0,487.0,0.0,0.0,0.0,182.90497784547216,48568,0,0,0,35,SALT LAKE
1707,350802,405.0,1375.6921379300572,3.396770710938413,0.0,0.0,0.0,0.0,57.969883688728885,0.0,0.0,0.0,0.0,0.0,0.0,0.0,0.0,0.0,0.0,0.0,57.969883688728885,50508,0,0,0,35,SALT LAKE
1708,350803,421.0,1397.4463057738308,3.319349894949717,0.0,0.0,0.0,0.0,59.96884519523677,0.0,0.0,0.0,0.0,0.0,0.0,0.0,0.0,0.0,0.0,0.0,59.96884519523677,76385,0,0,0,35,SALT LAKE
1709,350804,317.0,1036.94866721987,3.271131442333975,20.0,0.0,0.0,20.0,64.97663389642759,0.0,0.0,0.0,0.0,0.0,0.0,16.0,4.0,0.0,0.0,0.0,44.97663389642758,104764,0,0,0,35,SALT LAKE
1710,350805,299.0,968.5784254251532,3.2393927271744256,0.0,0.0,0.0,0.0,42.97767238991969,0.0,0.0,0.0,0.0,0.0,0.0,0.0,0.0,0.0,0.0,0.0,42.97767238991969,111155,0,0,0,35,SALT LAKE
1711,350806,200.0,652.6250353132049,3.2631251765660245,953.0,428.0,29.0,496.0,983.9876264081229,351.0,77.0,1.0,28.0,2.0,60.0,0.0,434.0,2.002684563758389,0.0,0.0,28.98494184436444,93494,0,0,0,35,SALT LAKE
1712,350807,845.0,2256.217979225651,2.6700804487877527,295.0,26.0,38.0,231.0,415.9371711437275,26.0,0.0,0.0,38.0,53.0,6.0,84.0,88.0,0.0,0.0,0.0,120.9371711437275,59644,0,0,0,35,SALT LAKE
1713,350808,323.0,975.8298147064112,3.021144937171551,49.0,9.0,1.0,39.0,94.97611464968153,9.0,0.0,0.0,1.0,1.0,0.0,14.0,24.0,0.0,0.0,0.0,45.97611464968153,65595,0,0,0,35,SALT LAKE
1714,350809,19.0,35.22103365182375,1.8537386132538816,5.0,1.0,2.0,2.0,150.04126758867878,1.0,0.0,0.0,2.0,0.0,0.0,0.0,2.0,27.03624161073825,0.0,115.00658371817869,2.9984422597618385,79063,0,0,0,35,SALT LAKE
1715,350810,0.0,0.0,0.0,0.0,0.0,0.0,0.0,1.0013422818791946,0.0,0.0,0.0,0.0,0.0,0.0,0.0,0.0,1.0013422818791946,0.0,0.0,0.0,99326,0,0,0,35,SALT LAKE
1716,350811,219.0,758.2881362686761,3.4625029053364207,117.0,1.0,20.0,96.0,161.00135301530187,1.0,0.0,0.0,20.0,0.0,92.0,0.0,4.0,13.01744966442953,0.0,0.0,30.983903350872332,99326,723,0,0,35,SALT LAKE
1717,350812,51.0,123.27361778138314,2.4171297604192774,0.0,0.0,0.0,0.0,12.003076682173598,0.0,0.0,0.0,0.0,0.0,0.0,0.0,0.0,5.006711409395973,0.0,0.0,6.996365272777624,99326,0,0,0,35,SALT LAKE
1718,350813,457.0,1678.1786622339553,3.672163374691368,149.0,1.0,17.0,131.0,213.9662489615065,1.0,0.0,0.0,17.0,12.0,74.0,0.0,45.0,0.0,0.0,0.0,64.96624896150651,99326,666,0,0,35,SALT LAKE
1719,350814,680.0,2511.0525168241406,3.692724289447266,0.0,0.0,0.0,0.0,96.94963306563278,0.0,0.0,0.0,0.0,0.0,0.0,0.0,0.0,0.0,0.0,0.0,96.94963306563278,99326,0,0,0,35,SALT LAKE
1720,350815,533.0,1551.797306189176,2.9114395988539887,146.0,9.0,8.0,129.0,224.9645640929375,9.0,0.0,1.0,7.0,0.0,12.0,63.0,54.0,3.004026845637584,0.0,0.0,75.96053724729991,55718,0,0,0,35,SALT LAKE
1721,350816,40.0,89.08849688402479,2.22721242210062,3913.0,2623.0,0.0,1290.0,3932.99768601565,1734.0,889.0,0.0,0.0,389.0,349.0,210.0,342.0,0.0,0.0,14.000801496126101,5.996884519523677,83407,0,0,0,35,SALT LAKE
1722,350817,644.0,2125.69297216301,3.300765484725171,290.0,8.0,18.0,264.0,382.9535715812423,5.0,3.0,0.0,18.0,4.0,78.0,154.0,28.0,1.0013422818791946,0.0,0.0,91.95222929936304,80953,616,0,0,35,SALT LAKE
1723,350818,632.0,2248.966589944393,3.558491439785432,270.0,116.0,33.0,121.0,359.9532677928552,80.0,36.0,7.0,26.0,2.0,60.0,12.0,47.0,0.0,0.0,0.0,89.95326779285516,75377,560,0,0,35,SALT LAKE
1724,350819,738.0,2557.668590775084,3.465675597256211,220.0,69.0,13.0,138.0,324.94547909166437,26.0,43.0,0.0,13.0,4.0,85.0,38.0,11.0,0.0,0.0,0.0,104.94547909166435,96192,494,0,0,35,SALT LAKE
1725,350820,963.0,3176.1085051909304,3.2981396730954624,1870.0,253.0,61.0,1556.0,2158.9369886572617,138.0,115.0,7.0,54.0,53.0,226.0,101.0,1176.0,0.0,0.0,151.00864470821722,137.92834394904455,58791,246,1094,0,35,SALT LAKE
1726,350821,1087.0,2918.1662293290447,2.6846055467608507,967.0,442.0,44.0,481.0,1131.9213742837505,374.0,68.0,11.0,33.0,23.0,78.0,138.0,242.0,1.0013422818791946,0.0,9.000515247509636,154.91951675436167,77187,515,0,0,35,SALT LAKE
1727,350822,709.0,1909.1872064797408,2.692788725641383,776.0,199.0,41.0,536.0,1184.9664740255787,115.0,84.0,20.0,21.0,6.0,136.0,0.0,394.0,1.0013422818791946,0.0,307.0175756650509,100.94755607864856,65595,0,0,0,35,SALT LAKE
1728,350823,729.0,2638.469785623385,3.619300117453203,24.0,1.0,0.0,23.0,179.01445471424933,1.0,0.0,0.0,0.0,2.0,0.0,1.0,20.0,51.06845637583893,0.0,0.0,103.9459983384104,79063,0,0,0,35,SALT LAKE
1729,350824,765.0,2827.005906936089,3.695432558086391,0.0,0.0,0.0,0.0,113.95011351407614,0.0,0.0,0.0,0.0,0.0,0.0,0.0,0.0,5.006711409395973,0.0,0.0,108.94340210468016,98769,0,0,0,35,SALT LAKE
1730,350825,111.0,430.93970585760826,3.882339692410885,473.0,363.0,4.0,106.0,507.0094279651091,219.0,144.0,0.0,4.0,0.0,44.0,10.0,52.0,13.01744966442953,0.0,5.000286248616464,15.99169205206314,99326,0,0,0,35,SALT LAKE
1731,350826,723.0,2198.2068649755884,3.0403967703673422,0.0,0.0,0.0,0.0,104.94920214891488,0.0,0.0,0.0,0.0,0.0,0.0,0.0,0.0,2.002684563758389,0.0,0.0,102.94651758515649,97427,0,0,0,35,SALT LAKE
1732,350827,561.0,1668.8554474437667,2.9747868938391564,174.0,1.0,14.0,159.0,253.9584602603157,1.0,0.0,0.0,14.0,1.0,89.0,1.0,68.0,0.0,0.0,0.0,79.9584602603157,97427,1150,0,0,35,SALT LAKE
1733,350828,523.0,1529.0072255909372,2.9235319800973945,110.0,8.0,19.0,83.0,437.9819658348186,2.0,6.0,0.0,19.0,1.0,74.0,0.0,8.0,5.006711409395973,0.0,248.01419793137663,74.96105649404596,97427,577,227,0,35,SALT LAKE
1734,350829,821.0,2494.477912752694,3.0383409412334883,566.0,90.0,134.0,342.0,888.9536116380218,56.0,34.0,16.0,118.0,5.0,125.0,6.0,206.0,2.002684563758389,0.0,204.01167894355174,116.93924813071172,100890,0,1361,0,35,SALT LAKE
1735,350830,480.0,1420.2363863720695,2.9588258049418115,187.0,12.0,9.0,166.0,284.96968731296545,12.0,0.0,6.0,3.0,10.0,75.0,16.0,65.0,3.004026845637584,0.0,26.001488492805617,68.96417197452229,102819,781,0,0,35,SALT LAKE
1736,350831,141.0,383.28771915219966,2.718352618100707,26.0,7.0,0.0,19.0,45.98961506507893,7.0,0.0,0.0,0.0,0.0,8.0,3.0,8.0,0.0,0.0,0.0,19.98961506507893,55718,0,0,0,35,SALT LAKE
1737,350832,1.0,4.143651017861618,4.143651017861618,1077.0,100.0,518.0,459.0,1080.0040268456376,74.0,26.0,289.0,229.0,44.0,133.0,5.0,277.0,3.004026845637584,0.0,0.0,0.0,79444,0,0,0,35,SALT LAKE
1738,350833,447.0,1505.1812322382327,3.367295821562042,273.0,54.0,1.0,218.0,336.9667682082526,47.0,7.0,0.0,1.0,11.0,5.0,137.0,65.0,0.0,0.0,0.0,63.96676820825256,72021,0,0,0,35,SALT LAKE
1739,350834,652.0,2011.742569171816,3.0854947379935824,408.0,22.0,87.0,299.0,500.951710052617,0.0,22.0,9.0,78.0,2.0,114.0,36.0,147.0,0.0,0.0,0.0,92.951710052617,54164,1207,0,0,35,SALT LAKE
1740,350835,463.0,1512.4326215194906,3.266593135031297,335.0,112.0,166.0,57.0,400.96572971476047,111.0,1.0,98.0,68.0,8.0,6.0,0.0,43.0,0.0,0.0,0.0,65.96572971476046,67567,0,0,0,35,SALT LAKE
1741,350836,649.0,2075.9691599486705,3.198719815021064,2248.0,748.0,791.0,709.0,2347.9521108006797,731.0,17.0,8.0,783.0,8.0,543.0,18.0,140.0,0.0,0.0,7.000400748063051,92.951710052617,74159,0,896,1795,35,SALT LAKE
1742,350837,468.0,1493.7861919391137,3.1918508374767383,184.0,27.0,0.0,157.0,250.9652104680144,4.0,23.0,0.0,0.0,22.0,85.0,2.0,48.0,0.0,0.0,0.0,66.9652104680144,66291,0,0,0,35,SALT LAKE
1743,350838,51.0,124.30953053584857,2.437441775212717,694.0,34.0,28.0,632.0,700.9963652727777,19.0,15.0,0.0,28.0,9.0,469.0,5.0,149.0,0.0,0.0,0.0,6.996365272777624,66291,0,0,0,35,SALT LAKE
1744,350839,9.0,23.825993352704305,2.6473325947449227,1026.0,149.0,164.0,713.0,1350.0179724138775,117.0,32.0,59.0,105.0,40.0,207.0,0.0,466.0,0.0,0.0,323.0184916606236,0.9994807532539464,57444,0,0,0,35,SALT LAKE
1745,350840,33.0,90.1244096384902,2.7310427163178845,16.0,1.0,7.0,8.0,32.012168866940875,1.0,0.0,1.0,6.0,0.0,1.0,0.0,7.0,11.01476510067114,0.0,0.0,4.997403766269732,81590,0,0,0,35,SALT LAKE
1746,350841,861.0,2662.29577897609,3.0920973042695583,846.0,1.0,370.0,475.0,968.9361326502354,1.0,0.0,9.0,361.0,5.0,425.0,2.0,43.0,0.0,0.0,0.0,122.9361326502354,97427,954,1433,0,35,SALT LAKE
1747,350842,508.0,1498.9657557114404,2.9507199915579534,0.0,0.0,0.0,0.0,75.96612183317566,0.0,0.0,0.0,0.0,0.0,0.0,0.0,0.0,3.004026845637584,0.0,0.0,72.96209498753808,97427,0,0,0,35,SALT LAKE
1748,350843,247.0,730.3184918981102,2.956755027927572,0.0,0.0,0.0,0.0,34.98182636388812,0.0,0.0,0.0,0.0,0.0,0.0,0.0,0.0,0.0,0.0,0.0,34.98182636388812,97427,0,0,0,35,SALT LAKE
1749,350844,705.0,2613.607879516216,3.707245219171937,146.0,0.0,10.0,136.0,246.94755607864857,0.0,0.0,1.0,9.0,2.0,65.0,4.0,65.0,0.0,0.0,0.0,100.94755607864856,92040,565,0,0,35,SALT LAKE
1750,350845,770.0,2746.204712087788,3.5664996260880355,0.0,0.0,0.0,0.0,110.94422513981328,0.0,0.0,0.0,0.0,0.0,0.0,0.0,0.0,1.0013422818791946,0.0,0.0,109.9428828579341,92196,0,0,0,35,SALT LAKE
1751,350846,608.0,2113.262019109425,3.4757598998510284,0.0,0.0,0.0,0.0,88.95751009685172,0.0,0.0,0.0,0.0,0.0,0.0,0.0,0.0,2.002684563758389,0.0,0.0,86.95482553309333,54519,0,0,0,35,SALT LAKE
1752,350847,215.0,508.6331624425137,2.365735639267505,119.0,1.0,25.0,93.0,149.98390335087234,1.0,0.0,2.0,23.0,12.0,53.0,1.0,27.0,0.0,0.0,0.0,30.983903350872332,81365,573,0,0,35,SALT LAKE
1753,350848,345.0,852.556196925028,2.471177382391385,250.0,4.0,33.0,213.0,300.97724147320173,4.0,0.0,3.0,30.0,32.0,51.0,0.0,130.0,2.002684563758389,0.0,0.0,48.974556909443365,81365,0,0,163,35,SALT LAKE
1754,350849,666.0,2108.082455337098,3.1652889719776245,1035.0,98.0,264.0,673.0,1129.9506715591249,98.0,0.0,161.0,103.0,26.0,27.0,67.0,553.0,0.0,0.0,0.0,94.9506715591249,57444,0,0,0,35,SALT LAKE
1755,350850,25.0,71.47798005811292,2.859119202324517,0.0,0.0,0.0,0.0,27.028795496237265,0.0,0.0,0.0,0.0,0.0,0.0,0.0,0.0,23.03087248322148,0.0,0.0,3.997923013015785,97427,0,0,0,35,SALT LAKE
1756,350851,262.0,843.2329821348393,3.21844649669786,282.0,0.0,65.0,217.0,321.9848147160336,0.0,0.0,0.0,65.0,8.0,18.0,190.0,1.0,3.004026845637584,0.0,0.0,36.980787870396014,97427,0,0,0,35,SALT LAKE
1757,350852,0.0,0.0,0.0,0.0,0.0,0.0,0.0,4.005369127516778,0.0,0.0,0.0,0.0,0.0,0.0,0.0,0.0,4.005369127516778,0.0,0.0,0.0,56502,0,0,0,35,SALT LAKE
1758,350853,380.0,1335.2915405059064,3.5139251065944905,796.0,44.0,84.0,668.0,849.9719606757131,3.0,41.0,2.0,82.0,6.0,495.0,0.0,167.0,0.0,0.0,0.0,53.9719606757131,72694,676,0,2749,35,SALT LAKE
1759,350854,5.0,10.359127544654044,2.071825508930809,797.0,46.0,279.0,472.0,803.0061921626499,46.0,0.0,59.0,220.0,0.0,115.0,0.0,357.0,5.006711409395973,0.0,0.0,0.9994807532539464,79444,0,0,0,35,SALT LAKE
1760,350855,570.0,1826.314186122508,3.204059975653523,760.0,30.0,42.0,688.0,2741.066715487826,7.0,23.0,1.0,41.0,0.0,27.0,651.0,10.0,0.0,0.0,1900.1087744742565,80.95794101356965,71395,0,0,414,35,SALT LAKE
1761,350856,332.0,1062.846486081505,3.2013448375948945,423.0,53.0,244.0,126.0,469.9755954029355,53.0,0.0,239.0,5.0,21.0,7.0,52.0,46.0,0.0,0.0,0.0,46.97559540293548,71395,0,0,0,35,SALT LAKE
1762,350857,63.0,179.212906522515,2.8446493098811905,239.0,104.0,3.0,132.0,247.9953267792855,88.0,16.0,3.0,0.0,6.0,41.0,24.0,61.0,0.0,0.0,0.0,8.995326779285516,73487,0,0,0,35,SALT LAKE
1763,350858,228.0,523.1359410050293,2.2944558816010057,1108.0,398.0,4.0,706.0,1140.9828648573803,352.0,46.0,2.0,2.0,50.0,79.0,177.0,400.0,0.0,0.0,0.0,32.98286485738023,81365,0,0,0,35,SALT LAKE
1764,350859,420.0,1282.4599900281708,3.05347616673374,1505.0,549.0,59.0,897.0,1564.9688451952368,344.0,205.0,45.0,14.0,149.0,77.0,107.0,564.0,0.0,0.0,0.0,59.96884519523677,58827,0,0,0,35,SALT LAKE
1765,350860,419.0,1260.7058221843972,3.0088444443541698,400.0,12.0,6.0,382.0,467.97958345027035,12.0,0.0,0.0,6.0,59.0,45.0,0.0,278.0,8.010738255033557,0.0,0.0,59.96884519523677,81590,719,0,0,35,SALT LAKE
1766,350861,0.0,0.0,0.0,1.0,0.0,1.0,0.0,67.08602053971504,0.0,0.0,0.0,1.0,0.0,0.0,0.0,0.0,64.08590604026845,0.0,2.000114499446586,0.0,76192,0,0,0,35,SALT LAKE
1767,350862,407.0,1307.3218961353405,3.2120931108976425,1292.0,11.0,1164.0,117.0,1917.0653108574752,10.0,1.0,610.0,554.0,2.0,113.0,0.0,2.0,49.06577181208053,0.0,518.0296553566657,57.969883688728885,56502,0,0,0,35,SALT LAKE
1768,350863,32.0,100.48353718314424,3.1401105369732574,0.0,0.0,0.0,0.0,29.029618531370403,0.0,0.0,0.0,0.0,0.0,0.0,0.0,0.0,24.03221476510067,0.0,0.0,4.997403766269732,97427,0,0,0,35,SALT LAKE
1769,350864,0.0,0.0,0.0,2271.0,4.0,885.0,1382.0,2278.1983677283015,4.0,0.0,818.0,67.0,4.0,374.0,0.0,1004.0,6.008053691275167,1.1903140370264127,0.0,0.0,56502,0,0,0,35,SALT LAKE
1770,350865,0.0,0.0,0.0,1321.0,139.0,1021.0,161.0,1331.013422818792,139.0,0.0,848.0,173.0,0.0,28.0,0.0,133.0,10.013422818791948,0.0,0.0,0.0,56502,0,0,0,35,SALT LAKE
1771,350866,696.0,2311.1213552123177,3.320576659787813,0.0,0.0,0.0,0.0,107.94910981965032,0.0,0.0,0.0,0.0,0.0,0.0,0.0,0.0,0.0,0.0,9.000515247509636,98.94859457214068,56502,0,0,0,35,SALT LAKE
1772,350867,294.0,1082.5288284163478,3.682070844953564,0.0,0.0,0.0,0.0,41.97819163666574,0.0,0.0,0.0,0.0,0.0,0.0,0.0,0.0,0.0,0.0,0.0,41.97819163666574,83804,0,0,0,35,SALT LAKE
1773,350868,463.0,1667.8195346893012,3.602202018767389,0.0,0.0,0.0,0.0,66.96707199663965,0.0,0.0,0.0,0.0,0.0,0.0,0.0,0.0,1.0013422818791946,0.0,0.0,65.96572971476046,90315,0,0,0,35,SALT LAKE
1774,350869,131.0,491.0226456166018,3.7482644703557386,477.0,175.0,158.0,144.0,495.990134311825,144.0,31.0,0.0,158.0,1.0,7.0,104.0,32.0,0.0,0.0,0.0,18.990134311824978,79691,0,0,0,35,SALT LAKE
1775,350870,291.0,1058.7028350636435,3.638154072383655,287.0,216.0,2.0,69.0,328.97819163666577,82.0,134.0,0.0,2.0,0.0,1.0,16.0,52.0,0.0,0.0,0.0,41.97819163666574,79691,0,0,0,35,SALT LAKE
1776,350871,9.0,23.825993352704305,2.6473325947449227,164.0,1.0,22.0,141.0,164.99948075325395,1.0,0.0,0.0,22.0,0.0,61.0,0.0,80.0,0.0,0.0,0.0,0.9994807532539464,79691,0,0,0,35,SALT LAKE
1777,350872,311.0,997.5839825501846,3.2076655387465745,215.0,37.0,0.0,178.0,258.9771531431736,0.0,37.0,0.0,0.0,1.0,0.0,143.0,34.0,0.0,0.0,0.0,43.97715314317364,73244,0,0,0,35,SALT LAKE
1778,350873,198.0,657.8045990855319,3.3222454499269287,189.0,1.0,11.0,177.0,217.9868033729897,1.0,0.0,2.0,9.0,1.0,58.0,57.0,61.0,1.0013422818791946,0.0,0.0,27.98546109111049,73487,0,0,0,35,SALT LAKE
1779,350874,950.0,2430.251321975839,2.5581592862903566,487.0,128.0,0.0,359.0,622.9293824425367,108.0,20.0,0.0,0.0,57.0,10.0,36.0,256.0,0.0,0.0,0.0,135.92938244253668,49551,0,0,0,35,SALT LAKE
1780,350875,548.0,1715.47152139471,3.130422484296916,1272.0,240.0,14.0,1018.0,1350.960841035687,148.0,92.0,7.0,7.0,81.0,75.0,109.0,753.0,1.0013422818791946,0.0,0.0,77.95949875380781,59740,0,0,0,35,SALT LAKE
1781,350876,257.0,748.9649214784874,2.914260394857928,616.0,168.0,18.0,430.0,652.9807878703961,96.0,72.0,12.0,6.0,46.0,84.0,108.0,192.0,0.0,0.0,0.0,36.980787870396014,81590,0,0,0,35,SALT LAKE
1782,350877,0.0,0.0,0.0,898.0,4.0,683.0,211.0,900.0026845637584,4.0,0.0,595.0,88.0,13.0,31.0,121.0,46.0,2.002684563758389,0.0,0.0,0.0,56502,0,0,0,35,SALT LAKE
1783,350878,0.0,0.0,0.0,0.0,0.0,0.0,0.0,30.116273200129076,0.0,0.0,0.0,0.0,0.0,0.0,0.0,0.0,17.022818791946307,13.093454408182769,0.0,0.0,76192,0,0,0,35,SALT LAKE
1784,350879,0.0,0.0,0.0,5.0,0.0,0.0,5.0,5.0,0.0,0.0,0.0,0.0,0.0,3.0,0.0,2.0,0.0,0.0,0.0,0.0,111741,0,0,0,35,SALT LAKE
1785,350880,0.0,0.0,0.0,3.0,0.0,3.0,0.0,3.0,0.0,0.0,3.0,0.0,0.0,0.0,0.0,0.0,0.0,0.0,0.0,0.0,111741,0,0,0,35,SALT LAKE
1786,350881,2.0,2.0,1.0,1080.0,110.0,366.0,604.0,1080.0,105.0,5.0,14.0,352.0,70.0,29.0,0.0,505.0,0.0,0.0,0.0,0.0,60946,0,0,0,35,SALT LAKE
1787,350882,526.0,1457.5292455328242,2.7709681474008065,1280.0,342.0,111.0,827.0,1359.9613427426625,275.0,67.0,13.0,98.0,69.0,145.0,65.0,548.0,0.0,0.0,5.000286248616464,74.96105649404596,57679,552,0,0,35,SALT LAKE
1788,350883,509.0,1412.9849970908117,2.7760019589210447,0.0,0.0,0.0,0.0,103.96386972896016,0.0,0.0,0.0,0.0,0.0,0.0,0.0,0.0,0.0,0.0,31.00177474142208,72.96209498753808,65378,0,0,0,35,SALT LAKE
1789,350884,703.0,1747.5848167831375,2.485895898695786,1331.0,294.0,9.0,1028.0,1430.9480753253947,119.0,175.0,9.0,0.0,21.0,95.0,151.0,761.0,0.0,0.0,0.0,99.94807532539464,60946,0,0,0,35,SALT LAKE
1790,350885,0.0,0.0,0.0,3549.0,204.0,1139.0,2206.0,3549.0,196.0,8.0,7.0,1132.0,542.0,1198.0,1.0,465.0,0.0,0.0,0.0,0.0,60946,0,0,0,35,SALT LAKE
1791,350886,0.0,0.0,0.0,941.0,85.0,405.0,451.0,941.0,34.0,51.0,267.0,138.0,112.0,50.0,0.0,289.0,0.0,0.0,0.0,0.0,39291,0,0,0,35,SALT LAKE
1792,350887,806.0,1805.5959310332,2.2401934628203475,1363.0,328.0,231.0,804.0,1477.9402866242037,301.0,27.0,144.0,87.0,365.0,43.0,41.0,355.0,0.0,0.0,0.0,114.94028662420382,39291,0,0,0,35,SALT LAKE
1793,350888,338.0,874.3103647688014,2.586717055528998,354.0,60.0,22.0,272.0,401.9750761561894,46.0,14.0,0.0,22.0,32.0,26.0,5.0,209.0,0.0,0.0,0.0,47.97507615618942,41199,0,0,0,35,SALT LAKE
1794,350889,488.0,1145.7195064387374,2.347785873849872,626.0,230.0,16.0,380.0,712.9646259730722,61.0,169.0,1.0,15.0,77.0,28.0,93.0,182.0,0.0,0.0,17.00097324529598,69.96365272777624,86602,0,0,0,35,SALT LAKE
1795,350890,113.0,254.8345375984895,2.255172899101677,2174.0,1150.0,5.0,1019.0,2189.991692052063,715.0,435.0,5.0,0.0,398.0,34.0,25.0,562.0,0.0,0.0,0.0,15.99169205206314,63756,0,0,0,35,SALT LAKE
1796,350891,708.0,1642.9576285821315,2.3205616222911463,392.0,183.0,6.0,203.0,492.9475560786486,0.0,183.0,2.0,4.0,15.0,0.0,63.0,125.0,0.0,0.0,0.0,100.94755607864856,40745,0,0,0,35,SALT LAKE
1797,350892,1092.0,2669.5471682573475,2.44464026397193,0.0,0.0,0.0,0.0,155.9189975076156,0.0,0.0,0.0,0.0,0.0,0.0,0.0,0.0,0.0,0.0,0.0,155.9189975076156,60946,0,0,0,35,SALT LAKE
1798,350893,0.0,0.0,0.0,1409.0,985.0,6.0,418.0,1409.0,861.0,124.0,6.0,0.0,28.0,42.0,12.0,336.0,0.0,0.0,0.0,0.0,60946,0,0,0,35,SALT LAKE
1799,350894,604.0,1464.780634814082,2.425133501347818,227.0,9.0,53.0,165.0,312.9553447798394,9.0,0.0,31.0,22.0,1.0,5.0,0.0,159.0,0.0,0.0,0.0,85.95534477983938,60946,0,0,0,35,SALT LAKE
1800,350895,253.0,623.6194781881735,2.464899123273413,1073.0,117.0,218.0,738.0,1155.9839978541368,93.0,24.0,154.0,64.0,52.0,33.0,81.0,572.0,0.0,0.0,47.002690736994765,35.981307117142066,60946,0,0,0,35,SALT LAKE
1801,350896,767.0,1771.4108101358418,2.309531695092362,1477.0,134.0,76.0,1267.0,1586.9428828579341,33.0,101.0,24.0,52.0,235.0,59.0,32.0,941.0,0.0,0.0,0.0,109.9428828579341,54208,0,0,0,35,SALT LAKE
1802,350897,503.0,1121.8935130860332,2.230404598580583,1433.0,261.0,105.0,1067.0,1504.962614234284,182.0,79.0,82.0,23.0,174.0,161.0,155.0,577.0,0.0,0.0,0.0,71.96261423428413,54208,0,0,0,35,SALT LAKE
1803,350898,527.0,1460.6369837962204,2.771607179878976,373.0,48.0,24.0,301.0,447.961056494046,40.0,8.0,5.0,19.0,12.0,17.0,147.0,125.0,0.0,0.0,0.0,74.96105649404596,64045,0,0,0,35,SALT LAKE
1804,350899,345.0,889.8490560857825,2.5792726263356016,101.0,35.0,13.0,53.0,149.97455690944338,35.0,0.0,2.0,11.0,26.0,1.0,10.0,16.0,0.0,0.0,0.0,48.974556909443365,52893,0,0,0,35,SALT LAKE
1805,350900,228.0,524.1718537594948,2.2989993585942754,1617.0,301.0,42.0,1274.0,1657.9833228551665,88.0,213.0,9.0,33.0,174.0,242.0,27.0,831.0,0.0,0.0,8.000457997786343,32.98286485738023,44623,0,0,2194,35,SALT LAKE
1806,350901,928.0,2158.842180305903,2.32633855636412,527.0,343.0,2.0,182.0,659.9309401827749,311.0,32.0,1.0,1.0,24.0,13.0,31.0,114.0,0.0,0.0,0.0,132.93094018277486,72052,0,0,0,35,SALT LAKE
1807,350902,368.0,909.5313984206252,2.471552713099525,617.0,34.0,28.0,555.0,669.9724799224591,0.0,34.0,8.0,20.0,167.0,104.0,52.0,232.0,0.0,0.0,0.0,52.97247992245915,76203,48,15,40,35,SALT LAKE
1808,350903,9.0,21.75416784377349,2.417129760419277,0.0,0.0,0.0,0.0,0.9994807532539464,0.0,0.0,0.0,0.0,0.0,0.0,0.0,0.0,0.0,0.0,0.0,0.9994807532539464,37668,0,0,0,35,SALT LAKE
1809,350904,983.0,2287.2953618596134,2.32685184319391,102.0,3.0,33.0,66.0,472.94053014163313,3.0,0.0,1.0,32.0,0.0,1.0,2.0,63.0,0.0,0.0,231.01322468608066,139.92730545555247,37668,0,0,0,35,SALT LAKE
1810,350905,258.0,697.1692837552173,2.7022065261830126,233.0,12.0,64.0,157.0,289.98193286486185,8.0,4.0,0.0,64.0,3.0,39.0,0.0,115.0,0.0,0.0,20.001144994465857,36.980787870396014,45967,0,0,0,35,SALT LAKE
1811,350906,239.0,704.4206730364751,2.9473668327885987,507.0,5.0,100.0,402.0,540.9823456106342,5.0,0.0,1.0,99.0,1.0,292.0,12.0,97.0,0.0,0.0,0.0,33.98234561063417,85973,709,945,0,35,SALT LAKE
1812,350907,193.0,558.356974656853,2.8930413194655595,137.0,41.0,48.0,48.0,187.98677783474622,13.0,28.0,1.0,47.0,1.0,7.0,1.0,39.0,0.0,0.0,23.001316743635737,27.98546109111049,85973,0,0,0,35,SALT LAKE
1813,350908,746.0,1939.2286763592372,2.599502247130345,102.0,13.0,45.0,44.0,208.94444059817224,13.0,0.0,2.0,43.0,6.0,2.0,0.0,36.0,0.0,0.0,0.0,106.94444059817224,41529,0,0,0,35,SALT LAKE
1814,350909,381.0,990.3325932689268,2.5992981450628,350.0,56.0,81.0,213.0,403.9719606757131,39.0,17.0,9.0,72.0,6.0,58.0,4.0,145.0,0.0,0.0,0.0,53.9719606757131,57978,419,0,0,35,SALT LAKE
1815,350910,530.0,1296.9627685906864,2.4470995633786536,176.0,19.0,85.0,72.0,251.9605372472999,19.0,0.0,68.0,17.0,9.0,3.0,0.0,60.0,0.0,0.0,0.0,75.96053724729991,45967,0,0,0,35,SALT LAKE
1816,350911,425.0,1302.1423323630136,3.063864311442385,0.0,0.0,0.0,0.0,60.96832594849072,0.0,0.0,0.0,0.0,0.0,0.0,0.0,0.0,0.0,0.0,0.0,60.96832594849072,49675,0,0,0,35,SALT LAKE
1817,350912,255.0,769.6831765677956,3.0183653983050807,336.0,87.0,73.0,176.0,371.9813071171421,73.0,14.0,10.0,63.0,23.0,18.0,0.0,135.0,0.0,0.0,0.0,35.981307117142066,53734,0,0,0,35,SALT LAKE
1818,350913,232.0,612.2244378890541,2.638898439176957,240.0,9.0,147.0,84.0,272.9828648573802,9.0,0.0,50.0,97.0,11.0,8.0,0.0,65.0,0.0,0.0,0.0,32.98286485738023,81457,0,0,0,35,SALT LAKE
1819,350914,192.0,496.2022093889288,2.584386507234004,79.0,8.0,4.0,67.0,106.98732261973574,8.0,0.0,0.0,4.0,2.0,1.0,56.0,8.0,1.0013422818791946,0.0,0.0,26.98598033785655,81457,0,0,0,35,SALT LAKE
1820,350915,338.0,1019.338150393958,3.0157933443608225,85.0,16.0,7.0,62.0,132.9750761561894,16.0,0.0,0.0,7.0,1.0,2.0,25.0,34.0,0.0,0.0,0.0,47.97507615618942,48336,0,0,0,35,SALT LAKE
1821,350916,144.0,412.29327627723103,2.8631477519252155,450.0,34.0,1.0,415.0,470.9890958183329,30.0,4.0,1.0,0.0,0.0,85.0,2.0,328.0,0.0,0.0,0.0,20.98909581833287,51003,409,0,0,35,SALT LAKE
1822,350917,288.0,742.7494449516951,2.5789911283044966,388.0,35.0,52.0,301.0,449.9799131276009,34.0,1.0,4.0,48.0,87.0,42.0,31.0,141.0,0.0,0.0,21.00120224418915,40.97871088341179,80568,0,0,0,35,SALT LAKE
1823,350918,358.0,938.5369555456564,2.621611607669432,589.0,226.0,46.0,317.0,639.9735184159513,139.0,87.0,0.0,46.0,22.0,10.0,102.0,183.0,0.0,0.0,0.0,50.97351841595126,88737,0,0,0,35,SALT LAKE
1824,350919,802.0,1863.6070452832628,2.323699557709804,1164.0,162.0,98.0,904.0,1432.949103081591,142.0,20.0,25.0,73.0,26.0,152.0,158.0,568.0,0.0,0.0,154.0088164573871,114.94028662420382,60734,254,0,0,35,SALT LAKE
1825,350920,1038.0,2453.041402574078,2.3632383454470887,429.0,136.0,12.0,281.0,576.923151481584,56.0,80.0,0.0,12.0,68.0,52.0,42.0,119.0,0.0,0.0,0.0,147.92315148158406,108592,0,0,0,35,SALT LAKE
1826,350921,0.0,0.0,0.0,8703.0,313.0,105.0,8285.0,8703.0,198.0,115.0,2.0,103.0,3262.0,509.0,239.0,4275.0,0.0,0.0,0.0,0.0,149495,0,0,0,35,SALT LAKE
1827,350922,230.0,540.7464578309412,2.351071555786701,47.0,26.0,0.0,21.0,79.98286485738024,0.0,26.0,0.0,0.0,2.0,8.0,4.0,7.0,0.0,0.0,0.0,32.98286485738023,149495,0,0,0,35,SALT LAKE
1828,350923,1540.0,3753.1119094281607,2.437085655472832,75.0,1.0,58.0,16.0,294.88576571586816,1.0,0.0,6.0,52.0,0.0,2.0,0.0,14.0,0.0,0.0,0.0,219.8857657158682,136616,0,0,0,35,SALT LAKE
1829,350924,602.0,1508.288970501629,2.5054634061488854,968.0,497.0,5.0,466.0,1053.9553447798394,496.0,1.0,0.0,5.0,166.0,85.0,64.0,151.0,0.0,0.0,0.0,85.95534477983938,65715,0,0,0,35,SALT LAKE
1830,350925,0.0,0.0,0.0,1880.0,60.0,4.0,1816.0,1880.0,27.0,33.0,4.0,0.0,580.0,20.0,7.0,1209.0,0.0,0.0,0.0,0.0,57947,0,0,0,35,SALT LAKE
1831,350926,1112.0,2812.5031283735734,2.529229431990624,71.0,0.0,3.0,68.0,229.91743976737746,0.0,0.0,1.0,2.0,7.0,0.0,0.0,61.0,0.0,0.0,0.0,158.91743976737746,61673,0,0,0,35,SALT LAKE
1832,350927,187.0,463.0530012460358,2.4762192580001914,1140.0,730.0,89.0,321.0,1959.0313221187046,492.0,238.0,86.0,3.0,32.0,127.0,25.0,137.0,0.0,0.0,792.0453417808479,26.98598033785655,57947,0,0,0,35,SALT LAKE
1833,350928,487.0,1261.7417349388627,2.5908454516198414,893.0,270.0,8.0,615.0,962.9636527277762,187.0,83.0,3.0,5.0,120.0,83.0,274.0,138.0,0.0,0.0,0.0,69.96365272777624,77272,528,0,0,35,SALT LAKE
1834,350929,678.0,1818.026884086785,2.6814555812489456,582.0,70.0,14.0,498.0,688.9502055628657,38.0,32.0,2.0,12.0,54.0,27.0,68.0,349.0,0.0,0.0,10.000572497232929,96.94963306563278,74521,0,0,0,35,SALT LAKE
1835,350930,594.0,1627.4189372651506,2.739762520648401,1504.0,228.0,210.0,1066.0,1588.9558640265855,193.0,35.0,4.0,206.0,38.0,756.0,73.0,199.0,0.0,0.0,0.0,84.95586402658543,84600,641,950,0,35,SALT LAKE
1836,350931,650.0,1847.0324412118164,2.841588371095102,13.0,0.0,1.0,12.0,105.951710052617,0.0,0.0,0.0,1.0,6.0,0.0,0.0,6.0,0.0,0.0,0.0,92.951710052617,76969,0,0,0,35,SALT LAKE
1837,350932,363.0,953.0397341081722,2.6254538129701714,463.0,16.0,4.0,443.0,515.9743414510845,0.0,16.0,1.0,3.0,56.0,46.0,68.0,273.0,1.0013422818791946,0.0,0.0,51.9729991692052,73569,0,0,0,35,SALT LAKE
1838,350933,174.0,484.80716908980935,2.7862480982172952,66.0,0.0,15.0,51.0,90.98701883134865,0.0,0.0,0.0,15.0,8.0,15.0,13.0,15.0,0.0,0.0,0.0,24.987018831348657,75198,0,0,0,35,SALT LAKE
1839,350934,115.0,281.76826921459,2.4501588627355653,17.0,0.0,8.0,9.0,35.995718897700726,0.0,0.0,0.0,8.0,3.0,2.0,1.0,3.0,3.004026845637584,0.0,0.0,15.99169205206314,57947,0,0,0,35,SALT LAKE
1840,350935,681.0,1705.112393850056,2.503836114317263,226.0,0.0,4.0,222.0,322.9496330656328,0.0,0.0,1.0,3.0,1.0,16.0,0.0,205.0,0.0,0.0,0.0,96.94963306563278,71040,0,0,2126,35,SALT LAKE
1841,350936,841.0,2461.328704609801,2.926669089904639,351.0,169.0,0.0,182.0,470.93769039047356,33.0,136.0,0.0,0.0,35.0,20.0,22.0,105.0,0.0,0.0,0.0,119.93769039047356,116068,0,0,0,35,SALT LAKE
1842,350937,700.0,1856.355656002005,2.6519366514314355,40.0,3.0,0.0,37.0,139.94807532539465,3.0,0.0,0.0,0.0,13.0,1.0,7.0,16.0,0.0,0.0,0.0,99.94807532539464,115312,0,0,0,35,SALT LAKE
1843,350938,295.0,899.1722708759711,3.0480415961897327,286.0,0.0,0.0,286.0,327.97819163666577,0.0,0.0,0.0,0.0,83.0,3.0,176.0,24.0,0.0,0.0,0.0,41.97819163666574,90282,0,0,0,35,SALT LAKE
1844,350939,290.0,708.5643240543367,2.443325255359781,76.0,1.0,0.0,75.0,116.9787108834118,1.0,0.0,0.0,0.0,18.0,2.0,15.0,40.0,0.0,0.0,0.0,40.97871088341179,120720,0,0,0,35,SALT LAKE
1845,350940,433.0,1262.7776476933282,2.916345606682051,6.0,1.0,0.0,5.0,67.96780670174468,1.0,0.0,0.0,0.0,2.0,0.0,1.0,2.0,0.0,0.0,0.0,61.96780670174467,91034,0,0,0,35,SALT LAKE
1846,350941,722.0,1963.0546697119416,2.7189122849195866,382.0,206.0,10.0,166.0,484.94651758515647,164.0,42.0,0.0,10.0,19.0,44.0,9.0,94.0,0.0,0.0,0.0,102.94651758515649,98072,462,0,0,35,SALT LAKE
1847,350942,561.0,1463.7447220596166,2.609170627557249,121.0,0.0,26.0,95.0,200.9584602603157,0.0,0.0,0.0,26.0,7.0,12.0,54.0,22.0,0.0,0.0,0.0,79.9584602603157,102520,0,0,0,35,SALT LAKE
1848,350943,73.0,182.3206447859112,2.497543079259058,0.0,0.0,0.0,0.0,113.00070425403864,0.0,0.0,0.0,0.0,0.0,0.0,0.0,0.0,0.0,0.0,103.00589672149917,9.994807532539465,102705,0,0,0,35,SALT LAKE
1849,350944,272.0,693.0256327373556,2.547888355652043,1191.0,162.0,2.0,1027.0,1229.979749376904,7.0,155.0,0.0,2.0,246.0,54.0,187.0,540.0,0.0,0.0,0.0,38.979749376903904,75198,0,0,0,35,SALT LAKE
1850,350945,458.0,1234.8080033227625,2.6960873434994808,45.0,4.0,2.0,39.0,109.96624896150651,4.0,0.0,0.0,2.0,29.0,1.0,4.0,5.0,0.0,0.0,0.0,64.96624896150651,59129,0,0,0,35,SALT LAKE
1851,350946,186.0,449.5861354379856,2.417129760419277,92.0,19.0,0.0,73.0,118.98598033785655,2.0,17.0,0.0,0.0,1.0,62.0,10.0,0.0,0.0,0.0,0.0,26.98598033785655,41529,0,822,0,35,SALT LAKE
1852,350947,975.0,2940.956309927284,3.016365446079265,266.0,37.0,11.0,218.0,414.92839719953145,34.0,3.0,1.0,10.0,12.0,57.0,73.0,76.0,0.0,0.0,10.000572497232929,138.92782470229852,85287,447,0,0,35,SALT LAKE
1853,350948,1185.0,3607.048211048538,3.043922540969231,1989.0,316.0,1.0,1672.0,2157.912247299917,132.0,184.0,1.0,0.0,250.0,176.0,205.0,1041.0,0.0,0.0,0.0,168.9122472999169,78260,0,0,0,35,SALT LAKE
1854,350949,557.0,1501.037581220371,2.694861007576968,0.0,0.0,0.0,0.0,79.9584602603157,0.0,0.0,0.0,0.0,0.0,0.0,0.0,0.0,0.0,0.0,0.0,79.9584602603157,78058,0,0,0,35,SALT LAKE
1855,350950,285.0,781.078216866915,2.7406253223400525,0.0,0.0,0.0,0.0,41.98005316529099,0.0,0.0,0.0,0.0,0.0,0.0,0.0,0.0,1.0013422818791946,0.0,0.0,40.97871088341179,72573,0,0,0,35,SALT LAKE
1856,350951,375.0,984.1171167421344,2.624312311312358,332.0,25.0,62.0,245.0,403.97299117073237,19.0,6.0,7.0,55.0,66.0,10.0,6.0,163.0,0.0,0.0,18.001030495019272,53.9719606757131,76309,0,0,0,35,SALT LAKE
1857,350952,556.0,1723.758823430433,3.100285653651858,20.0,1.0,0.0,19.0,98.95897950706176,1.0,0.0,0.0,0.0,2.0,9.0,3.0,5.0,0.0,0.0,0.0,78.95897950706176,94243,572,0,0,35,SALT LAKE
1858,350953,313.0,932.321479018864,2.9786628722647417,154.0,2.0,1.0,151.0,198.9766338964276,2.0,0.0,1.0,0.0,43.0,42.0,34.0,32.0,0.0,0.0,0.0,44.97663389642758,137651,389,0,0,35,SALT LAKE
1859,350954,502.0,1596.3415546311885,3.179963256237427,672.0,244.0,37.0,391.0,743.9626142342842,178.0,66.0,14.0,23.0,14.0,105.0,65.0,207.0,0.0,0.0,0.0,71.96261423428413,99905,441,0,0,35,SALT LAKE
1860,350955,522.0,1714.4356086402445,3.2843594035253725,94.0,0.0,0.0,94.0,168.96105649404598,0.0,0.0,0.0,0.0,12.0,1.0,14.0,67.0,0.0,0.0,0.0,74.96105649404596,98216,0,0,0,35,SALT LAKE
1861,350956,0.0,0.0,0.0,3508.0,67.0,511.0,2930.0,3508.0,67.0,0.0,243.0,268.0,1249.0,335.0,25.0,1321.0,0.0,0.0,0.0,0.0,37668,0,0,0,35,SALT LAKE
1862,350957,604.0,1674.0350112160938,2.7715811443975062,752.0,94.0,94.0,564.0,837.9553447798394,65.0,29.0,9.0,85.0,8.0,11.0,0.0,545.0,0.0,0.0,0.0,85.95534477983938,32464,0,0,0,35,SALT LAKE
1863,350958,499.0,1503.109406729302,3.0122433000587217,254.0,103.0,2.0,149.0,399.96742721027715,25.0,78.0,0.0,2.0,19.0,0.0,2.0,128.0,0.0,0.0,75.00429372924697,70.96313348103018,32464,0,0,0,35,SALT LAKE
1864,350959,626.0,1612.916158702635,2.5765433845090016,154.0,12.0,7.0,135.0,242.9537870396012,12.0,0.0,0.0,7.0,2.0,3.0,0.0,130.0,0.0,0.0,0.0,88.95378703960121,74169,0,0,0,35,SALT LAKE
1865,350960,389.0,1139.504029911945,2.929316272267211,74.0,14.0,7.0,53.0,129.970922182221,14.0,0.0,0.0,7.0,16.0,3.0,0.0,34.0,0.0,0.0,0.0,55.97092218222099,73770,0,0,0,35,SALT LAKE
1866,350961,959.0,2670.5830810118127,2.784758165810024,653.0,67.0,28.0,558.0,789.9288631957907,67.0,0.0,28.0,0.0,146.0,41.0,62.0,309.0,0.0,0.0,0.0,136.92886319579063,62960,0,0,0,35,SALT LAKE
1867,350962,221.0,617.4040016613811,2.7936832654361137,82.0,1.0,6.0,75.0,113.98338410412629,1.0,0.0,0.0,6.0,20.0,5.0,0.0,50.0,0.0,0.0,0.0,31.98338410412628,82904,0,0,0,35,SALT LAKE
1868,350963,392.0,1319.7528491889254,3.366716452012565,231.0,17.0,1.0,213.0,295.9714374297306,17.0,0.0,0.0,1.0,15.0,53.0,7.0,138.0,0.0,0.0,9.000515247509636,55.97092218222099,100807,635,0,0,35,SALT LAKE
1869,350964,291.0,993.440331532323,3.413884300798361,0.0,0.0,0.0,0.0,41.97819163666574,0.0,0.0,0.0,0.0,0.0,0.0,0.0,0.0,0.0,0.0,0.0,41.97819163666574,116771,0,0,0,35,SALT LAKE
1870,350965,516.0,1234.8080033227625,2.393038766129384,1249.0,293.0,304.0,652.0,1322.9615757407921,176.0,117.0,224.0,80.0,208.0,201.0,44.0,199.0,0.0,0.0,0.0,73.96157574079203,76955,0,0,0,35,SALT LAKE
1871,350966,0.0,0.0,0.0,901.0,203.0,270.0,428.0,901.0,203.0,0.0,143.0,127.0,81.0,17.0,47.0,283.0,0.0,0.0,0.0,0.0,45830,0,0,0,35,SALT LAKE
1872,350967,85.0,175.06925550465337,2.0596383000547456,1586.0,260.0,149.0,1177.0,2365.037679576813,126.0,134.0,34.0,115.0,156.0,37.0,82.0,902.0,0.0,0.0,767.0439105377657,11.993769039047354,45830,0,0,0,35,SALT LAKE
1873,350968,60.0,165.74604071446473,2.7624340119077453,3888.0,80.0,85.0,3723.0,3989.0005937538285,23.0,57.0,59.0,26.0,861.0,639.0,108.0,2115.0,0.0,0.0,92.00526697454295,8.995326779285516,62143,0,0,0,35,SALT LAKE
1874,350969,177.0,514.8486389693061,2.908749372707944,134.0,52.0,4.0,78.0,158.98701883134865,48.0,4.0,0.0,4.0,18.0,0.0,2.0,58.0,0.0,0.0,0.0,24.987018831348657,30205,0,0,0,35,SALT LAKE
1875,350970,133.0,385.3595446611305,2.8974401854220337,72.0,0.0,0.0,72.0,90.99013431182497,0.0,0.0,0.0,0.0,0.0,47.0,0.0,25.0,0.0,0.0,0.0,18.990134311824978,62143,0,0,0,35,SALT LAKE
1876,350971,141.0,401.93414873257694,2.8505967995218224,44.0,4.0,23.0,17.0,63.98961506507893,4.0,0.0,16.0,7.0,2.0,0.0,6.0,9.0,0.0,0.0,0.0,19.98961506507893,30205,0,0,0,35,SALT LAKE
1877,350972,430.0,1237.9157415861584,2.878873817642229,571.0,73.0,11.0,487.0,631.9683259484907,54.0,19.0,1.0,10.0,38.0,92.0,58.0,299.0,0.0,0.0,0.0,60.96832594849072,53345,577,0,0,35,SALT LAKE
1878,350973,576.0,1660.5681454080434,2.8829308080000757,995.0,167.0,9.0,819.0,1076.9574217668237,11.0,156.0,2.0,7.0,2.0,701.0,1.0,115.0,0.0,0.0,0.0,81.95742176682359,62143,0,0,60,35,SALT LAKE
1879,350974,540.0,1494.8221046935787,2.7681890827658866,1071.0,103.0,105.0,863.0,1147.9600180005539,37.0,66.0,6.0,99.0,71.0,237.0,73.0,482.0,0.0,0.0,0.0,76.96001800055386,68075,0,0,132,35,SALT LAKE
1880,350975,433.0,1179.9046273360957,2.7249529499678884,1752.0,969.0,1.0,782.0,1813.9678067017446,812.0,157.0,1.0,0.0,6.0,364.0,1.0,411.0,0.0,0.0,0.0,61.96780670174467,82904,0,0,0,35,SALT LAKE
1881,350976,338.0,1181.9764528450266,3.4969717539793685,785.0,46.0,0.0,739.0,832.9750761561894,32.0,14.0,0.0,0.0,126.0,70.0,59.0,484.0,0.0,0.0,0.0,47.97507615618942,62829,0,0,0,35,SALT LAKE
1882,350977,396.0,1342.5429297871642,3.39025992370496,0.0,0.0,0.0,0.0,56.97040293547494,0.0,0.0,0.0,0.0,0.0,0.0,0.0,0.0,0.0,0.0,0.0,56.97040293547494,101047,0,0,0,35,SALT LAKE
1883,350978,1300.0,3964.438111339103,3.0495677779531563,1012.0,313.0,90.0,609.0,1210.9041643516368,239.0,74.0,3.0,87.0,38.0,173.0,100.0,298.0,0.0,0.0,13.000744246402808,185.903420105234,98907,484,0,0,35,SALT LAKE
1884,350979,355.0,1064.918311590436,2.999769891804045,399.0,2.0,17.0,380.0,449.9735184159513,2.0,0.0,2.0,15.0,19.0,207.0,3.0,151.0,0.0,0.0,0.0,50.97351841595126,121548,0,936,0,35,SALT LAKE
1885,350980,668.0,1638.81397756427,2.453314337671063,1514.0,111.0,575.0,828.0,1608.9506715591249,97.0,14.0,274.0,301.0,321.0,161.0,91.0,255.0,0.0,0.0,0.0,94.9506715591249,76955,0,0,0,35,SALT LAKE
1886,350981,0.0,0.0,0.0,1948.0,196.0,90.0,1662.0,1948.0,196.0,0.0,75.0,15.0,486.0,305.0,0.0,871.0,0.0,0.0,0.0,0.0,45830,0,0,0,35,SALT LAKE
1887,350982,302.0,746.8930959695567,2.473155946919062,2009.0,108.0,1235.0,666.0,2051.9776723899195,75.0,33.0,1235.0,0.0,91.0,55.0,0.0,520.0,0.0,0.0,0.0,42.97767238991969,45830,0,0,0,35,SALT LAKE
1888,350983,0.0,0.0,0.0,1717.0,10.0,7.0,1700.0,1763.9978542723593,10.0,0.0,7.0,0.0,235.0,415.0,1.0,1049.0,0.0,24.99659477844689,22.001259493912443,0.0,53265,0,0,1996,35,SALT LAKE
1889,350984,231.0,571.8238404649034,2.4754278808004475,0.0,0.0,0.0,0.0,32.98286485738023,0.0,0.0,0.0,0.0,0.0,0.0,0.0,0.0,0.0,0.0,0.0,32.98286485738023,53265,0,0,0,35,SALT LAKE
1890,350985,433.0,1044.2000565011278,2.411547474598448,900.0,127.0,37.0,736.0,961.9678067017446,108.0,19.0,2.0,35.0,119.0,98.0,103.0,416.0,0.0,0.0,0.0,61.96780670174467,83700,0,0,0,35,SALT LAKE
1891,350986,288.0,917.8187004563484,3.1868704876956544,1590.0,175.0,30.0,1385.0,1630.9787108834118,115.0,60.0,7.0,23.0,141.0,323.0,251.0,670.0,0.0,0.0,0.0,40.97871088341179,69002,310,222,91,35,SALT LAKE
1892,350987,307.0,953.0397341081722,3.1043639547497466,1031.0,18.0,6.0,1007.0,1074.9771531431736,17.0,1.0,2.0,4.0,40.0,77.0,845.0,45.0,0.0,0.0,0.0,43.97715314317364,72647,369,0,0,35,SALT LAKE
1893,350988,235.0,768.6472638133301,3.270839420482256,993.0,3.0,28.0,962.0,1026.9823456106342,0.0,3.0,1.0,27.0,358.0,310.0,72.0,222.0,0.0,0.0,0.0,33.98234561063417,83356,420,0,0,35,SALT LAKE
1894,350989,497.0,1459.601071041755,2.9368230805669118,772.0,291.0,2.0,479.0,842.9631334810301,201.0,90.0,0.0,2.0,7.0,111.0,10.0,351.0,0.0,0.0,0.0,70.96313348103018,117605,0,0,0,35,SALT LAKE
1895,350990,472.0,1469.960198586409,3.1143224546322226,473.0,27.0,5.0,441.0,550.9658402149706,27.0,0.0,1.0,4.0,10.0,31.0,15.0,385.0,0.0,0.0,11.000629746956221,66.9652104680144,91031,0,0,0,35,SALT LAKE
1896,350991,269.0,862.915324469682,3.2078636597385946,0.0,0.0,0.0,0.0,37.98026862364996,0.0,0.0,0.0,0.0,0.0,0.0,0.0,0.0,0.0,0.0,0.0,37.98026862364996,122645,0,0,0,35,SALT LAKE
1897,350992,581.0,1408.8413460729505,2.424856017337264,6239.0,259.0,113.0,5867.0,6722.979859659117,181.0,78.0,33.0,80.0,2466.0,1424.0,132.0,1845.0,0.0,0.0,401.02295713904044,82.95690252007753,45830,0,0,0,35,SALT LAKE
1898,350993,1106.0,2709.9477656814984,2.4502240196035245,455.0,2.0,2.0,451.0,612.9179590141235,0.0,2.0,2.0,0.0,109.0,36.0,174.0,132.0,0.0,0.0,0.0,157.9179590141235,53265,0,0,0,35,SALT LAKE
1899,350994,266.0,691.9897199828903,2.6014651127176327,250.0,126.0,10.0,114.0,287.98026862365,119.0,7.0,4.0,6.0,3.0,12.0,9.0,90.0,0.0,0.0,0.0,37.98026862364996,70392,0,0,0,35,SALT LAKE
1900,350995,167.0,537.638719567545,3.2193935303445804,22.0,0.0,0.0,22.0,45.98753807809471,0.0,0.0,0.0,0.0,8.0,0.0,12.0,2.0,0.0,0.0,0.0,23.98753807809471,67464,0,0,0,35,SALT LAKE
1901,350996,457.0,1465.816547568547,3.207476034066844,678.0,14.0,37.0,627.0,742.9662489615065,14.0,0.0,2.0,35.0,2.0,114.0,87.0,424.0,0.0,0.0,0.0,64.96624896150651,73279,0,722,0,35,SALT LAKE
1902,350997,61.0,199.9311616118231,3.277560026423329,303.0,54.0,23.0,226.0,311.9953267792855,54.0,0.0,6.0,17.0,7.0,11.0,161.0,47.0,0.0,0.0,0.0,8.995326779285516,83356,0,0,0,35,SALT LAKE
1903,350998,671.0,2156.770354796972,3.214262823840495,0.0,0.0,0.0,0.0,95.95015231237883,0.0,0.0,0.0,0.0,0.0,0.0,0.0,0.0,0.0,0.0,0.0,95.95015231237883,97838,0,0,0,35,SALT LAKE
1904,350999,848.0,2690.265423346656,3.1724828105503016,0.0,0.0,0.0,0.0,120.9371711437275,0.0,0.0,0.0,0.0,0.0,0.0,0.0,0.0,0.0,0.0,0.0,120.9371711437275,102608,0,0,0,35,SALT LAKE
1905,351000,416.0,1294.8909430817555,3.112718613177297,294.0,3.0,98.0,193.0,352.9693644419828,3.0,0.0,2.0,96.0,8.0,151.0,12.0,22.0,0.0,0.0,0.0,58.969364441982826,134555,773,0,0,35,SALT LAKE
1906,351001,151.0,368.784940589684,2.44228437476612,0.0,0.0,0.0,0.0,21.98857657158682,0.0,0.0,0.0,0.0,0.0,0.0,0.0,0.0,0.0,0.0,0.0,21.98857657158682,154331,0,0,0,35,SALT LAKE
1907,351002,163.0,456.8375247192434,2.8026842007315547,79.0,63.0,0.0,16.0,101.98805732484077,0.0,63.0,0.0,0.0,1.0,1.0,10.0,4.0,0.0,0.0,0.0,22.988057324840764,115747,0,0,0,35,SALT LAKE
1908,351003,0.0,0.0,0.0,2785.0,522.0,30.0,2233.0,2913.5539160059902,312.0,210.0,18.0,12.0,773.0,279.0,102.0,1079.0,0.0,128.5539160059904,0.0,0.0,78814,0,0,0,35,SALT LAKE
1909,351004,341.0,1025.5536269207505,3.007488641996336,1025.0,480.0,17.0,528.0,1264.9854916065924,242.0,238.0,11.0,6.0,30.0,77.0,0.0,421.0,0.0,0.0,191.01093469714894,48.974556909443365,86028,0,0,0,35,SALT LAKE
1910,351005,605.0,1786.949501452823,2.953635539591443,126.0,12.0,27.0,87.0,211.95534477983938,7.0,5.0,1.0,26.0,20.0,5.0,3.0,59.0,0.0,0.0,0.0,85.95534477983938,91483,0,0,0,35,SALT LAKE
1911,351006,601.0,1856.355656002005,3.08877812978703,325.0,40.0,7.0,278.0,410.9553447798394,4.0,36.0,1.0,6.0,22.0,105.0,5.0,146.0,0.0,0.0,0.0,85.95534477983938,51676,644,0,0,35,SALT LAKE
1912,351007,190.0,578.0393169916957,3.0423121946931357,0.0,0.0,0.0,0.0,26.98598033785655,0.0,0.0,0.0,0.0,0.0,0.0,0.0,0.0,0.0,0.0,0.0,26.98598033785655,66181,0,0,0,35,SALT LAKE
1913,351008,228.0,635.014518487293,2.785151396874092,56.0,31.0,1.0,24.0,88.98286485738024,16.0,15.0,1.0,0.0,0.0,0.0,0.0,24.0,0.0,0.0,0.0,32.98286485738023,54148,0,0,0,35,SALT LAKE
1914,351009,187.0,589.4343572908152,3.1520553865819,556.0,186.0,12.0,358.0,582.9859803378565,134.0,52.0,1.0,11.0,5.0,61.0,4.0,288.0,0.0,0.0,0.0,26.98598033785655,98542,0,0,0,35,SALT LAKE
1915,351010,277.0,885.7054050679209,3.1974924370683064,11.0,0.0,1.0,10.0,50.97923013015785,0.0,0.0,0.0,1.0,7.0,0.0,1.0,2.0,0.0,0.0,0.0,39.97923013015785,140403,0,0,0,35,SALT LAKE
1916,351011,256.0,758.2881362686761,2.962063032299516,133.0,9.0,0.0,124.0,169.980787870396,0.0,9.0,0.0,0.0,6.0,1.0,90.0,27.0,0.0,0.0,0.0,36.980787870396014,155904,0,0,0,35,SALT LAKE
1917,351012,110.0,295.2351350226403,2.6839557729330936,0.0,0.0,0.0,0.0,15.99169205206314,0.0,0.0,0.0,0.0,0.0,0.0,0.0,0.0,0.0,0.0,0.0,15.99169205206314,155183,0,0,0,35,SALT LAKE
1918,351013,0.0,0.0,0.0,1633.0,1292.0,0.0,341.0,1633.0,908.0,384.0,0.0,0.0,7.0,24.0,0.0,310.0,0.0,0.0,0.0,0.0,78814,0,0,0,35,SALT LAKE
1919,351014,29.0,71.47798005811292,2.4647579330383764,2058.0,1476.0,4.0,578.0,2061.9979230130157,1153.0,323.0,4.0,0.0,9.0,75.0,0.0,494.0,0.0,0.0,0.0,3.997923013015785,78814,0,0,0,35,SALT LAKE
1920,351015,277.0,756.2163107597453,2.7300227825261563,531.0,215.0,32.0,284.0,795.9921113178988,111.0,104.0,2.0,30.0,20.0,56.0,27.0,181.0,0.0,0.0,225.0128811877409,39.97923013015785,63501,0,0,0,35,SALT LAKE
1921,351016,195.0,535.5668940586141,2.7464968926082776,873.0,89.0,23.0,761.0,901.9868033729896,89.0,0.0,3.0,20.0,22.0,143.0,112.0,484.0,1.0013422818791946,0.0,0.0,27.98546109111049,74012,0,0,0,35,SALT LAKE
1922,351017,439.0,1403.6617823006231,3.1974072489763623,266.0,38.0,38.0,190.0,328.9672874549986,32.0,6.0,0.0,38.0,14.0,18.0,26.0,132.0,0.0,0.0,0.0,62.96728745499861,71273,0,0,0,35,SALT LAKE
1923,351018,337.0,1104.2829962601213,3.276804143205108,205.0,1.0,0.0,204.0,252.9750761561894,1.0,0.0,0.0,0.0,25.0,36.0,26.0,117.0,0.0,0.0,0.0,47.97507615618942,104764,0,0,0,35,SALT LAKE
1924,351019,237.0,748.9649214784874,3.1601895421033226,73.0,29.0,1.0,43.0,113.98274635869721,0.0,29.0,0.0,1.0,9.0,1.0,0.0,33.0,0.0,0.0,7.000400748063051,33.98234561063417,113914,0,0,0,35,SALT LAKE
1925,351020,12.0,33.149208142892945,2.7624340119077453,397.0,109.0,93.0,195.0,398.9989615065079,109.0,0.0,69.0,24.0,6.0,79.0,0.0,110.0,0.0,0.0,0.0,1.9989615065078925,105353,0,0,0,35,SALT LAKE
1926,351021,119.0,382.2518063977343,3.2122000537624733,0.0,0.0,0.0,0.0,16.991172805317085,0.0,0.0,0.0,0.0,0.0,0.0,0.0,0.0,0.0,0.0,0.0,16.991172805317085,132708,0,0,0,35,SALT LAKE
1927,351022,779.0,2355.66560365433,3.0239609803008087,0.0,0.0,0.0,0.0,110.94236361118804,0.0,0.0,0.0,0.0,0.0,0.0,0.0,0.0,0.0,0.0,0.0,110.94236361118804,155902,0,0,0,35,SALT LAKE
1928,351023,3.0,9.32321479018864,3.107738263396213,1123.0,844.0,219.0,60.0,1226.005896721499,601.0,243.0,219.0,0.0,49.0,0.0,2.0,9.0,0.0,0.0,103.00589672149917,0.0,78814,0,0,0,35,SALT LAKE
1929,351024,700.0,1898.8280789350863,2.712611541335838,1653.0,516.0,21.0,1116.0,1752.9480753253947,456.0,60.0,11.0,10.0,133.0,395.0,145.0,443.0,0.0,0.0,0.0,99.94807532539464,63501,459,0,0,35,SALT LAKE
1930,351025,346.0,950.9679085992414,2.7484621635816224,331.0,35.0,16.0,280.0,380.9758991913226,22.0,13.0,0.0,16.0,35.0,49.0,26.0,170.0,1.0013422818791946,0.0,0.0,48.974556909443365,74012,0,0,0,35,SALT LAKE
1931,351026,417.0,1335.2915405059064,3.202137986824716,306.0,17.0,1.0,288.0,365.9688451952368,17.0,0.0,0.0,1.0,102.0,64.0,91.0,31.0,0.0,0.0,0.0,59.96884519523677,102767,483,0,0,35,SALT LAKE
1932,351027,334.0,1078.385177398486,3.228698135923611,810.0,0.0,51.0,759.0,857.9750761561894,0.0,0.0,1.0,50.0,7.0,417.0,54.0,281.0,0.0,0.0,0.0,47.97507615618942,111014,0,0,2290,35,SALT LAKE
1933,351028,389.0,1212.0179227245233,3.115727307775124,163.0,1.0,4.0,158.0,218.970922182221,1.0,0.0,0.0,4.0,26.0,69.0,46.0,17.0,0.0,0.0,0.0,55.97092218222099,106389,692,0,0,35,SALT LAKE
1934,351029,354.0,1125.0012513494294,3.177969636580309,37.0,1.0,1.0,35.0,87.97351841595126,1.0,0.0,1.0,0.0,7.0,9.0,3.0,16.0,0.0,0.0,0.0,50.97351841595126,108502,0,0,0,35,SALT LAKE
1935,351030,71.0,211.32620191094253,2.97642537902736,0.0,0.0,0.0,0.0,9.994807532539465,0.0,0.0,0.0,0.0,0.0,0.0,0.0,0.0,0.0,0.0,0.0,9.994807532539465,149525,0,0,0,35,SALT LAKE
1936,351031,86.0,265.1936651431436,3.0836472691063204,0.0,0.0,0.0,0.0,11.993769039047354,0.0,0.0,0.0,0.0,0.0,0.0,0.0,0.0,0.0,0.0,0.0,11.993769039047354,155809,0,0,0,35,SALT LAKE
1937,351032,201.0,675.4151159114438,3.360274208514645,103.0,39.0,14.0,50.0,131.98494184436444,20.0,19.0,0.0,14.0,2.0,19.0,11.0,18.0,0.0,0.0,0.0,28.98494184436444,81668,0,0,0,35,SALT LAKE
1938,351033,802.0,2767.958879931561,3.451320299166535,548.0,7.0,63.0,478.0,662.9402866242038,7.0,0.0,2.0,61.0,21.0,244.0,35.0,178.0,0.0,0.0,0.0,114.94028662420382,110410,387,1202,0,35,SALT LAKE
1939,351034,609.0,2070.789596176344,3.4003113237706795,31.0,0.0,0.0,31.0,117.95482553309333,0.0,0.0,0.0,0.0,3.0,3.0,2.0,23.0,0.0,0.0,0.0,86.95482553309333,102567,0,0,0,35,SALT LAKE
1940,351035,172.0,555.2492363934568,3.2281932348456794,0.0,0.0,0.0,0.0,28.987247830241827,0.0,0.0,0.0,0.0,0.0,0.0,0.0,0.0,0.0,0.0,4.000228998893172,24.987018831348657,140424,0,0,0,35,SALT LAKE
1941,351036,430.0,1348.7584063139568,3.1366474565440856,279.0,11.0,43.0,225.0,339.9683259484907,11.0,0.0,1.0,42.0,16.0,97.0,14.0,98.0,0.0,0.0,0.0,60.96832594849072,108053,688,0,0,35,SALT LAKE
1942,351037,238.0,744.8212704606259,3.1295011363891843,0.0,0.0,0.0,0.0,33.98234561063417,0.0,0.0,0.0,0.0,0.0,0.0,0.0,0.0,0.0,0.0,0.0,33.98234561063417,114582,0,0,0,35,SALT LAKE
1943,351038,227.0,735.4980556704372,3.2400795403984017,0.0,0.0,0.0,0.0,31.98338410412628,0.0,0.0,0.0,0.0,0.0,0.0,0.0,0.0,0.0,0.0,0.0,31.98338410412628,155809,0,0,0,35,SALT LAKE
1944,351039,259.0,872.2385392598707,3.3677163677987285,0.0,0.0,0.0,0.0,36.980787870396014,0.0,0.0,0.0,0.0,0.0,0.0,0.0,0.0,0.0,0.0,0.0,36.980787870396014,111741,0,0,0,35,SALT LAKE
1945,351040,622.0,2174.380871622884,3.4957891826734477,128.0,0.0,0.0,128.0,226.95435953683415,0.0,0.0,0.0,0.0,11.0,62.0,11.0,44.0,0.0,0.0,10.000572497232929,88.95378703960121,91525,859,0,0,35,SALT LAKE
1946,351041,195.0,666.0919011212551,3.4158559031859235,107.0,26.0,31.0,50.0,134.9854610911105,15.0,11.0,1.0,30.0,4.0,7.0,31.0,8.0,0.0,0.0,0.0,27.98546109111049,121008,0,0,0,35,SALT LAKE
1947,351042,199.0,724.1030153713177,3.6387086199563705,78.0,0.0,0.0,78.0,108.98948793674808,0.0,0.0,0.0,0.0,1.0,27.0,50.0,0.0,3.004026845637584,0.0,0.0,27.98546109111049,115611,777,0,0,35,SALT LAKE
1948,351043,315.0,1104.2829962601213,3.5056603055876865,0.0,0.0,0.0,0.0,44.97663389642758,0.0,0.0,0.0,0.0,0.0,0.0,0.0,0.0,0.0,0.0,0.0,44.97663389642758,133486,0,0,0,35,SALT LAKE
1949,351044,258.0,731.3544046525756,2.8347069947774246,84.0,0.0,0.0,84.0,120.98078787039601,0.0,0.0,0.0,0.0,3.0,66.0,10.0,5.0,0.0,0.0,0.0,36.980787870396014,96995,806,0,0,35,SALT LAKE
1950,351045,393.0,1103.2470835056558,2.807244487291745,195.0,1.0,24.0,170.0,250.970922182221,1.0,0.0,3.0,21.0,10.0,4.0,114.0,42.0,0.0,0.0,0.0,55.97092218222099,97218,0,0,0,35,SALT LAKE
1951,351046,384.0,1086.6724794342094,2.829876248526587,0.0,0.0,0.0,0.0,54.97144142896705,0.0,0.0,0.0,0.0,0.0,0.0,0.0,0.0,0.0,0.0,0.0,54.97144142896705,78447,0,0,0,35,SALT LAKE
1952,351047,333.0,1089.7802176976056,3.272613266359176,0.0,0.0,0.0,0.0,48.97641843806861,0.0,0.0,0.0,0.0,0.0,0.0,0.0,0.0,1.0013422818791946,0.0,0.0,47.97507615618942,111429,0,0,0,35,SALT LAKE
1953,351048,0.0,0.0,0.0,0.0,0.0,0.0,0.0,0.0,0.0,0.0,0.0,0.0,0.0,0.0,0.0,0.0,0.0,0.0,0.0,0.0,111741,0,0,0,35,SALT LAKE
1954,351049,694.0,2379.491597007034,3.4286622435259857,0.0,0.0,0.0,0.0,98.94859457214068,0.0,0.0,0.0,0.0,0.0,0.0,0.0,0.0,0.0,0.0,0.0,98.94859457214068,95609,0,0,0,35,SALT LAKE
1955,351050,250.0,884.6694923134555,3.538677969253822,0.0,0.0,0.0,0.0,35.981307117142066,0.0,0.0,0.0,0.0,0.0,0.0,0.0,0.0,0.0,0.0,0.0,35.981307117142066,121008,0,1160,0,35,SALT LAKE
1956,351051,421.0,1450.2778562515664,3.4448405136616778,598.0,403.0,0.0,195.0,657.9688451952368,329.0,74.0,0.0,0.0,6.0,15.0,0.0,174.0,0.0,0.0,0.0,59.96884519523677,108974,0,0,0,35,SALT LAKE
1957,351052,343.0,1165.40184877358,3.3976730284944026,0.0,0.0,0.0,0.0,51.97858375508095,0.0,0.0,0.0,0.0,0.0,0.0,0.0,0.0,3.004026845637584,0.0,0.0,48.974556909443365,126133,0,0,0,35,SALT LAKE
1958,351053,329.0,939.572868300122,2.855844584498851,54.0,3.0,0.0,51.0,100.97559540293548,3.0,0.0,0.0,0.0,4.0,40.0,3.0,4.0,0.0,0.0,0.0,46.97559540293548,105501,0,1348,0,35,SALT LAKE
1959,351054,257.0,716.85162609006,2.7893059380936185,69.0,16.0,12.0,41.0,117.98275989923143,16.0,0.0,1.0,11.0,3.0,2.0,3.0,33.0,1.0013422818791946,0.0,11.000629746956221,36.980787870396014,97218,0,0,0,35,SALT LAKE
1960,351055,482.0,1372.584399666661,2.8476854764868484,3439.0,350.0,2430.0,659.0,3507.9641719745223,257.0,93.0,2334.0,96.0,30.0,258.0,142.0,229.0,0.0,0.0,0.0,68.96417197452229,78447,0,0,0,35,SALT LAKE
1961,351056,242.0,826.6583780633928,3.415943711005755,1363.0,65.0,17.0,1281.0,1406.370508129216,8.0,57.0,8.0,9.0,171.0,239.0,264.0,607.0,6.008053691275167,2.3806280740528254,0.0,34.98182636388812,116012,0,0,0,35,SALT LAKE
1962,351057,265.0,868.094888242009,3.2758297669509773,563.0,46.0,0.0,517.0,608.1786363519516,21.0,25.0,0.0,0.0,165.0,3.0,121.0,228.0,6.008053691275167,1.1903140370264127,0.0,37.98026862364996,116012,0,0,0,35,SALT LAKE
1963,351058,335.0,881.5617540500592,2.6315276240300274,988.0,83.0,201.0,704.0,1035.9750761561895,83.0,0.0,83.0,118.0,604.0,25.0,14.0,61.0,0.0,0.0,0.0,47.97507615618942,78814,0,0,0,35,SALT LAKE
1964,351059,0.0,0.0,0.0,1055.0,0.0,7.0,1048.0,1055.0,0.0,0.0,5.0,2.0,92.0,903.0,0.0,53.0,0.0,0.0,0.0,0.0,111741,0,0,0,35,SALT LAKE
1965,351060,0.0,0.0,0.0,180.0,0.0,74.0,106.0,181.0013422818792,0.0,0.0,52.0,22.0,7.0,47.0,0.0,52.0,1.0013422818791946,0.0,0.0,0.0,111741,0,0,0,35,SALT LAKE
1966,351061,184.0,429.9037931031429,2.336433658169255,1.0,0.0,1.0,0.0,28.98918414836099,0.0,0.0,0.0,1.0,0.0,0.0,0.0,0.0,2.002684563758389,0.0,0.0,25.9864995846026,111741,0,0,0,35,SALT LAKE
1967,351062,820.0,2749.3124503511835,3.3528200614038823,403.0,4.0,75.0,324.0,622.9489999486786,4.0,0.0,1.0,74.0,7.0,234.0,5.0,78.0,3.004026845637584,0.0,100.00572497232929,116.93924813071172,111741,866,1286,148,35,SALT LAKE
1968,351063,655.0,2210.637818029173,3.375019569510188,0.0,0.0,0.0,0.0,93.95119080587097,0.0,0.0,0.0,0.0,0.0,0.0,0.0,0.0,0.0,0.0,0.0,93.95119080587097,97253,0,0,0,35,SALT LAKE
1969,351064,147.0,494.130383879998,3.361431182857129,0.0,0.0,0.0,0.0,20.98909581833287,0.0,0.0,0.0,0.0,0.0,0.0,0.0,0.0,0.0,0.0,0.0,20.98909581833287,97253,0,0,0,35,SALT LAKE
1970,351065,108.0,357.3899002905646,3.3091657434311537,207.0,1.0,6.0,200.0,248.9937570413381,1.0,0.0,0.0,6.0,7.0,4.0,97.0,92.0,0.0,0.0,27.001545742528908,14.992211298809194,97253,0,0,0,35,SALT LAKE
1971,351066,193.0,566.6442766925762,2.9359807082516904,621.0,59.0,127.0,435.0,648.9854610911104,32.0,27.0,0.0,127.0,32.0,190.0,9.0,204.0,0.0,0.0,0.0,27.98546109111049,97218,0,0,2477,35,SALT LAKE
1972,351067,540.0,1476.1756751132016,2.73365865761704,1697.0,13.0,1203.0,481.0,1782.9720985374665,6.0,7.0,1198.0,5.0,133.0,59.0,119.0,170.0,9.012080536912752,0.0,0.0,76.96001800055386,78814,0,0,0,35,SALT LAKE
1973,351068,0.0,0.0,0.0,1530.0,237.0,64.0,1229.0,1530.0,110.0,127.0,64.0,0.0,253.0,543.0,30.0,403.0,0.0,0.0,0.0,0.0,78814,0,0,0,35,SALT LAKE
1974,351069,105.0,337.7075579557219,3.216262456721161,4.0,0.0,3.0,1.0,86.02303270554376,0.0,0.0,3.0,0.0,0.0,1.0,0.0,0.0,21.02818791946309,0.0,46.002633487271474,14.992211298809194,111741,0,0,0,35,SALT LAKE
1975,351070,728.0,2375.347945989173,3.2628405851499624,8.0,7.0,0.0,1.0,351.9597382720007,7.0,0.0,0.0,0.0,0.0,0.0,0.0,1.0,0.0,0.0,240.0137399335903,103.9459983384104,111741,0,0,0,35,SALT LAKE
1976,351071,512.0,1687.501877024144,3.2959021035627813,0.0,0.0,0.0,0.0,72.96209498753808,0.0,0.0,0.0,0.0,0.0,0.0,0.0,0.0,0.0,0.0,0.0,72.96209498753808,111741,0,0,0,35,SALT LAKE
1977,351072,569.0,1804.5600182787348,3.171458731597073,67.0,3.0,0.0,64.0,147.95794101356967,0.0,3.0,0.0,0.0,2.0,1.0,0.0,61.0,0.0,0.0,0.0,80.95794101356965,98787,0,0,0,35,SALT LAKE
1978,351073,739.0,2582.5304968822534,3.494628547878557,300.0,29.0,89.0,182.0,405.9449598449183,29.0,0.0,4.0,85.0,12.0,136.0,3.0,31.0,0.0,0.0,0.0,105.9449598449183,97253,957,0,0,35,SALT LAKE
1979,351074,247.0,876.3821902777322,3.548106033513086,15.0,10.0,0.0,5.0,49.98182636388812,10.0,0.0,0.0,0.0,3.0,0.0,0.0,2.0,0.0,0.0,0.0,34.98182636388812,97253,0,0,0,35,SALT LAKE
1980,351075,711.0,2357.737429163261,3.316086398260564,313.0,101.0,1.0,211.0,414.94703683190255,24.0,77.0,0.0,1.0,24.0,6.0,27.0,154.0,0.0,0.0,0.0,101.94703683190252,97253,0,0,0,35,SALT LAKE
1981,351076,315.0,994.4762442867884,3.157067442180281,762.0,346.0,10.0,406.0,807.9779761783067,336.0,10.0,0.0,10.0,20.0,15.0,144.0,227.0,1.0013422818791946,0.0,0.0,44.97663389642758,94859,0,0,0,35,SALT LAKE
1982,351077,548.0,1836.6733136671623,3.3515936380787634,34.0,3.0,1.0,30.0,114.95967050297769,3.0,0.0,0.0,1.0,3.0,0.0,13.0,14.0,0.0,0.0,3.000171749169879,77.95949875380781,94859,0,0,0,35,SALT LAKE
1983,351078,573.0,1793.1649779796153,3.1294327713431334,253.0,17.0,0.0,236.0,334.9574217668236,17.0,0.0,0.0,0.0,8.0,73.0,133.0,22.0,0.0,0.0,0.0,81.95742176682359,94026,900,0,0,35,SALT LAKE
1984,351079,216.0,684.7383307016324,3.170084864359409,284.0,124.0,1.0,159.0,314.9839033508723,106.0,18.0,0.0,1.0,3.0,12.0,31.0,113.0,0.0,0.0,0.0,30.983903350872332,124040,0,0,0,35,SALT LAKE
1985,351080,615.0,1814.9191458233888,2.9510880419892502,1697.0,652.0,52.0,993.0,1786.9569908501055,338.0,314.0,4.0,48.0,7.0,408.0,247.0,331.0,2.002684563758389,0.0,0.0,87.95430628634728,79751,0,0,0,35,SALT LAKE
1986,351081,286.0,949.931995844776,3.321440544911804,446.0,2.0,254.0,190.0,486.9787108834118,1.0,1.0,2.0,252.0,10.0,105.0,54.0,21.0,0.0,0.0,0.0,40.97871088341179,79751,1045,0,0,35,SALT LAKE
1987,351082,294.0,1013.1226738671656,3.4459954893441007,6062.0,794.0,180.0,5088.0,6110.175217083089,438.0,356.0,43.0,137.0,2675.0,670.0,206.0,1537.0,5.006711409395973,1.1903140370264127,0.0,41.97819163666574,125200,0,0,0,35,SALT LAKE
1988,351083,1092.0,2969.961867052315,2.719745299498457,1168.0,18.0,7.0,1143.0,1570.933138189269,4.0,14.0,2.0,5.0,125.0,5.0,5.0,1008.0,0.0,0.0,247.01414068165334,155.9189975076156,78814,0,0,0,35,SALT LAKE
1989,351084,24.0,60.08293975899346,2.5034558232913944,1527.0,1030.0,126.0,371.0,3097.089437608318,929.0,101.0,83.0,43.0,67.0,135.0,19.0,150.0,1.0013422818791946,0.0,1566.0896530666766,2.9984422597618385,78814,6,3,518,35,SALT LAKE
1990,351085,272.0,621.5476526792427,2.285101664261921,18.0,3.0,11.0,4.0,5533.293248861656,3.0,0.0,0.0,11.0,0.0,3.0,0.0,1.0,0.0,0.0,5476.313499484752,38.979749376903904,111741,0,0,0,35,SALT LAKE
1991,351086,0.0,0.0,0.0,0.0,0.0,0.0,0.0,2.002684563758389,0.0,0.0,0.0,0.0,0.0,0.0,0.0,0.0,2.002684563758389,0.0,0.0,0.0,111741,0,0,0,35,SALT LAKE
1992,351087,0.0,0.0,0.0,0.0,0.0,0.0,0.0,23.03087248322148,0.0,0.0,0.0,0.0,0.0,0.0,0.0,0.0,23.03087248322148,0.0,0.0,0.0,111741,0,0,0,35,SALT LAKE
1993,351088,2.0,7.251389281257832,3.625694640628916,0.0,0.0,0.0,0.0,34.016081844306875,0.0,0.0,0.0,0.0,0.0,0.0,0.0,0.0,11.01476510067114,0.0,23.001316743635737,0.0,111741,0,0,0,35,SALT LAKE
1994,351089,0.0,0.0,0.0,9.0,9.0,0.0,0.0,259.02459268807047,9.0,0.0,0.0,0.0,0.0,0.0,0.0,0.0,8.010738255033557,0.0,242.0138544330369,0.0,111741,0,0,0,35,SALT LAKE
1995,351090,110.0,241.3676717904393,2.194251561731266,0.0,0.0,0.0,0.0,24.002430307096695,0.0,0.0,0.0,0.0,0.0,0.0,0.0,0.0,8.010738255033557,0.0,0.0,15.99169205206314,111741,0,0,0,35,SALT LAKE
1996,351091,897.0,3054.906712918478,3.40569310247322,2689.0,81.0,14.0,2594.0,2862.9361699037763,2.0,79.0,9.0,5.0,300.0,862.0,151.0,1281.0,0.0,0.0,46.002633487271474,127.93353641650512,103606,0,0,0,35,SALT LAKE
1997,351092,561.0,1898.8280789350863,3.38472028330675,93.0,1.0,16.0,76.0,172.9584602603157,1.0,0.0,2.0,14.0,14.0,1.0,0.0,61.0,0.0,0.0,0.0,79.9584602603157,97253,0,0,0,35,SALT LAKE
1998,351093,414.0,1361.1893593675416,3.2878970033032404,0.0,0.0,0.0,0.0,60.97204900574121,0.0,0.0,0.0,0.0,0.0,0.0,0.0,0.0,2.002684563758389,0.0,0.0,58.969364441982826,97253,0,0,0,35,SALT LAKE
1999,351094,1130.0,3431.978955543885,3.0371495181804296,559.0,296.0,10.0,253.0,719.9164012738854,11.0,285.0,2.0,8.0,83.0,9.0,0.0,161.0,0.0,0.0,0.0,160.91640127388536,94859,0,0,0,35,SALT LAKE
2000,351095,407.0,1338.3992787693026,3.2884503163864927,41.0,2.0,15.0,24.0,99.97122597060809,1.0,1.0,0.0,15.0,3.0,0.0,3.0,18.0,1.0013422818791946,0.0,0.0,57.969883688728885,94859,0,0,0,35,SALT LAKE
2001,351096,108.0,266.229577897609,2.46508868423712,105.0,10.0,31.0,64.0,350.00666376732244,10.0,0.0,0.0,31.0,4.0,24.0,1.0,35.0,1.0013422818791946,0.0,229.01311018663407,14.992211298809194,124040,0,0,0,35,SALT LAKE
2002,351097,243.0,798.6887336928269,3.28678491231616,0.0,0.0,0.0,0.0,36.984510927646504,0.0,0.0,0.0,0.0,0.0,0.0,0.0,0.0,2.002684563758389,0.0,0.0,34.98182636388812,126394,0,0,0,35,SALT LAKE
2003,351098,145.0,450.62204819245096,3.1077382633962136,25.0,2.0,2.0,21.0,68.99298262628041,2.0,0.0,1.0,1.0,2.0,0.0,0.0,19.0,2.002684563758389,0.0,21.00120224418915,20.98909581833287,78814,0,0,0,35,SALT LAKE
2004,351099,0.0,0.0,0.0,0.0,0.0,0.0,0.0,9.012080536912752,0.0,0.0,0.0,0.0,0.0,0.0,0.0,0.0,9.012080536912752,0.0,0.0,0.0,111741,0,0,0,35,SALT LAKE
2005,351100,0.0,0.0,0.0,0.0,0.0,0.0,0.0,8.010738255033557,0.0,0.0,0.0,0.0,0.0,0.0,0.0,0.0,8.010738255033557,0.0,0.0,0.0,111741,0,0,0,35,SALT LAKE
2006,351101,683.0,2305.9417914399905,3.376195887906282,0.0,0.0,0.0,0.0,119.95037331279916,0.0,0.0,0.0,0.0,0.0,0.0,0.0,0.0,0.0,0.0,22.001259493912443,97.94911381888672,111741,0,0,0,35,SALT LAKE
2007,351102,470.0,1602.5570311579809,3.4096958109744278,0.0,0.0,0.0,0.0,67.9665527498936,0.0,0.0,0.0,0.0,0.0,0.0,0.0,0.0,1.0013422818791946,0.0,0.0,66.9652104680144,111741,0,0,0,35,SALT LAKE
2008,351103,0.0,0.0,0.0,496.0,391.0,17.0,88.0,499.0040268456376,251.0,140.0,17.0,0.0,2.0,45.0,20.0,21.0,3.004026845637584,0.0,0.0,0.0,111741,0,0,0,35,SALT LAKE
2009,351104,10.0,26.93373161610052,2.693373161610052,202.0,32.0,68.0,102.0,209.0075344445291,32.0,0.0,0.0,68.0,0.0,7.0,12.0,83.0,6.008053691275167,0.0,0.0,0.9994807532539464,111741,0,0,0,35,SALT LAKE
2010,351105,586.0,1937.1568508503065,3.3057284144203183,0.0,0.0,0.0,0.0,83.95638327333148,0.0,0.0,0.0,0.0,0.0,0.0,0.0,0.0,0.0,0.0,0.0,83.95638327333148,97253,0,0,0,35,SALT LAKE
2011,351106,479.0,1624.3111990017544,3.391046344471304,534.0,1.0,143.0,390.0,601.9646912212684,1.0,0.0,5.0,138.0,27.0,219.0,1.0,143.0,0.0,0.0,0.0,67.96469122126834,97253,848,0,0,35,SALT LAKE
2012,351107,454.0,1623.275286247289,3.575496225214293,16.0,0.0,0.0,16.0,80.96624896150651,0.0,0.0,0.0,0.0,4.0,0.0,1.0,11.0,0.0,0.0,0.0,64.96624896150651,97253,0,0,0,35,SALT LAKE
2013,351108,124.0,419.5446655584888,3.383424722245877,467.0,347.0,1.0,119.0,485.9919958404502,140.0,207.0,0.0,1.0,0.0,32.0,4.0,83.0,1.0013422818791946,0.0,0.0,17.990653558571033,97253,371,132,0,35,SALT LAKE
2014,351109,506.0,1454.421507269428,2.8743508048802924,1688.0,1185.0,1.0,502.0,1789.964331725983,676.0,509.0,1.0,0.0,212.0,51.0,32.0,207.0,0.0,0.0,30.001717491698788,71.96261423428413,94859,0,0,0,35,SALT LAKE
2015,351110,246.0,812.1555995008772,3.3014455264263303,139.0,73.0,0.0,66.0,173.9818263638881,0.0,73.0,0.0,0.0,3.0,57.0,2.0,4.0,0.0,0.0,0.0,34.98182636388812,94859,0,174,264,35,SALT LAKE
2016,351111,343.0,1079.4210901529516,3.1470002628365936,4.0,4.0,0.0,0.0,122.97856439007387,4.0,0.0,0.0,0.0,0.0,0.0,0.0,0.0,0.0,0.0,70.0040074806305,48.974556909443365,94859,0,0,0,35,SALT LAKE
2017,351112,116.0,377.0722426254072,3.2506227812535107,20.0,0.0,10.0,10.0,36.991172805317085,0.0,0.0,1.0,9.0,8.0,0.0,0.0,2.0,0.0,0.0,0.0,16.991172805317085,124040,0,0,0,35,SALT LAKE
2018,351113,258.0,813.1915122553426,3.1519050862610176,499.0,10.0,3.0,486.0,535.9807878703961,10.0,0.0,0.0,3.0,270.0,61.0,53.0,102.0,0.0,0.0,0.0,36.980787870396014,95326,0,0,0,35,SALT LAKE
2019,351114,42.0,136.7404835894334,3.2557257997484146,294.0,19.0,20.0,255.0,299.9968845195237,19.0,0.0,0.0,20.0,29.0,49.0,24.0,153.0,0.0,0.0,0.0,5.996884519523677,79953,625,0,0,35,SALT LAKE
2020,351115,255.0,816.2992505187387,3.201173531446034,0.0,0.0,0.0,0.0,36.98264939902126,0.0,0.0,0.0,0.0,0.0,0.0,0.0,0.0,1.0013422818791946,0.0,0.0,35.981307117142066,126394,0,0,0,35,SALT LAKE
2021,351116,271.0,925.0700897376064,3.413542766559433,135.0,23.0,19.0,93.0,173.9797493769039,23.0,0.0,0.0,19.0,2.0,75.0,0.0,16.0,0.0,0.0,0.0,38.979749376903904,100303,720,289,0,35,SALT LAKE
2022,351117,0.0,0.0,0.0,0.0,0.0,0.0,0.0,23.03087248322148,0.0,0.0,0.0,0.0,0.0,0.0,0.0,0.0,23.03087248322148,0.0,0.0,0.0,102017,0,0,0,35,SALT LAKE
2023,351118,0.0,0.0,0.0,0.0,0.0,0.0,0.0,26.03489932885906,0.0,0.0,0.0,0.0,0.0,0.0,0.0,0.0,26.03489932885906,0.0,0.0,0.0,70283,0,0,0,35,SALT LAKE
2024,351119,69.0,213.39802741987333,3.092725035070628,1036.0,5.0,123.0,908.0,1050.0001766600562,4.0,1.0,0.0,123.0,1.0,870.0,0.0,37.0,4.005369127516778,0.0,0.0,9.994807532539465,70283,1677,60,2194,35,SALT LAKE
2025,351120,811.0,2793.856698793196,3.4449527728646063,418.0,4.0,157.0,257.0,533.9397673774578,4.0,0.0,0.0,157.0,3.0,207.0,18.0,29.0,0.0,0.0,0.0,115.93976737745776,70283,0,1029,0,35,SALT LAKE
2026,351121,431.0,1424.3800373899312,3.304826072830467,51.0,25.0,7.0,19.0,112.96780670174468,25.0,0.0,2.0,5.0,0.0,11.0,0.0,8.0,0.0,0.0,0.0,61.96780670174467,70283,0,0,0,35,SALT LAKE
2027,351122,13.0,20.71825508930809,1.593711929946776,0.0,0.0,0.0,0.0,251.02863707347865,0.0,0.0,0.0,0.0,0.0,0.0,0.0,0.0,12.016107382550334,0.0,237.01356818442042,1.9989615065078925,70283,0,0,0,35,SALT LAKE
2028,351123,767.0,2786.6053095119382,3.6331229589464646,16.0,8.0,0.0,8.0,126.94422513981328,8.0,0.0,0.0,0.0,1.0,0.0,1.0,6.0,1.0013422818791946,0.0,0.0,109.9428828579341,70283,0,0,0,35,SALT LAKE
2029,351124,1411.0,5021.069120893816,3.558518157968686,1.0,1.0,0.0,0.0,220.90057424525347,1.0,0.0,0.0,0.0,0.0,0.0,0.0,0.0,3.004026845637584,0.0,16.000915995572687,200.8956314040432,70283,0,0,0,35,SALT LAKE
2030,351125,249.0,860.8434989607512,3.45720280707129,34.0,1.0,4.0,29.0,81.9974144996924,1.0,0.0,1.0,3.0,4.0,0.0,25.0,0.0,12.016107382550334,0.0,0.0,35.981307117142066,76828,0,0,0,35,SALT LAKE
2031,351126,223.0,776.9345658490535,3.484011506049567,17.0,0.0,8.0,9.0,54.991437795401445,0.0,0.0,0.0,8.0,1.0,0.0,3.0,5.0,6.008053691275167,0.0,0.0,31.98338410412628,70283,0,0,0,35,SALT LAKE
2032,351127,472.0,1640.8858030732008,3.4764529726127136,321.0,48.0,75.0,198.0,387.9652104680144,48.0,0.0,2.0,73.0,11.0,108.0,31.0,48.0,0.0,0.0,0.0,66.9652104680144,76631,1008,0,0,35,SALT LAKE
2033,351128,456.0,1543.5100041534529,3.3848903599856417,0.0,0.0,0.0,0.0,64.96624896150651,0.0,0.0,0.0,0.0,0.0,0.0,0.0,0.0,0.0,0.0,0.0,64.96624896150651,86391,0,0,0,35,SALT LAKE
2034,351129,1.0,2.071825508930809,2.071825508930809,0.0,0.0,0.0,0.0,3.004026845637584,0.0,0.0,0.0,0.0,0.0,0.0,0.0,0.0,3.004026845637584,0.0,0.0,0.0,102017,0,0,0,35,SALT LAKE
2035,351130,217.0,745.8571832150913,3.4371298765672407,0.0,0.0,0.0,0.0,36.9919570421475,0.0,0.0,0.0,0.0,0.0,0.0,0.0,0.0,6.008053691275167,0.0,0.0,30.983903350872332,102017,0,0,0,35,SALT LAKE
2036,351131,102.0,328.38434316553327,3.21945434476013,5.0,3.0,0.0,2.0,143.00567817555373,3.0,0.0,0.0,0.0,1.0,0.0,0.0,1.0,5.006711409395973,0.0,118.00675546734857,14.992211298809194,102017,0,0,0,35,SALT LAKE
2037,351132,102.0,344.9589472369797,3.3819504631076445,240.0,13.0,142.0,85.0,256.99489586256755,13.0,0.0,2.0,140.0,0.0,82.0,0.0,3.0,2.002684563758389,0.0,0.0,14.992211298809194,86391,933,0,0,35,SALT LAKE
2038,351133,164.0,589.4343572908152,3.5941119347000927,436.0,181.0,5.0,250.0,458.9880573248408,72.0,109.0,0.0,5.0,28.0,57.0,61.0,104.0,0.0,0.0,0.0,22.988057324840764,86391,0,0,0,35,SALT LAKE
2039,351134,1023.0,3593.581345240488,3.512787238749256,617.0,483.0,26.0,108.0,762.9241899750762,255.0,228.0,0.0,26.0,18.0,2.0,7.0,81.0,0.0,0.0,0.0,145.92418997507616,86391,0,0,0,35,SALT LAKE
2040,351135,476.0,1625.3471117562196,3.4145947725971,60.0,26.0,1.0,33.0,440.982610384659,15.0,11.0,0.0,1.0,0.0,1.0,0.0,32.0,0.0,0.0,313.0179191633907,67.96469122126834,86391,0,0,0,35,SALT LAKE
2041,351136,326.0,1183.012365599492,3.628872287115006,41.0,0.0,25.0,16.0,88.97693768481469,0.0,0.0,0.0,25.0,0.0,3.0,0.0,13.0,1.0013422818791946,0.0,0.0,46.97559540293548,102017,0,0,0,35,SALT LAKE
2042,351137,251.0,929.2137407554678,3.7020467759181983,58.0,2.0,0.0,56.0,93.98130711714207,2.0,0.0,0.0,0.0,1.0,0.0,19.0,36.0,0.0,0.0,0.0,35.981307117142066,86391,0,0,0,35,SALT LAKE
2043,351138,368.0,1334.2556277514411,3.625694640628916,49.0,26.0,1.0,22.0,101.97247992245914,26.0,0.0,0.0,1.0,14.0,0.0,0.0,8.0,0.0,0.0,0.0,52.97247992245915,86391,0,0,0,35,SALT LAKE
2044,351139,669.0,2356.701516408795,3.522722745005673,23.0,0.0,0.0,23.0,118.95015231237883,0.0,0.0,0.0,0.0,0.0,12.0,9.0,2.0,0.0,0.0,0.0,95.95015231237883,102017,918,0,0,35,SALT LAKE
2045,351140,294.0,1018.3022376394928,3.4636130531955533,0.0,0.0,0.0,0.0,41.97819163666574,0.0,0.0,0.0,0.0,0.0,0.0,0.0,0.0,0.0,0.0,0.0,41.97819163666574,105639,0,0,0,35,SALT LAKE
2046,351141,253.0,900.2081836304366,3.558135113163781,0.0,0.0,0.0,0.0,35.981307117142066,0.0,0.0,0.0,0.0,0.0,0.0,0.0,0.0,0.0,0.0,0.0,35.981307117142066,106184,0,0,0,35,SALT LAKE
2047,351142,0.0,0.0,0.0,296.0,7.0,167.0,122.0,308.01610738255033,7.0,0.0,0.0,167.0,1.0,15.0,0.0,106.0,12.016107382550334,0.0,0.0,0.0,105293,600,0,1499,35,SALT LAKE
2048,351143,792.0,2901.591625257598,3.663625789466664,0.0,0.0,0.0,0.0,129.9422983629919,0.0,0.0,0.0,0.0,0.0,0.0,0.0,0.0,0.0,0.0,17.00097324529598,112.94132511769592,105293,0,0,0,35,SALT LAKE
2049,351144,13.0,41.43651017861618,3.1874238598935523,0.0,0.0,0.0,0.0,1.9989615065078925,0.0,0.0,0.0,0.0,0.0,0.0,0.0,0.0,0.0,0.0,0.0,1.9989615065078925,110636,0,1519,0,35,SALT LAKE
2050,351145,329.0,1189.2278421262845,3.6146742921771566,0.0,0.0,0.0,0.0,46.97559540293548,0.0,0.0,0.0,0.0,0.0,0.0,0.0,0.0,0.0,0.0,0.0,46.97559540293548,105293,0,0,0,35,SALT LAKE
2051,351146,338.0,1225.4847885325737,3.625694640628915,0.0,0.0,0.0,0.0,47.97507615618942,0.0,0.0,0.0,0.0,0.0,0.0,0.0,0.0,0.0,0.0,0.0,47.97507615618942,105818,0,0,0,35,SALT LAKE
2052,351147,605.0,2219.961032819362,3.669357079040268,122.0,0.0,0.0,122.0,207.95534477983938,0.0,0.0,0.0,0.0,4.0,84.0,4.0,30.0,0.0,0.0,0.0,85.95534477983938,105928,1039,0,0,35,SALT LAKE
2053,351148,1697.0,6109.813425836956,3.6003614766275525,0.0,0.0,0.0,0.0,249.88508054248854,0.0,0.0,0.0,0.0,0.0,0.0,0.0,0.0,8.010738255033557,0.0,0.0,241.874342287455,105293,0,0,0,35,SALT LAKE
2054,351149,474.0,1732.0461254661564,3.6541057499286,0.0,0.0,0.0,0.0,67.96469122126834,0.0,0.0,0.0,0.0,0.0,0.0,0.0,0.0,0.0,0.0,0.0,67.96469122126834,105293,0,0,0,35,SALT LAKE
2055,351150,718.0,2605.3205774804924,3.628580191477009,28.0,9.0,0.0,19.0,130.94651758515647,5.0,4.0,0.0,0.0,0.0,1.0,0.0,18.0,0.0,0.0,0.0,102.94651758515649,105293,0,0,0,35,SALT LAKE
2056,351151,574.0,2050.071341087036,3.571552859036648,4.0,4.0,0.0,0.0,216.96492148057496,4.0,0.0,0.0,0.0,0.0,0.0,0.0,0.0,0.0,0.0,131.00749971375137,81.95742176682359,105293,0,0,0,35,SALT LAKE
2057,351152,456.0,1669.8913601982322,3.662042456575071,67.0,0.0,0.0,67.0,131.9662489615065,0.0,0.0,0.0,0.0,1.0,56.0,7.0,3.0,0.0,0.0,0.0,64.96624896150651,105293,971,677,440,35,SALT LAKE
2058,351153,807.0,2819.754517654831,3.4941196005636077,0.0,0.0,0.0,0.0,120.94448521901128,0.0,0.0,0.0,0.0,0.0,0.0,0.0,0.0,3.004026845637584,0.0,3.000171749169879,114.94028662420382,105293,0,0,308,35,SALT LAKE
2059,351154,0.0,0.0,0.0,8.0,5.0,0.0,3.0,138.0074424640281,5.0,0.0,0.0,0.0,0.0,0.0,3.0,0.0,0.0,0.0,130.0074424640281,0.0,105293,0,0,0,35,SALT LAKE
2060,351155,0.0,0.0,0.0,0.0,0.0,0.0,0.0,0.0,0.0,0.0,0.0,0.0,0.0,0.0,0.0,0.0,0.0,0.0,0.0,0.0,105293,0,0,0,35,SALT LAKE
2061,351156,125.0,282.80418196905543,2.2624334557524435,55.0,23.0,10.0,22.0,567.0189349218776,23.0,0.0,0.0,10.0,13.0,0.0,0.0,9.0,0.0,0.0,494.0282813633067,17.990653558571033,105293,0,0,0,35,SALT LAKE
2062,351157,564.0,2043.8558645602432,3.623857915886956,200.0,0.0,1.0,199.0,280.95794101356967,0.0,0.0,0.0,1.0,8.0,95.0,4.0,92.0,0.0,0.0,0.0,80.95794101356965,72003,912,0,0,35,SALT LAKE
2063,351158,150.0,558.356974656853,3.722379831045687,578.0,99.0,13.0,466.0,610.0038609190041,6.0,93.0,0.0,13.0,78.0,14.0,207.0,167.0,11.01476510067114,0.0,0.0,20.98909581833287,114476,0,0,0,35,SALT LAKE
2064,351159,363.0,1265.8853859567243,3.4872875646190757,645.0,465.0,3.0,177.0,697.9743414510843,253.0,212.0,1.0,2.0,4.0,13.0,23.0,137.0,1.0013422818791946,0.0,0.0,51.9729991692052,114476,0,0,0,35,SALT LAKE
2065,351160,231.0,850.4843714160971,3.68175052561081,81.0,0.0,6.0,75.0,113.98286485738024,0.0,0.0,0.0,6.0,12.0,32.0,10.0,21.0,0.0,0.0,0.0,32.98286485738023,114476,0,0,0,35,SALT LAKE
2066,351161,644.0,2345.306476109676,3.6417802424063286,1383.0,474.0,35.0,874.0,1474.9522292993631,424.0,50.0,20.0,15.0,21.0,495.0,18.0,340.0,0.0,0.0,0.0,91.95222929936304,114057,0,0,2230,35,SALT LAKE
2067,351162,434.0,1347.722493559491,3.105351367648597,258.0,41.0,30.0,187.0,319.9678067017447,24.0,17.0,1.0,29.0,8.0,22.0,38.0,119.0,0.0,0.0,0.0,61.96780670174467,79738,0,0,0,35,SALT LAKE
2068,351163,158.0,537.638719567545,3.4027767061237024,0.0,0.0,0.0,0.0,22.988057324840764,0.0,0.0,0.0,0.0,0.0,0.0,0.0,0.0,0.0,0.0,0.0,22.988057324840764,79738,0,0,0,35,SALT LAKE
2069,351164,812.0,2671.6189937662784,3.290171174589013,895.0,369.0,26.0,500.0,1034.9411413708167,238.0,131.0,6.0,20.0,25.0,151.0,46.0,278.0,0.0,0.0,24.00137399335903,115.93976737745776,84793,641,0,0,35,SALT LAKE
2070,351165,823.0,2660.223953467159,3.232349882706147,117.0,23.0,6.0,88.0,235.9400711658448,19.0,4.0,1.0,5.0,25.0,3.0,4.0,56.0,1.0013422818791946,0.0,0.0,117.93872888396564,88677,0,0,0,35,SALT LAKE
2071,351166,650.0,2070.789596176344,3.185830147963606,65.0,37.0,0.0,28.0,158.9530523344962,26.0,11.0,0.0,0.0,2.0,0.0,0.0,26.0,1.0013422818791946,0.0,0.0,92.951710052617,123834,0,0,0,35,SALT LAKE
2072,351167,618.0,2130.872535935337,3.448013812193102,0.0,0.0,0.0,0.0,87.95430628634728,0.0,0.0,0.0,0.0,0.0,0.0,0.0,0.0,0.0,0.0,0.0,87.95430628634728,86391,0,0,0,35,SALT LAKE
2073,351168,265.0,983.0812039876688,3.7097403924062977,70.0,17.0,26.0,27.0,107.98026862364996,17.0,0.0,0.0,26.0,2.0,0.0,4.0,21.0,0.0,0.0,0.0,37.98026862364996,86391,0,0,0,35,SALT LAKE
2074,351169,67.0,218.57759119220037,3.262352107346274,89.0,5.0,1.0,83.0,598.0375104981775,4.0,1.0,0.0,1.0,10.0,4.0,32.0,37.0,11.01476510067114,0.0,488.02793786496693,9.994807532539465,127846,0,0,0,35,SALT LAKE
2075,351170,107.0,371.8926788530802,3.4756325126456096,1752.0,43.0,7.0,1702.0,1766.9922112988093,28.0,15.0,0.0,7.0,91.0,407.0,1061.0,143.0,0.0,0.0,0.0,14.992211298809194,127846,859,0,0,35,SALT LAKE
2076,351171,100.0,361.5335513084262,3.6153355130842617,641.0,13.0,90.0,538.0,656.9954151093136,13.0,0.0,4.0,86.0,312.0,110.0,72.0,44.0,2.002684563758389,0.0,0.0,13.992730545555249,127846,0,0,0,35,SALT LAKE
2077,351172,319.0,1239.9875670950892,3.887108360799653,155.0,24.0,5.0,126.0,200.97611464968153,24.0,0.0,1.0,4.0,12.0,4.0,64.0,46.0,0.0,0.0,0.0,45.97611464968153,104529,0,0,0,35,SALT LAKE
2078,351173,262.0,887.7772305768517,3.388462712125388,222.0,10.0,14.0,198.0,258.980787870396,10.0,0.0,1.0,13.0,5.0,144.0,4.0,45.0,0.0,0.0,0.0,36.980787870396014,88476,802,1304,0,35,SALT LAKE
2079,351174,647.0,2058.3586431227586,3.181388938365933,663.0,146.0,62.0,455.0,754.952229299363,50.0,96.0,2.0,60.0,17.0,225.0,52.0,161.0,0.0,0.0,0.0,91.95222929936304,68984,0,0,0,35,SALT LAKE
2080,351175,254.0,797.6528209383615,3.1403654367652027,235.0,77.0,5.0,153.0,329.98596988297226,77.0,0.0,1.0,4.0,2.0,8.0,10.0,133.0,1.0013422818791946,0.0,58.003320483950986,35.981307117142066,113721,0,0,0,35,SALT LAKE
2081,351176,106.0,303.52243705836355,2.863419217531732,158.0,0.0,0.0,158.0,197.99492757404744,0.0,0.0,0.0,0.0,48.0,3.0,80.0,27.0,1.0013422818791946,0.0,24.00137399335903,14.992211298809194,113721,0,0,0,35,SALT LAKE
2082,351177,13.0,22.7900805982389,1.753083122941454,539.0,511.0,24.0,4.0,825.0242156530144,366.0,145.0,0.0,24.0,0.0,0.0,0.0,4.0,7.009395973154362,0.0,277.0158581733521,1.9989615065078925,86391,0,0,0,35,SALT LAKE
2083,351178,0.0,0.0,0.0,34.0,6.0,4.0,24.0,294.03287537823877,4.0,2.0,0.0,4.0,0.0,1.0,10.0,13.0,14.018791946308724,0.0,246.01408343193006,0.0,127846,0,0,0,35,SALT LAKE
2084,351179,0.0,0.0,0.0,745.0,404.0,64.0,277.0,747.0026845637584,232.0,172.0,1.0,63.0,0.0,42.0,26.0,209.0,2.002684563758389,0.0,0.0,0.0,127846,0,0,0,35,SALT LAKE
2085,351180,111.0,448.5502226835202,4.04099299714883,0.0,0.0,0.0,0.0,18.995718897700723,0.0,0.0,0.0,0.0,0.0,0.0,0.0,0.0,3.004026845637584,0.0,0.0,15.99169205206314,127846,0,0,0,35,SALT LAKE
2086,351181,343.0,1277.2804262558438,3.7238496392298654,0.0,0.0,0.0,0.0,48.974556909443365,0.0,0.0,0.0,0.0,0.0,0.0,0.0,0.0,0.0,0.0,0.0,48.974556909443365,104529,0,0,0,35,SALT LAKE
2087,351182,349.0,1154.0068084744607,3.3066097664024663,18.0,0.0,1.0,17.0,67.97403766269731,0.0,0.0,0.0,1.0,2.0,0.0,13.0,2.0,0.0,0.0,0.0,49.97403766269731,94115,0,0,0,35,SALT LAKE
2088,351183,318.0,975.8298147064112,3.0686472160578964,28.0,0.0,0.0,28.0,72.97663389642759,0.0,0.0,0.0,0.0,0.0,21.0,0.0,7.0,0.0,0.0,0.0,44.97663389642758,92183,658,0,0,35,SALT LAKE
2089,351184,128.0,411.2573635227656,3.2129481525216064,56.0,5.0,0.0,51.0,73.99065355857104,5.0,0.0,0.0,0.0,0.0,4.0,32.0,15.0,0.0,0.0,0.0,17.990653558571033,86391,0,0,0,35,SALT LAKE
2090,351185,499.0,1812.8473203144576,3.6329605617524208,0.0,0.0,0.0,0.0,72.1534475180566,0.0,0.0,0.0,0.0,0.0,0.0,0.0,0.0,0.0,1.1903140370264127,0.0,70.96313348103018,110636,1025,0,0,35,SALT LAKE
2091,351186,523.0,1843.92470294842,3.5256686480849333,155.0,94.0,15.0,46.0,229.96105649404598,2.0,92.0,0.0,15.0,2.0,6.0,2.0,36.0,0.0,0.0,0.0,74.96105649404596,90562,0,0,0,35,SALT LAKE
2092,351187,1.0,2.071825508930809,2.071825508930809,77.0,39.0,0.0,38.0,94.0228187919463,38.0,1.0,0.0,0.0,1.0,28.0,0.0,9.0,17.022818791946307,0.0,0.0,0.0,105293,0,0,0,35,SALT LAKE
2093,351188,113.0,409.1855380138348,3.621110955874644,212.0,92.0,0.0,120.0,231.99706117957993,6.0,86.0,0.0,0.0,0.0,77.0,20.0,23.0,4.005369127516778,0.0,0.0,15.99169205206314,127846,0,1341,0,35,SALT LAKE
2094,351189,342.0,1282.4599900281708,3.749883011778277,902.0,541.0,2.0,359.0,1006.9777628939477,460.0,81.0,1.0,1.0,2.0,108.0,65.0,184.0,0.0,0.0,56.003205984504405,48.974556909443365,127846,0,0,0,35,SALT LAKE
2095,351190,304.0,1145.7195064387374,3.768814165916899,155.0,2.0,0.0,153.0,197.9776723899197,2.0,0.0,0.0,0.0,6.0,135.0,10.0,2.0,0.0,0.0,0.0,42.97767238991969,113796,86,52,83,35,SALT LAKE
2096,351191,30.0,88.05258412955939,2.93508613765198,0.0,0.0,0.0,0.0,11.007318986170148,0.0,0.0,0.0,0.0,0.0,0.0,0.0,0.0,7.009395973154362,0.0,0.0,3.997923013015785,78975,0,0,0,35,SALT LAKE
2097,351192,484.0,1556.976869961503,3.216894359424593,99.0,59.0,14.0,26.0,167.9641719745223,41.0,18.0,0.0,14.0,3.0,4.0,3.0,16.0,0.0,0.0,0.0,68.96417197452229,78975,0,0,0,35,SALT LAKE
2098,351193,173.0,573.8956659738341,3.3173159882880583,144.0,0.0,1.0,143.0,171.98719058051853,0.0,0.0,0.0,1.0,6.0,0.0,122.0,15.0,0.0,0.0,3.000171749169879,24.987018831348657,112204,0,0,0,35,SALT LAKE
2099,351194,104.0,313.8815646030176,3.018091967336708,30.0,0.0,0.0,30.0,54.00429183572194,0.0,0.0,0.0,0.0,0.0,1.0,17.0,12.0,9.012080536912752,0.0,0.0,14.992211298809194,113721,0,0,0,35,SALT LAKE
2100,351195,484.0,1679.2145749884207,3.469451601215745,0.0,0.0,0.0,0.0,68.96417197452229,0.0,0.0,0.0,0.0,0.0,0.0,0.0,0.0,0.0,0.0,0.0,68.96417197452229,110636,0,0,0,35,SALT LAKE
2101,351196,304.0,857.735760697355,2.8214992128202465,238.0,29.0,92.0,117.0,287.98706836307406,29.0,0.0,1.0,91.0,23.0,16.0,6.0,72.0,7.009395973154362,0.0,0.0,42.97767238991969,148008,0,0,0,35,SALT LAKE
2102,351197,216.0,601.8653103444001,2.7864134738166677,244.0,89.0,3.0,152.0,282.9946416059059,89.0,0.0,2.0,1.0,53.0,4.0,59.0,36.0,8.010738255033557,0.0,0.0,30.983903350872332,148008,0,0,0,35,SALT LAKE
2103,351198,407.0,1109.4625600324482,2.725952235951961,891.0,376.0,2.0,513.0,948.9698836887289,375.0,1.0,2.0,0.0,2.0,171.0,0.0,340.0,0.0,0.0,0.0,57.969883688728885,90059,0,0,0,35,SALT LAKE
2104,351199,23.0,63.19067802238968,2.74742078358216,4182.0,579.0,514.0,3089.0,4253.003620273102,550.0,29.0,405.0,109.0,1406.0,482.0,12.0,1189.0,1.0013422818791946,0.0,67.00383573146063,2.9984422597618385,90059,0,0,0,35,SALT LAKE
2105,351200,570.0,1542.4740913989874,2.706094897191206,1647.0,242.0,176.0,1229.0,1744.9589142588654,191.0,51.0,122.0,54.0,229.0,165.0,258.0,577.0,0.0,0.0,17.00097324529598,80.95794101356965,97701,0,0,0,35,SALT LAKE
2106,351201,285.0,817.3351632732042,2.867842678151593,0.0,0.0,0.0,0.0,40.97871088341179,0.0,0.0,0.0,0.0,0.0,0.0,0.0,0.0,0.0,0.0,0.0,40.97871088341179,114601,0,0,0,35,SALT LAKE
2107,351202,281.0,771.7550020767263,2.746459082123581,549.0,174.0,0.0,375.0,588.9792301301578,169.0,5.0,0.0,0.0,15.0,34.0,117.0,209.0,0.0,0.0,0.0,39.97923013015785,114601,0,0,0,35,SALT LAKE
2108,351203,643.0,1694.753266305402,2.6356971482199096,2018.0,812.0,1.0,1205.0,2109.952229299363,390.0,422.0,0.0,1.0,89.0,79.0,434.0,603.0,0.0,0.0,0.0,91.95222929936304,90770,0,0,0,35,SALT LAKE
2109,351204,458.0,1229.6284395504351,2.684778252293526,561.0,164.0,2.0,395.0,628.970275807144,32.0,132.0,0.0,2.0,41.0,209.0,19.0,126.0,3.004026845637584,0.0,0.0,64.96624896150651,90770,0,0,0,35,SALT LAKE
2110,351205,359.0,1209.9460972155923,3.3703233905726813,769.0,16.0,235.0,518.0,847.9751214082034,16.0,0.0,24.0,211.0,145.0,58.0,101.0,214.0,0.0,0.0,28.001602992252202,50.97351841595126,81668,0,0,0,35,SALT LAKE
2111,351206,179.0,504.489511424652,2.8183771587969386,2032.0,11.0,1556.0,465.0,2059.989184148361,0.0,11.0,1187.0,369.0,12.0,116.0,0.0,337.0,2.002684563758389,0.0,0.0,25.9864995846026,90059,1228,526,188,35,SALT LAKE
2112,351207,79.0,207.1825508930809,2.6225639353554544,553.0,74.0,52.0,427.0,584.9954905299826,25.0,49.0,49.0,3.0,70.0,59.0,33.0,265.0,0.0,0.0,21.00120224418915,10.99428828579341,90770,0,0,0,35,SALT LAKE
2113,351208,47.0,149.17143664301824,3.173860354106771,1259.0,519.0,52.0,688.0,1265.9963652727777,295.0,224.0,30.0,22.0,84.0,99.0,63.0,442.0,0.0,0.0,0.0,6.996365272777624,114181,0,0,0,35,SALT LAKE
2114,351209,16.0,43.50833568754699,2.719270980471687,391.0,255.0,0.0,136.0,392.9989615065079,185.0,70.0,0.0,0.0,1.0,29.0,53.0,53.0,0.0,0.0,0.0,1.9989615065078925,111398,0,0,0,35,SALT LAKE
2115,351210,187.0,619.475827170312,3.3127049581300105,0.0,0.0,0.0,0.0,26.98598033785655,0.0,0.0,0.0,0.0,0.0,0.0,0.0,0.0,0.0,0.0,0.0,26.98598033785655,144924,0,0,0,35,SALT LAKE
2116,351211,228.0,764.5036127954686,3.353086021032757,8.0,0.0,0.0,8.0,40.98286485738023,0.0,0.0,0.0,0.0,4.0,0.0,1.0,3.0,0.0,0.0,0.0,32.98286485738023,155809,0,0,0,35,SALT LAKE
2117,351212,365.0,769.6831765677956,2.108721031692591,3487.0,1702.0,6.0,1779.0,3915.9945823148864,1660.0,42.0,6.0,0.0,374.0,1072.0,7.0,326.0,0.0,0.0,377.0215831456814,51.9729991692052,90059,0,0,0,35,SALT LAKE
2118,351213,48.0,132.59683257157178,2.7624340119077453,1809.0,122.0,1373.0,314.0,1909.0029745292,110.0,12.0,90.0,1283.0,60.0,195.0,4.0,55.0,1.0013422818791946,0.0,92.00526697454295,6.996365272777624,90059,0,0,0,35,SALT LAKE
2119,351214,19.0,55.93928874113185,2.9441730916385183,816.0,15.0,204.0,597.0,821.0011268235203,14.0,1.0,113.0,91.0,45.0,305.0,0.0,247.0,2.002684563758389,0.0,0.0,2.9984422597618385,90059,0,0,0,35,SALT LAKE
2120,351215,189.0,620.5117399247773,3.283130899072896,2080.0,736.0,261.0,1083.0,2109.9861520870268,315.0,421.0,144.0,117.0,99.0,522.0,270.0,192.0,0.0,0.0,3.000171749169879,26.98598033785655,60380,0,0,0,35,SALT LAKE
2121,351216,255.0,847.376633152701,3.3230456202066705,887.0,156.0,53.0,678.0,925.3619351911949,38.0,118.0,1.0,52.0,128.0,112.0,81.0,357.0,0.0,2.3806280740528254,0.0,35.981307117142066,149201,0,0,0,35,SALT LAKE
2122,351217,126.0,416.43692729509263,3.305054978532481,963.0,160.0,77.0,726.0,1065.9955197850509,148.0,12.0,52.0,25.0,117.0,143.0,164.0,302.0,0.0,0.0,85.00486622647989,17.990653558571033,149504,0,0,0,35,SALT LAKE
2123,351218,84.0,265.1936651431436,3.1570674421802805,695.0,1.0,204.0,490.0,708.9964536028058,1.0,0.0,174.0,30.0,79.0,371.0,27.0,13.0,2.002684563758389,0.0,0.0,11.993769039047354,149709,705,0,0,35,SALT LAKE
2124,351219,285.0,1003.799459076977,3.5221033651823754,66.0,1.0,0.0,65.0,107.98005316529098,1.0,0.0,0.0,0.0,8.0,33.0,20.0,4.0,1.0013422818791946,0.0,0.0,40.97871088341179,114770,0,1609,0,35,SALT LAKE
2125,351220,81.0,253.7986248440241,3.133316356099064,0.0,0.0,0.0,0.0,11.993769039047354,0.0,0.0,0.0,0.0,0.0,0.0,0.0,0.0,0.0,0.0,0.0,11.993769039047354,114770,0,0,0,35,SALT LAKE
2126,351221,409.0,1377.763963438988,3.368616047528088,0.0,0.0,0.0,0.0,58.97122597060808,0.0,0.0,0.0,0.0,0.0,0.0,0.0,0.0,1.0013422818791946,0.0,0.0,57.969883688728885,114770,0,0,0,35,SALT LAKE
2127,351222,492.0,1372.584399666661,2.789805690379392,2295.0,1109.0,1.0,1185.0,2433.9676029586835,1109.0,0.0,0.0,1.0,268.0,8.0,1.0,908.0,0.0,0.0,69.00395023090721,69.96365272777624,90059,0,0,0,35,SALT LAKE
2128,351223,17.0,46.6160739509432,2.7421219971143063,2475.0,483.0,338.0,1654.0,2476.998961506508,483.0,0.0,330.0,8.0,358.0,511.0,11.0,774.0,0.0,0.0,0.0,1.9989615065078925,90059,0,0,0,35,SALT LAKE
2129,351224,1033.0,3281.7716061464016,3.176932822987804,821.0,166.0,176.0,479.0,1063.931736766078,151.0,15.0,4.0,172.0,26.0,127.0,2.0,324.0,2.002684563758389,0.0,94.00538147398953,146.9236707283301,60380,513,108,0,35,SALT LAKE
2130,351225,297.0,982.0452912332036,3.3065498021319986,0.0,0.0,0.0,0.0,41.97819163666574,0.0,0.0,0.0,0.0,0.0,0.0,0.0,0.0,0.0,0.0,0.0,41.97819163666574,149201,0,0,0,35,SALT LAKE
2131,351226,18.0,53.86746323220103,2.9926368462333905,0.0,0.0,0.0,0.0,2.9984422597618385,0.0,0.0,0.0,0.0,0.0,0.0,0.0,0.0,0.0,0.0,0.0,2.9984422597618385,149201,0,0,2351,35,SALT LAKE
2132,351227,229.0,734.4621429159719,3.20725826600861,193.0,4.0,29.0,160.0,226.98420713925944,3.0,1.0,0.0,29.0,9.0,128.0,13.0,10.0,1.0013422818791946,0.0,0.0,32.98286485738023,149709,0,0,0,35,SALT LAKE
2133,351228,0.0,0.0,0.0,0.0,0.0,0.0,0.0,1.0013422818791946,0.0,0.0,0.0,0.0,0.0,0.0,0.0,0.0,1.0013422818791946,0.0,0.0,0.0,90059,0,0,0,35,SALT LAKE
2134,351229,734.0,1950.623716658357,2.657525499534546,751.0,49.0,0.0,702.0,858.9495059373019,48.0,1.0,0.0,0.0,11.0,206.0,6.0,479.0,3.004026845637584,0.0,0.0,104.94547909166435,90059,0,0,0,35,SALT LAKE
2135,351230,613.0,2030.388998752193,3.312216963706677,212.0,0.0,0.0,212.0,299.9543062863473,0.0,0.0,0.0,0.0,60.0,59.0,24.0,69.0,0.0,0.0,0.0,87.95430628634728,149201,683,0,0,35,SALT LAKE
2136,351231,467.0,1583.9106015776035,3.3916715237207784,6.0,0.0,0.0,6.0,73.9665527498936,0.0,0.0,0.0,0.0,1.0,0.0,0.0,5.0,1.0013422818791946,0.0,0.0,66.9652104680144,149081,0,0,0,35,SALT LAKE
2137,351232,209.0,677.4869414203746,3.2415643130161462,0.0,0.0,0.0,0.0,29.984422597618387,0.0,0.0,0.0,0.0,0.0,0.0,0.0,0.0,0.0,0.0,0.0,29.984422597618387,138222,0,0,0,35,SALT LAKE
2138,351233,0.0,0.0,0.0,0.0,0.0,0.0,0.0,0.0,0.0,0.0,0.0,0.0,0.0,0.0,0.0,0.0,0.0,0.0,0.0,0.0,148008,0,0,0,35,SALT LAKE
2139,351234,0.0,0.0,0.0,1133.0,77.0,66.0,990.0,1136.0040268456376,43.0,34.0,11.0,55.0,717.0,177.0,0.0,96.0,3.004026845637584,0.0,0.0,0.0,148008,0,0,0,35,SALT LAKE
2140,351235,0.0,0.0,0.0,53.0,1.0,15.0,37.0,112.07919463087248,1.0,0.0,1.0,14.0,0.0,30.0,0.0,7.0,59.07919463087248,0.0,0.0,0.0,148008,0,0,0,35,SALT LAKE
2141,351236,0.0,0.0,0.0,0.0,0.0,0.0,0.0,0.0,0.0,0.0,0.0,0.0,0.0,0.0,0.0,0.0,0.0,0.0,0.0,0.0,148008,0,0,0,35,SALT LAKE
2142,351237,2.0,4.143651017861618,2.071825508930809,1980.0,68.0,0.0,1912.0,1981.0013422818793,55.0,13.0,0.0,0.0,1143.0,218.0,1.0,550.0,1.0013422818791946,0.0,0.0,0.0,96451,0,0,0,35,SALT LAKE
2143,351238,0.0,0.0,0.0,998.0,313.0,1.0,684.0,998.0,201.0,112.0,1.0,0.0,79.0,62.0,13.0,530.0,0.0,0.0,0.0,0.0,60380,0,0,0,35,SALT LAKE
2144,351239,366.0,1138.4681171574796,3.110568626113332,215.0,84.0,0.0,131.0,268.9731136686518,84.0,0.0,0.0,0.0,64.0,8.0,32.0,27.0,0.0,0.0,2.000114499446586,51.9729991692052,96451,0,0,0,35,SALT LAKE
2145,351240,243.0,849.4484586616318,3.4956726693894318,0.0,0.0,0.0,0.0,34.98182636388812,0.0,0.0,0.0,0.0,0.0,0.0,0.0,0.0,0.0,0.0,0.0,34.98182636388812,96652,0,0,0,35,SALT LAKE
2146,351241,784.0,2401.2457648508075,3.0628134755750094,140.0,0.0,0.0,140.0,251.94184436444198,0.0,0.0,0.0,0.0,21.0,54.0,1.0,64.0,0.0,0.0,0.0,111.94184436444198,120884,662,0,0,35,SALT LAKE
2147,351242,460.0,1474.1038496042706,3.2045735860962403,0.0,0.0,0.0,0.0,65.96572971476046,0.0,0.0,0.0,0.0,0.0,0.0,0.0,0.0,0.0,0.0,0.0,65.96572971476046,130577,0,0,0,35,SALT LAKE
2148,351243,216.0,679.5587669293054,3.146105402450488,0.0,0.0,0.0,0.0,35.98418959948879,0.0,0.0,0.0,0.0,0.0,0.0,0.0,0.0,0.0,0.0,5.000286248616464,30.983903350872332,148614,0,0,0,35,SALT LAKE
2149,351244,0.0,0.0,0.0,1043.0,0.0,0.0,1043.0,1043.0,0.0,0.0,0.0,0.0,0.0,1041.0,0.0,2.0,0.0,0.0,0.0,0.0,148008,0,0,1,35,SALT LAKE
2150,351245,391.0,1210.982009970058,3.0971406904605066,412.0,21.0,6.0,385.0,467.970922182221,21.0,0.0,0.0,6.0,69.0,39.0,44.0,233.0,0.0,0.0,0.0,55.97092218222099,96451,0,0,0,35,SALT LAKE
2151,351246,402.0,1173.689150809303,2.919624753256973,15.0,2.0,0.0,13.0,71.97040293547494,2.0,0.0,0.0,0.0,0.0,0.0,0.0,13.0,0.0,0.0,0.0,56.97040293547494,95085,0,0,0,35,SALT LAKE
2152,351247,454.0,1375.6921379300572,3.0301588941190687,47.0,9.0,0.0,38.0,111.96624896150651,4.0,5.0,0.0,0.0,2.0,0.0,23.0,13.0,0.0,0.0,0.0,64.96624896150651,100700,0,0,0,35,SALT LAKE
2153,351248,0.0,0.0,0.0,395.0,115.0,0.0,280.0,395.0,115.0,0.0,0.0,0.0,0.0,273.0,0.0,7.0,0.0,0.0,0.0,0.0,96451,0,0,0,35,SALT LAKE
2154,351249,347.0,955.111559617103,2.752482880740931,0.0,0.0,0.0,0.0,49.97403766269731,0.0,0.0,0.0,0.0,0.0,0.0,0.0,0.0,0.0,0.0,0.0,49.97403766269731,95085,0,0,0,35,SALT LAKE
2155,351250,693.0,2095.6515022835133,3.024028141823252,0.0,0.0,0.0,0.0,98.94859457214068,0.0,0.0,0.0,0.0,0.0,0.0,0.0,0.0,0.0,0.0,0.0,98.94859457214068,95085,0,0,0,35,SALT LAKE
2156,351251,447.0,1448.2060307426354,3.2398345206770367,71.0,22.0,0.0,49.0,134.96676820825257,1.0,21.0,0.0,0.0,3.0,1.0,5.0,40.0,0.0,0.0,0.0,63.96676820825256,145738,0,0,0,35,SALT LAKE
2157,351252,0.0,0.0,0.0,12.0,0.0,3.0,9.0,12.0,0.0,0.0,0.0,3.0,0.0,4.0,0.0,5.0,0.0,0.0,0.0,0.0,95085,0,0,0,35,SALT LAKE
2158,351253,734.0,2088.400113002256,2.8452317615834546,1416.0,3.0,0.0,1413.0,1520.9454790916643,3.0,0.0,0.0,0.0,212.0,89.0,19.0,1093.0,0.0,0.0,0.0,104.94547909166435,95085,0,0,0,35,SALT LAKE
2159,351254,0.0,0.0,0.0,29.0,1.0,17.0,11.0,29.0,1.0,0.0,1.0,16.0,0.0,1.0,0.0,10.0,0.0,0.0,0.0,0.0,95085,0,0,0,35,SALT LAKE
2160,351255,0.0,0.0,0.0,0.0,0.0,0.0,0.0,0.0,0.0,0.0,0.0,0.0,0.0,0.0,0.0,0.0,0.0,0.0,0.0,0.0,95085,0,0,0,35,SALT LAKE
2161,351256,0.0,0.0,0.0,5.0,0.0,0.0,5.0,5.0,0.0,0.0,0.0,0.0,0.0,2.0,0.0,3.0,0.0,0.0,0.0,0.0,95085,0,0,0,35,SALT LAKE
2162,351257,165.0,625.6913036971043,3.792068507255178,0.0,0.0,0.0,0.0,26.99156492373229,0.0,0.0,0.0,0.0,0.0,0.0,0.0,0.0,3.004026845637584,0.0,0.0,23.98753807809471,141675,0,0,0,35,SALT LAKE
2163,351258,72.0,226.8648932279236,3.150901294832272,0.0,0.0,0.0,0.0,23.012257196968996,0.0,0.0,0.0,0.0,0.0,0.0,0.0,0.0,13.01744966442953,0.0,0.0,9.994807532539465,141675,0,0,0,35,SALT LAKE
2164,351259,64.0,207.1825508930809,3.237227357704389,78.0,2.0,13.0,63.0,88.99801134304391,2.0,0.0,0.0,13.0,0.0,41.0,20.0,2.0,2.002684563758389,0.0,0.0,8.995326779285516,141675,358,171,0,35,SALT LAKE
2165,351260,100.0,348.0666855003759,3.480666855003759,226.0,0.0,0.0,226.0,241.99541510931363,0.0,0.0,0.0,0.0,0.0,184.0,14.0,28.0,2.002684563758389,0.0,0.0,13.992730545555249,141675,796,0,0,35,SALT LAKE
2166,351261,106.0,398.8264104691808,3.762513306313026,63.0,18.0,2.0,43.0,81.99758042632597,18.0,0.0,0.0,2.0,0.0,25.0,8.0,10.0,4.005369127516778,0.0,0.0,14.992211298809194,96281,500,0,0,35,SALT LAKE
2167,351262,541.0,1998.2757033637652,3.693670431356313,144.0,6.0,77.0,61.0,309.97025335455055,6.0,0.0,1.0,76.0,13.0,11.0,1.0,36.0,4.005369127516778,0.0,85.00486622647989,76.96001800055386,96281,0,0,0,35,SALT LAKE
2168,351263,15.0,42.47242293308159,2.8314948622054392,5.0,0.0,3.0,2.0,11.004330634024672,0.0,0.0,0.0,3.0,0.0,1.0,0.0,1.0,4.005369127516778,0.0,0.0,1.9989615065078925,96281,0,0,0,35,SALT LAKE
2169,351264,220.0,633.9786057328275,2.881720935149216,0.0,0.0,0.0,0.0,32.98658791463072,0.0,0.0,0.0,0.0,0.0,0.0,0.0,0.0,2.002684563758389,0.0,0.0,30.983903350872332,90059,0,0,0,35,SALT LAKE
2170,351265,882.0,2094.615589529048,2.374847607175792,409.0,3.0,344.0,62.0,535.9359171918765,3.0,0.0,232.0,112.0,37.0,0.0,0.0,25.0,1.0013422818791946,0.0,0.0,125.93457490999722,90059,0,0,0,35,SALT LAKE
2171,351266,138.0,538.6746323220103,3.903439364652249,0.0,0.0,0.0,0.0,22.993641910716512,0.0,0.0,0.0,0.0,0.0,0.0,0.0,0.0,3.004026845637584,0.0,0.0,19.98961506507893,141675,0,0,0,35,SALT LAKE
2172,351267,165.0,598.7575720810038,3.6288337701879017,0.0,0.0,0.0,0.0,25.990222641853098,0.0,0.0,0.0,0.0,0.0,0.0,0.0,0.0,2.002684563758389,0.0,0.0,23.98753807809471,114950,0,0,0,35,SALT LAKE
2173,351268,156.0,587.3625317818844,3.765144434499259,0.0,0.0,0.0,0.0,22.989918853466012,0.0,0.0,0.0,0.0,0.0,0.0,0.0,0.0,1.0013422818791946,0.0,0.0,21.98857657158682,114950,0,0,0,35,SALT LAKE
2174,351269,85.0,311.80973909408675,3.6683498716951375,0.0,0.0,0.0,0.0,11.993769039047354,0.0,0.0,0.0,0.0,0.0,0.0,0.0,0.0,0.0,0.0,0.0,11.993769039047354,96281,0,0,0,35,SALT LAKE
2175,351270,95.0,332.52799418339487,3.5002946756146827,0.0,0.0,0.0,0.0,15.995415109313639,0.0,0.0,0.0,0.0,0.0,0.0,0.0,0.0,2.002684563758389,0.0,0.0,13.992730545555249,96281,0,0,0,35,SALT LAKE
2176,351271,4.0,9.32321479018864,2.33080369754716,0.0,0.0,0.0,0.0,7.007534444529114,0.0,0.0,0.0,0.0,0.0,0.0,0.0,0.0,6.008053691275167,0.0,0.0,0.9994807532539464,96281,0,0,0,35,SALT LAKE
2177,351272,298.0,1088.7443049431402,3.653504379003826,17.0,5.0,3.0,9.0,122.98256415464304,5.0,0.0,2.0,1.0,6.0,3.0,0.0,0.0,1.0013422818791946,0.0,62.00354948284416,42.97767238991969,96281,0,0,0,35,SALT LAKE
2178,351273,428.0,1487.5707154123209,3.4756325126456096,1514.0,134.0,452.0,928.0,1625.73221558476,82.0,52.0,205.0,247.0,148.0,273.0,1.0,506.0,0.0,4.76125614899788,46.002633487271474,60.96832594849072,96281,0,0,542,35,SALT LAKE
2179,351274,117.0,312.84565184855217,2.6738944602440355,271.0,50.0,138.0,83.0,430.999359515748,48.0,2.0,5.0,133.0,44.0,17.0,0.0,22.0,0.0,0.0,143.0081867104309,16.991172805317085,96281,0,0,0,35,SALT LAKE
2180,351275,154.0,591.506182799746,3.840949238959389,0.0,0.0,0.0,0.0,28.75251728434309,0.0,0.0,0.0,0.0,0.0,0.0,0.0,0.0,2.002684563758389,4.76125614899788,0.0,21.98857657158682,114950,0,0,0,35,SALT LAKE
2181,351276,305.0,1137.432204403014,3.729285916075456,54.0,5.0,46.0,3.0,100.98117998881122,0.0,5.0,0.0,46.0,1.0,1.0,0.0,1.0,3.004026845637584,0.0,0.0,43.97715314317364,96281,0,0,0,35,SALT LAKE
2182,351277,532.0,1973.413797256596,3.7094244309334505,8.0,8.0,0.0,0.0,465.9824066415978,8.0,0.0,0.0,0.0,0.0,0.0,0.0,0.0,0.0,0.0,382.0218693942979,75.96053724729991,96281,348,0,0,35,SALT LAKE
2183,351278,1074.0,3936.468466968537,3.665240658257484,238.0,2.0,3.0,233.0,390.92055524785377,1.0,1.0,3.0,0.0,9.0,207.0,0.0,17.0,0.0,0.0,0.0,152.92055524785377,96281,716,256,0,35,SALT LAKE
2184,351279,54.0,199.9311616118231,3.7024289187374646,50.0,2.0,21.0,27.0,57.99584602603157,2.0,0.0,0.0,21.0,6.0,13.0,0.0,8.0,0.0,0.0,0.0,7.99584602603157,96281,0,0,0,35,SALT LAKE
2185,351280,0.0,0.0,0.0,318.0,87.0,114.0,117.0,4996.9268669564535,86.0,1.0,15.0,99.0,20.0,51.0,1.0,45.0,0.0,285.6753689220282,4393.251498034426,0.0,96281,0,0,0,35,SALT LAKE
2186,351281,56.0,180.2488192769804,3.218728915660364,194.0,0.0,0.0,194.0,206.00121515354834,0.0,0.0,0.0,0.0,3.0,189.0,2.0,0.0,4.005369127516778,0.0,0.0,7.99584602603157,96691,0,0,0,35,SALT LAKE
2187,351282,0.0,0.0,0.0,0.0,0.0,0.0,0.0,0.0,0.0,0.0,0.0,0.0,0.0,0.0,0.0,0.0,0.0,0.0,0.0,0.0,120184,0,0,0,35,SALT LAKE
2188,351283,0.0,0.0,0.0,0.0,0.0,0.0,0.0,0.0,0.0,0.0,0.0,0.0,0.0,0.0,0.0,0.0,0.0,0.0,0.0,0.0,120184,0,0,0,35,SALT LAKE
2189,351284,0.0,0.0,0.0,0.0,0.0,0.0,0.0,0.0,0.0,0.0,0.0,0.0,0.0,0.0,0.0,0.0,0.0,0.0,0.0,0.0,120184,0,0,0,35,SALT LAKE
2190,351285,0.0,0.0,0.0,0.0,0.0,0.0,0.0,0.0,0.0,0.0,0.0,0.0,0.0,0.0,0.0,0.0,0.0,0.0,0.0,0.0,133856,0,0,0,35,SALT LAKE
2191,351286,0.0,0.0,0.0,0.0,0.0,0.0,0.0,0.0,0.0,0.0,0.0,0.0,0.0,0.0,0.0,0.0,0.0,0.0,0.0,0.0,109943,0,0,0,35,SALT LAKE
2192,351287,0.0,0.0,0.0,0.0,0.0,0.0,0.0,0.0,0.0,0.0,0.0,0.0,0.0,0.0,0.0,0.0,0.0,0.0,0.0,0.0,136616,0,0,0,35,SALT LAKE
2193,351288,0.0,0.0,0.0,0.0,0.0,0.0,0.0,0.0,0.0,0.0,0.0,0.0,0.0,0.0,0.0,0.0,0.0,0.0,0.0,0.0,136616,0,0,0,35,SALT LAKE
2194,351289,0.0,0.0,0.0,0.0,0.0,0.0,0.0,0.0,0.0,0.0,0.0,0.0,0.0,0.0,0.0,0.0,0.0,0.0,0.0,0.0,136616,0,0,0,35,SALT LAKE
2195,351290,0.0,0.0,0.0,0.0,0.0,0.0,0.0,0.0,0.0,0.0,0.0,0.0,0.0,0.0,0.0,0.0,0.0,0.0,0.0,0.0,136616,0,0,0,35,SALT LAKE
2196,351291,0.0,0.0,0.0,0.0,0.0,0.0,0.0,0.0,0.0,0.0,0.0,0.0,0.0,0.0,0.0,0.0,0.0,0.0,0.0,0.0,154242,13,0,0,35,SALT LAKE
2197,351292,0.0,0.0,0.0,0.0,0.0,0.0,0.0,0.0,0.0,0.0,0.0,0.0,0.0,0.0,0.0,0.0,0.0,0.0,0.0,0.0,154321,0,0,0,35,SALT LAKE
2198,351293,0.0,0.0,0.0,0.0,0.0,0.0,0.0,0.0,0.0,0.0,0.0,0.0,0.0,0.0,0.0,0.0,0.0,0.0,0.0,0.0,137723,0,0,0,35,SALT LAKE
2199,351294,0.0,0.0,0.0,0.0,0.0,0.0,0.0,0.0,0.0,0.0,0.0,0.0,0.0,0.0,0.0,0.0,0.0,0.0,0.0,0.0,143773,0,0,0,35,SALT LAKE
2200,351295,0.0,0.0,0.0,525.0,1.0,39.0,485.0,525.0,0.0,1.0,9.0,30.0,186.0,100.0,4.0,195.0,0.0,0.0,0.0,0.0,31535,0,0,0,35,SALT LAKE
2201,351296,0.0,0.0,0.0,0.0,0.0,0.0,0.0,0.0,0.0,0.0,0.0,0.0,0.0,0.0,0.0,0.0,0.0,0.0,0.0,0.0,120184,0,0,0,35,SALT LAKE
2202,351297,0.0,0.0,0.0,0.0,0.0,0.0,0.0,0.0,0.0,0.0,0.0,0.0,0.0,0.0,0.0,0.0,0.0,0.0,0.0,0.0,116535,0,0,0,35,SALT LAKE
2203,351298,0.0,0.0,0.0,0.0,0.0,0.0,0.0,0.0,0.0,0.0,0.0,0.0,0.0,0.0,0.0,0.0,0.0,0.0,0.0,0.0,120184,0,0,0,35,SALT LAKE
2204,351299,0.0,0.0,0.0,0.0,0.0,0.0,0.0,0.0,0.0,0.0,0.0,0.0,0.0,0.0,0.0,0.0,0.0,0.0,0.0,0.0,120184,0,0,0,35,SALT LAKE
2205,351300,0.0,0.0,0.0,0.0,0.0,0.0,0.0,0.0,0.0,0.0,0.0,0.0,0.0,0.0,0.0,0.0,0.0,0.0,0.0,0.0,120184,0,0,0,35,SALT LAKE
2206,351301,0.0,0.0,0.0,0.0,0.0,0.0,0.0,0.0,0.0,0.0,0.0,0.0,0.0,0.0,0.0,0.0,0.0,0.0,0.0,0.0,110139,0,0,0,35,SALT LAKE
2207,351302,0.0,0.0,0.0,0.0,0.0,0.0,0.0,0.0,0.0,0.0,0.0,0.0,0.0,0.0,0.0,0.0,0.0,0.0,0.0,0.0,109943,0,0,0,35,SALT LAKE
2208,351303,0.0,0.0,0.0,0.0,0.0,0.0,0.0,0.0,0.0,0.0,0.0,0.0,0.0,0.0,0.0,0.0,0.0,0.0,0.0,0.0,109943,0,0,0,35,SALT LAKE
2209,351304,0.0,0.0,0.0,0.0,0.0,0.0,0.0,0.0,0.0,0.0,0.0,0.0,0.0,0.0,0.0,0.0,0.0,0.0,0.0,0.0,109943,0,0,0,35,SALT LAKE
2210,351305,0.0,0.0,0.0,0.0,0.0,0.0,0.0,0.0,0.0,0.0,0.0,0.0,0.0,0.0,0.0,0.0,0.0,0.0,0.0,0.0,133856,0,0,0,35,SALT LAKE
2211,351306,0.0,0.0,0.0,0.0,0.0,0.0,0.0,0.0,0.0,0.0,0.0,0.0,0.0,0.0,0.0,0.0,0.0,0.0,0.0,0.0,140499,0,0,0,35,SALT LAKE
2212,351307,2.0,7.251389281257832,3.625694640628916,0.0,0.0,0.0,0.0,0.0,0.0,0.0,0.0,0.0,0.0,0.0,0.0,0.0,0.0,0.0,0.0,0.0,136616,0,0,0,35,SALT LAKE
2213,351308,0.0,0.0,0.0,0.0,0.0,0.0,0.0,0.0,0.0,0.0,0.0,0.0,0.0,0.0,0.0,0.0,0.0,0.0,0.0,0.0,136616,0,0,0,35,SALT LAKE
2214,351309,0.0,0.0,0.0,0.0,0.0,0.0,0.0,0.0,0.0,0.0,0.0,0.0,0.0,0.0,0.0,0.0,0.0,0.0,0.0,0.0,136616,0,0,0,35,SALT LAKE
2215,351310,0.0,0.0,0.0,0.0,0.0,0.0,0.0,0.0,0.0,0.0,0.0,0.0,0.0,0.0,0.0,0.0,0.0,0.0,0.0,0.0,154321,0,0,0,35,SALT LAKE
2216,351311,0.0,0.0,0.0,0.0,0.0,0.0,0.0,0.0,0.0,0.0,0.0,0.0,0.0,0.0,0.0,0.0,0.0,0.0,0.0,0.0,155809,0,0,0,35,SALT LAKE
154,570001,0.0,0.0,0.0,0.0,0.0,0.0,0.0,0.0,0.0,0.0,0.0,0.0,0.0,0.0,0.0,0.0,0.0,0.0,0.0,0.0,77375,0,0,0,57,WEBER
155,570002,10.0,21.404370889030343,2.140437088903034,0.0,0.0,0.0,0.0,21.945889812357326,0.0,0.0,0.0,0.0,0.0,0.0,0.0,0.0,20.94448116325182,0.0,0.0,1.001408649105508,77375,0,0,0,57,WEBER
156,570003,6.0,21.404370889030343,3.567395148171724,0.0,0.0,0.0,0.0,26.928618638466624,0.0,0.0,0.0,0.0,0.0,0.0,0.0,0.0,26.928618638466624,0.0,0.0,0.0,77375,0,0,0,57,WEBER
157,570004,42.0,123.07513261192446,2.930360300283916,0.0,0.0,0.0,0.0,45.8905445196893,0.0,0.0,0.0,0.0,0.0,0.0,0.0,0.0,42.88631857237277,0.0,0.0,3.004225947316524,77375,0,0,0,57,WEBER
158,570005,92.0,270.7652917462338,2.943100997241672,0.0,0.0,0.0,0.0,40.924025306525486,0.0,0.0,0.0,0.0,0.0,0.0,0.0,0.0,32.912756113681425,0.0,0.0,8.011269192844063,77375,0,0,0,57,WEBER
159,570006,3.0,6.421311266709102,2.140437088903034,1.0,0.0,0.0,1.0,325.5090278930678,0.0,0.0,0.0,0.0,0.0,1.0,0.0,0.0,42.88631857237277,51.6,230.02270932069507,0.0,77375,0,0,0,57,WEBER
160,570007,2.0,5.351092722257586,2.675546361128793,0.0,0.0,0.0,0.0,13.96298744216788,0.0,0.0,0.0,0.0,0.0,0.0,0.0,0.0,13.96298744216788,0.0,0.0,0.0,77375,0,0,0,57,WEBER
161,570008,23.0,66.35354975599407,2.8849369459127856,2.0,1.0,0.0,1.0,9.986954773425822,1.0,0.0,0.0,0.0,0.0,0.0,0.0,1.0,5.984137475214805,0.0,0.0,2.002817298211016,83325,0,0,0,57,WEBER
162,570009,37.0,107.0218544451517,2.892482552571668,0.0,0.0,0.0,0.0,42.89847578208189,0.0,0.0,0.0,0.0,0.0,0.0,0.0,0.0,39.89424983476537,0.0,0.0,3.004225947316524,77375,0,0,0,57,WEBER
163,570010,8.0,21.404370889030343,2.675546361128793,0.0,0.0,0.0,0.0,2.9961211408437762,0.0,0.0,0.0,0.0,0.0,0.0,0.0,0.0,1.9947124917382684,0.0,0.0,1.001408649105508,83325,0,0,0,57,WEBER
164,570011,1.0,2.140437088903034,2.140437088903034,0.0,0.0,0.0,0.0,16.95505617977528,0.0,0.0,0.0,0.0,0.0,0.0,0.0,0.0,16.95505617977528,0.0,0.0,0.0,83325,0,0,0,57,WEBER
165,570012,0.0,0.0,0.0,306.0,0.0,299.0,7.0,311.9841374752148,0.0,0.0,299.0,0.0,0.0,1.0,0.0,6.0,5.984137475214805,0.0,0.0,0.0,77375,0,0,0,57,WEBER
166,570013,25.0,70.63442393380012,2.8253769573520047,0.0,0.0,0.0,0.0,25.939367199070237,0.0,0.0,0.0,0.0,0.0,0.0,0.0,0.0,23.93654990085922,0.0,0.0,2.002817298211016,77375,0,0,0,57,WEBER
167,570014,12.0,37.457649055803095,3.121470754650258,0.0,0.0,0.0,0.0,17.956464828880787,0.0,0.0,0.0,0.0,0.0,0.0,0.0,0.0,16.95505617977528,0.0,0.0,1.001408649105508,83325,0,0,0,57,WEBER
168,570015,40.0,133.77731805643964,3.344432951410991,0.0,0.0,0.0,0.0,6.993650930793061,0.0,0.0,0.0,0.0,0.0,0.0,0.0,0.0,3.9894249834765367,0.0,0.0,3.004225947316524,83325,0,0,0,57,WEBER
169,570016,13.0,38.527867600254616,2.963682123096509,0.0,0.0,0.0,0.0,9.977614861927716,0.0,0.0,0.0,0.0,0.0,0.0,0.0,0.0,8.976206212822207,0.0,0.0,1.001408649105508,83325,0,0,0,57,WEBER
170,570017,25.0,61.00245703373648,2.440098281349459,15.0,0.0,2.0,13.0,32.96051723211716,0.0,0.0,0.0,2.0,0.0,9.0,0.0,4.0,15.957699933906149,0.0,0.0,2.002817298211016,77375,0,0,0,57,WEBER
171,570018,32.0,99.53032463399109,3.110322644812221,0.0,0.0,0.0,0.0,18.961925881222673,0.0,0.0,0.0,0.0,0.0,0.0,0.0,0.0,15.957699933906149,0.0,0.0,3.004225947316524,77375,0,0,0,57,WEBER
172,570019,66.0,220.46502015701253,3.340379093288069,0.0,0.0,0.0,0.0,17.972674441826285,0.0,0.0,0.0,0.0,0.0,0.0,0.0,0.0,12.965631196298744,0.0,0.0,5.007043245527539,83325,538,0,0,57,WEBER
173,570020,53.0,210.8330532569489,3.977982136923564,0.0,0.0,0.0,0.0,23.952759513804715,0.0,0.0,0.0,0.0,0.0,0.0,0.0,0.0,19.947124917382684,0.0,0.0,4.005634596422032,83325,0,0,0,57,WEBER
174,570021,24.0,68.4939868448971,2.853916118537379,0.0,0.0,0.0,0.0,21.9499422155937,0.0,0.0,0.0,0.0,0.0,0.0,0.0,0.0,19.947124917382684,0.0,0.0,2.002817298211016,83325,0,0,0,57,WEBER
175,570022,31.0,98.46010608953958,3.176132454501277,11.0,7.0,0.0,4.0,22.98043216013873,7.0,0.0,0.0,0.0,3.0,0.0,0.0,1.0,8.976206212822207,0.0,0.0,3.004225947316524,83325,0,0,0,57,WEBER
176,570023,8.0,19.263933800127308,2.407991725015913,0.0,0.0,0.0,0.0,9.977614861927716,0.0,0.0,0.0,0.0,0.0,0.0,0.0,0.0,8.976206212822207,0.0,0.0,1.001408649105508,82362,0,0,0,57,WEBER
177,570024,25.0,78.12595374496075,3.12503814979843,0.0,0.0,0.0,0.0,10.979023511033223,0.0,0.0,0.0,0.0,0.0,0.0,0.0,0.0,8.976206212822207,0.0,0.0,2.002817298211016,77375,0,0,0,57,WEBER
178,570025,31.0,80.26639083386378,2.5892384139956057,9.0,0.0,8.0,1.0,29.95663837296094,0.0,0.0,7.0,1.0,0.0,0.0,0.0,1.0,17.952412425644415,0.0,0.0,3.004225947316524,77375,0,0,0,57,WEBER
179,570026,4.0,11.772403988966689,2.943100997241672,0.0,0.0,0.0,0.0,19.947124917382684,0.0,0.0,0.0,0.0,0.0,0.0,0.0,0.0,19.947124917382684,0.0,0.0,0.0,77375,0,0,0,57,WEBER
180,570027,27.0,78.12595374496075,2.8935538424059537,0.0,0.0,0.0,0.0,14.968448494509762,0.0,0.0,0.0,0.0,0.0,0.0,0.0,0.0,12.965631196298744,0.0,0.0,2.002817298211016,84402,0,0,0,57,WEBER
181,570028,27.0,81.3366093783153,3.012467014011678,0.0,0.0,0.0,0.0,10.979023511033223,0.0,0.0,0.0,0.0,0.0,0.0,0.0,0.0,8.976206212822207,0.0,0.0,2.002817298211016,87610,0,0,0,57,WEBER
182,570029,39.0,123.07513261192446,3.1557726310749863,0.0,0.0,0.0,0.0,10.983075914269598,0.0,0.0,0.0,0.0,0.0,0.0,0.0,0.0,7.9788499669530735,0.0,0.0,3.004225947316524,88528,0,0,0,57,WEBER
183,570030,18.0,51.37049013367282,2.853916118537379,4.0,0.0,0.0,4.0,28.937958549964726,0.0,0.0,0.0,0.0,0.0,0.0,4.0,0.0,23.93654990085922,0.0,0.0,1.001408649105508,88528,0,0,0,57,WEBER
184,570031,54.0,168.0243114788882,3.1115613236831146,0.0,0.0,0.0,0.0,16.97126579272078,0.0,0.0,0.0,0.0,0.0,0.0,0.0,0.0,12.965631196298744,0.0,0.0,4.005634596422032,88528,0,0,0,57,WEBER
185,570032,38.0,98.46010608953958,2.591055423408936,0.0,0.0,0.0,0.0,12.977788406007866,0.0,0.0,0.0,0.0,0.0,0.0,0.0,0.0,9.973562458691342,0.0,0.0,3.004225947316524,88528,0,0,0,57,WEBER
186,570033,12.0,37.457649055803095,3.121470754650258,0.0,0.0,0.0,0.0,5.988189878451179,0.0,0.0,0.0,0.0,0.0,0.0,0.0,0.0,4.986781229345671,0.0,0.0,1.001408649105508,60702,0,0,0,57,WEBER
187,570034,13.0,34.24699342244855,2.634384109419119,4.0,2.0,2.0,0.0,9.988189878451179,2.0,0.0,0.0,2.0,0.0,0.0,0.0,0.0,4.986781229345671,0.0,0.0,1.001408649105508,77375,0,0,0,57,WEBER
188,570035,4.0,11.772403988966689,2.943100997241672,0.0,0.0,0.0,0.0,5.984137475214805,0.0,0.0,0.0,0.0,0.0,0.0,0.0,0.0,5.984137475214805,0.0,0.0,0.0,77375,0,0,0,57,WEBER
189,570036,52.0,163.7434373010821,3.1489122557900404,0.0,0.0,0.0,0.0,15.973909546851642,0.0,0.0,0.0,0.0,0.0,0.0,0.0,0.0,11.96827495042961,0.0,0.0,4.005634596422032,88528,0,0,0,57,WEBER
190,570037,60.0,164.81365584553365,2.746894264092228,0.0,0.0,0.0,0.0,13.983249458349746,0.0,0.0,0.0,0.0,0.0,0.0,0.0,0.0,8.976206212822207,0.0,0.0,5.007043245527539,88528,0,0,0,57,WEBER
191,570038,75.0,236.51829832378527,3.1535773109838035,0.0,0.0,0.0,0.0,13.987301861586122,0.0,0.0,0.0,0.0,0.0,0.0,0.0,0.0,7.9788499669530735,0.0,0.0,6.008451894633048,88528,0,0,0,57,WEBER
192,570039,2.0,3.0,1.5,0.0,0.0,0.0,0.0,15.957699933906149,0.0,0.0,0.0,0.0,0.0,0.0,0.0,0.0,15.957699933906149,0.0,0.0,0.0,88528,0,0,0,57,WEBER
193,570040,118.0,378.85736473583705,3.2106556333545515,0.0,0.0,0.0,0.0,15.000867720400748,0.0,0.0,0.0,0.0,0.0,0.0,0.0,0.0,4.986781229345671,0.0,0.0,10.014086491055078,88528,0,0,0,57,WEBER
194,570041,0.0,0.0,0.0,0.0,0.0,0.0,0.0,0.0,0.0,0.0,0.0,0.0,0.0,0.0,0.0,0.0,0.0,0.0,0.0,0.0,77375,0,0,0,57,WEBER
195,570042,51.0,147.69015913430937,2.8958854732217523,0.0,0.0,0.0,0.0,15.973909546851642,0.0,0.0,0.0,0.0,0.0,0.0,0.0,0.0,11.96827495042961,0.0,0.0,4.005634596422032,95539,0,0,0,57,WEBER
196,570043,79.0,261.1333248461702,3.3054851246350654,0.0,0.0,0.0,0.0,12.989945615716987,0.0,0.0,0.0,0.0,0.0,0.0,0.0,0.0,6.98149372108394,0.0,0.0,6.008451894633048,95539,0,0,0,57,WEBER
197,570044,78.0,238.65873541268832,3.059727377085748,0.0,0.0,0.0,0.0,15.98201435332439,0.0,0.0,0.0,0.0,0.0,0.0,0.0,0.0,9.973562458691342,0.0,0.0,6.008451894633048,95539,0,0,0,57,WEBER
198,570045,24.0,57.79180140038192,2.407991725015913,0.0,0.0,0.0,0.0,14.968448494509762,0.0,0.0,0.0,0.0,0.0,0.0,0.0,0.0,12.965631196298744,0.0,0.0,2.002817298211016,95539,0,0,0,57,WEBER
199,570046,0.0,0.0,0.0,0.0,0.0,0.0,0.0,9.973562458691342,0.0,0.0,0.0,0.0,0.0,0.0,0.0,0.0,9.973562458691342,0.0,0.0,0.0,77375,0,0,0,57,WEBER
200,570047,46.0,124.14535115637598,2.6988119816603477,0.0,0.0,0.0,0.0,26.94482825141212,0.0,0.0,0.0,0.0,0.0,0.0,0.0,0.0,22.939193654990085,0.0,0.0,4.005634596422032,77375,0,0,0,57,WEBER
201,570048,24.0,62.07267557818799,2.5863614824245,0.0,0.0,0.0,0.0,18.957873477986297,0.0,0.0,0.0,0.0,0.0,0.0,0.0,0.0,16.95505617977528,0.0,0.0,2.002817298211016,113700,0,0,0,57,WEBER
202,570049,24.0,62.07267557818799,2.5863614824245,0.0,0.0,0.0,0.0,16.963160986248027,0.0,0.0,0.0,0.0,0.0,0.0,0.0,0.0,14.960343688037012,0.0,0.0,2.002817298211016,117003,0,0,0,57,WEBER
203,570050,67.0,218.3245830681095,3.258575866688201,8.0,0.0,0.0,8.0,29.962099425302817,0.0,0.0,0.0,0.0,8.0,0.0,0.0,0.0,16.95505617977528,0.0,0.0,5.007043245527539,64761,0,0,0,57,WEBER
204,570051,71.0,201.2010863568852,2.8338181177026085,0.0,0.0,0.0,0.0,17.976726845062657,0.0,0.0,0.0,0.0,0.0,0.0,0.0,0.0,11.96827495042961,0.0,0.0,6.008451894633048,117003,0,0,0,57,WEBER
205,570052,215.0,617.5161001485253,2.8721679076675595,0.0,0.0,0.0,0.0,544.0690634420437,0.0,0.0,0.0,0.0,0.0,0.0,0.0,0.0,2.9920687376074024,0.0,523.0516390205371,18.025355683899143,117003,0,0,0,57,WEBER
206,570053,44.0,109.16229153405476,2.480961171228517,0.0,0.0,0.0,0.0,11.984484563375105,0.0,0.0,0.0,0.0,0.0,0.0,0.0,0.0,7.9788499669530735,0.0,0.0,4.005634596422032,117003,0,0,0,57,WEBER
207,570054,20.0,44.94917886696372,2.247458943348186,0.0,0.0,0.0,0.0,16.963160986248027,0.0,0.0,0.0,0.0,0.0,0.0,0.0,0.0,14.960343688037012,0.0,0.0,2.002817298211016,77375,0,0,0,57,WEBER
208,570055,55.0,187.28824527901548,3.405240823254827,0.0,0.0,0.0,0.0,8.992415825767704,0.0,0.0,0.0,0.0,0.0,0.0,0.0,0.0,4.986781229345671,0.0,0.0,4.005634596422032,117003,0,0,0,57,WEBER
209,570056,75.0,201.2010863568852,2.682681151425136,0.0,0.0,0.0,0.0,19.971439336800927,0.0,0.0,0.0,0.0,0.0,0.0,0.0,0.0,13.96298744216788,0.0,0.0,6.008451894633048,117003,0,0,0,57,WEBER
210,570057,18.0,43.8789603225122,2.4377200179173446,0.0,0.0,0.0,0.0,16.959108583011655,0.0,0.0,0.0,0.0,0.0,0.0,0.0,0.0,15.957699933906149,0.0,0.0,1.001408649105508,77375,0,0,0,57,WEBER
211,570058,16.0,43.8789603225122,2.7424350201570125,0.0,0.0,0.0,0.0,7.982902370189448,0.0,0.0,0.0,0.0,0.0,0.0,0.0,0.0,6.98149372108394,0.0,0.0,1.001408649105508,64761,0,0,0,57,WEBER
212,570059,91.0,302.87184807977934,3.328262066810762,6.0,0.0,3.0,3.0,15.004573035476824,0.0,0.0,0.0,3.0,0.0,0.0,0.0,3.0,1.9947124917382684,0.0,0.0,7.009860543738555,64761,0,0,0,57,WEBER
213,570060,204.0,636.7800339486527,3.1214707546502583,364.0,147.0,10.0,207.0,403.015149269455,140.0,7.0,0.0,10.0,0.0,168.0,1.0,38.0,3.9894249834765367,0.0,18.001777251184834,17.023947034793633,72451,696,0,0,57,WEBER
214,570061,340.0,1050.95461065139,3.091042972504088,0.0,0.0,0.0,0.0,35.02093589603816,0.0,0.0,0.0,0.0,0.0,0.0,0.0,0.0,6.98149372108394,0.0,0.0,28.03944217495422,74830,0,0,0,57,WEBER
215,570062,136.0,405.612828347125,2.982447267258272,11.0,0.0,5.0,6.0,30.991701352982794,0.0,0.0,2.0,3.0,0.0,2.0,3.0,1.0,8.976206212822207,0.0,0.0,11.015495140160589,64761,0,0,0,57,WEBER
216,570063,68.0,197.99043072353064,2.911623981228392,2.0,0.0,0.0,2.0,8.008451894633048,0.0,0.0,0.0,0.0,0.0,0.0,0.0,2.0,0.0,0.0,0.0,6.008451894633048,64761,0,0,0,57,WEBER
217,570064,110.0,401.3319541693189,3.648472310630172,18.0,16.0,1.0,1.0,30.004746579556976,16.0,0.0,0.0,1.0,0.0,0.0,0.0,1.0,2.9920687376074024,0.0,0.0,9.012677841949571,74417,0,0,0,57,WEBER
218,570065,189.0,569.3562656482071,3.012467014011678,0.0,0.0,0.0,0.0,19.01055472005915,0.0,0.0,0.0,0.0,0.0,0.0,0.0,0.0,3.9894249834765367,0.0,0.0,15.021129736582616,76308,0,0,0,57,WEBER
219,570066,114.0,394.9106429026098,3.4641284465141213,156.0,0.0,0.0,156.0,166.0100340878187,0.0,0.0,0.0,0.0,0.0,155.0,1.0,0.0,0.9973562458691342,0.0,0.0,9.012677841949571,64761,0,0,2020,57,WEBER
220,570067,113.0,347.8210269467431,3.078062185369408,5.0,0.0,0.0,5.0,23.986240300640915,0.0,0.0,0.0,0.0,0.0,0.0,0.0,5.0,9.973562458691342,0.0,0.0,9.012677841949571,65849,0,0,0,57,WEBER
221,570068,241.0,774.8382261828983,3.215096374202897,0.0,0.0,0.0,0.0,33.991160424278036,0.0,0.0,0.0,0.0,0.0,0.0,0.0,0.0,13.96298744216788,0.0,0.0,20.02817298211016,66478,0,0,0,57,WEBER
222,570069,69.0,211.9032718014004,3.071061910165223,0.0,0.0,0.0,0.0,16.979370599193523,0.0,0.0,0.0,0.0,0.0,0.0,0.0,0.0,10.970918704560477,0.0,0.0,6.008451894633048,77375,0,0,0,57,WEBER
223,570070,83.0,252.57157649055804,3.043031042054916,0.0,0.0,0.0,0.0,9.004573035476824,0.0,0.0,0.0,0.0,0.0,0.0,0.0,0.0,1.9947124917382684,0.0,0.0,7.009860543738555,80917,0,0,0,57,WEBER
224,570071,595.0,1958.499936346276,3.2915965316744136,374.0,5.0,1.0,368.0,423.06902380616987,0.0,5.0,0.0,1.0,8.0,216.0,7.0,137.0,0.0,0.0,0.0,49.06902380616989,103331,562,0,0,57,WEBER
225,570072,24.0,70.63442393380012,2.943100997241672,365.0,153.0,138.0,74.0,367.002817298211,153.0,0.0,3.0,135.0,4.0,61.0,0.0,9.0,0.0,0.0,0.0,2.002817298211016,101021,0,0,0,57,WEBER
226,570073,216.0,703.1335837046468,3.255248072706698,5.0,0.0,0.0,5.0,31.004205650852217,0.0,0.0,0.0,0.0,0.0,0.0,1.0,4.0,7.9788499669530735,0.0,0.0,18.025355683899143,102455,0,0,0,57,WEBER
227,570074,75.0,260.0631063017187,3.467508084022916,215.0,25.0,23.0,167.0,224.9978768781096,25.0,0.0,0.0,23.0,1.0,112.0,23.0,31.0,3.9894249834765367,0.0,0.0,6.008451894633048,101021,767,0,0,57,WEBER
228,570075,281.0,881.8600806280501,3.138292101879182,45.0,0.0,7.0,38.0,69.02975517529582,0.0,0.0,2.0,5.0,3.0,13.0,0.0,22.0,0.9973562458691342,0.0,0.0,23.03239892942668,100927,0,1165,0,57,WEBER
229,570076,111.0,383.1382389136432,3.451695846068857,19.0,0.0,4.0,15.0,31.004746579556976,0.0,0.0,4.0,0.0,0.0,0.0,0.0,15.0,2.9920687376074024,0.0,0.0,9.012677841949571,101021,0,0,0,57,WEBER
230,570077,0.0,0.0,0.0,1225.0,133.0,918.0,174.0,1225.9973562458692,10.0,123.0,0.0,918.0,2.0,11.0,0.0,161.0,0.9973562458691342,0.0,0.0,0.0,77602,0,0,0,57,WEBER
231,570078,17.0,52.44070867812434,3.0847475693014315,2363.0,42.0,1932.0,389.0,2378.0027909555824,5.0,37.0,1711.0,221.0,10.0,199.0,0.0,180.0,0.0,0.0,14.001382306477092,1.001408649105508,77602,0,0,0,57,WEBER
232,570079,91.0,286.81856991300657,3.1518524166264457,0.0,0.0,0.0,0.0,9.004573035476824,0.0,0.0,0.0,0.0,0.0,0.0,0.0,0.0,1.9947124917382684,0.0,0.0,7.009860543738555,101021,0,0,0,57,WEBER
233,570080,23.0,82.40682792276682,3.582905561859427,178.0,1.0,82.0,95.0,182.99488603581844,1.0,0.0,79.0,3.0,0.0,70.0,13.0,12.0,2.9920687376074024,0.0,0.0,2.002817298211016,101021,0,0,0,57,WEBER
234,570081,141.0,463.4046297475069,3.2865576577837365,5.0,0.0,1.0,4.0,22.003685018611765,0.0,0.0,0.0,1.0,0.0,0.0,1.0,3.0,4.986781229345671,0.0,0.0,12.016903789266095,77602,0,0,0,57,WEBER
235,570082,70.0,232.2374241459792,3.317677487799703,952.0,0.0,548.0,404.0,972.96879558267,0.0,0.0,531.0,17.0,14.0,327.0,52.0,11.0,14.960343688037012,0.0,0.0,6.008451894633048,66478,0,0,0,57,WEBER
236,570083,234.0,755.5742923827711,3.22894996744774,68.0,1.0,0.0,67.0,93.01090180821946,1.0,0.0,0.0,0.0,1.0,55.0,8.0,3.0,5.984137475214805,0.0,0.0,19.02676433300465,77602,0,0,0,57,WEBER
237,570084,18.0,48.15983450031827,2.675546361128793,48.0,1.0,3.0,44.0,54.985546124320315,1.0,0.0,1.0,2.0,2.0,25.0,1.0,16.0,5.984137475214805,0.0,0.0,1.001408649105508,77602,0,0,0,57,WEBER
238,570085,400.0,1206.1362995968598,3.0153407489921493,364.0,50.0,99.0,215.0,403.0306228956966,49.0,1.0,0.0,99.0,4.0,150.0,14.0,47.0,5.984137475214805,0.0,0.0,33.04648542048176,66478,0,0,0,57,WEBER
239,570086,6.0,20.334152344578825,3.3890253907631376,0.0,0.0,0.0,0.0,0.0,0.0,0.0,0.0,0.0,0.0,0.0,0.0,0.0,0.0,0.0,0.0,0.0,134880,0,0,0,57,WEBER
240,570087,12.0,35.31721196690006,2.943100997241672,0.0,0.0,0.0,0.0,1.001408649105508,0.0,0.0,0.0,0.0,0.0,0.0,0.0,0.0,0.0,0.0,0.0,1.001408649105508,97564,0,0,0,57,WEBER
241,570088,0.0,0.0,0.0,0.0,0.0,0.0,0.0,0.0,0.0,0.0,0.0,0.0,0.0,0.0,0.0,0.0,0.0,0.0,0.0,0.0,134880,0,0,0,57,WEBER
242,570089,8.0,17.123496711224274,2.140437088903034,0.0,0.0,0.0,0.0,1.001408649105508,0.0,0.0,0.0,0.0,0.0,0.0,0.0,0.0,0.0,0.0,0.0,1.001408649105508,134880,0,0,0,57,WEBER
243,570090,105.0,344.6103713133885,3.2820035363179856,1.0,0.0,0.0,1.0,12.007390333687841,0.0,0.0,0.0,0.0,0.0,0.0,0.0,1.0,1.9947124917382684,0.0,0.0,9.012677841949571,96635,0,0,0,57,WEBER
244,570091,0.0,0.0,0.0,0.0,0.0,0.0,0.0,7.9788499669530735,0.0,0.0,0.0,0.0,0.0,0.0,0.0,0.0,7.9788499669530735,0.0,0.0,0.0,90010,0,0,0,57,WEBER
245,570092,195.0,688.1505240823255,3.5289770465760286,232.0,0.0,119.0,113.0,253.0093196150338,0.0,0.0,109.0,10.0,3.0,53.0,6.0,51.0,4.986781229345671,0.0,0.0,16.022538385688126,90010,0,139,38,57,WEBER
246,570093,32.0,111.30272862295776,3.4782102694674304,0.0,0.0,0.0,0.0,96.99979469640942,0.0,0.0,0.0,0.0,0.0,0.0,0.0,0.0,4.986781229345671,0.0,89.00878751974723,3.004225947316524,134880,0,0,0,57,WEBER
247,570094,360.0,1223.259796308084,3.397943878633567,0.0,0.0,0.0,0.0,43.03400565961341,0.0,0.0,0.0,0.0,0.0,0.0,0.0,0.0,2.9920687376074024,0.0,11.001086097946287,29.040850824059728,134880,0,0,0,57,WEBER
248,570095,91.0,339.2592785911309,3.7281239405618782,0.0,0.0,0.0,0.0,7.009860543738555,0.0,0.0,0.0,0.0,0.0,0.0,0.0,0.0,0.0,0.0,0.0,7.009860543738555,97564,0,0,0,57,WEBER
249,570096,261.0,974.969093995332,3.7355137700970578,0.0,0.0,0.0,0.0,21.029581631215667,0.0,0.0,0.0,0.0,0.0,0.0,0.0,0.0,0.0,0.0,0.0,21.029581631215667,104259,0,0,0,57,WEBER
250,570097,246.0,856.1748355612136,3.4803855104114376,37.0,0.0,0.0,37.0,57.02817298211016,0.0,0.0,0.0,0.0,0.0,29.0,7.0,1.0,0.0,0.0,0.0,20.02817298211016,97564,473,0,0,57,WEBER
251,570098,84.0,261.1333248461702,3.1087300576925023,187.0,0.0,0.0,187.0,194.00986054373857,0.0,0.0,0.0,0.0,0.0,183.0,0.0,4.0,0.0,0.0,0.0,7.009860543738555,105075,0,0,2077,57,WEBER
252,570099,74.0,214.0437088903034,2.892482552571668,969.0,174.0,392.0,403.0,984.9820143533244,48.0,126.0,386.0,6.0,49.0,78.0,6.0,270.0,9.973562458691342,0.0,0.0,6.008451894633048,90010,0,0,0,57,WEBER
253,570100,525.0,1680.243114788882,3.2004630757883468,753.0,26.0,196.0,531.0,853.0579724026987,12.0,14.0,95.0,101.0,0.0,163.0,242.0,126.0,2.9920687376074024,0.0,54.00533175355449,43.06057191153684,90010,0,0,0,57,WEBER
254,570101,286.0,951.4242860173988,3.326658342718177,222.0,13.0,43.0,166.0,249.02182391290322,13.0,0.0,22.0,21.0,4.0,85.0,15.0,62.0,3.9894249834765367,0.0,0.0,23.03239892942668,90010,404,0,0,57,WEBER
255,570102,271.0,855.1046170167622,3.155367590467757,50.0,0.0,0.0,50.0,74.02570277205945,0.0,0.0,0.0,0.0,0.0,0.0,1.0,49.0,1.9947124917382684,0.0,0.0,22.030990280321173,60933,0,0,0,57,WEBER
256,570103,69.0,224.7458943348186,3.257186874417661,2.0,0.0,0.0,2.0,9.005808140502182,0.0,0.0,0.0,0.0,0.0,0.0,0.0,2.0,0.9973562458691342,0.0,0.0,6.008451894633048,60933,0,0,0,57,WEBER
257,570104,375.0,1133.3614385741566,3.0222971695310843,237.0,25.0,133.0,79.0,270.038380614009,25.0,0.0,0.0,133.0,0.0,28.0,23.0,28.0,1.9947124917382684,0.0,0.0,31.043668122270745,63255,0,0,0,57,WEBER
258,570105,2.0,6.421311266709102,3.210655633354551,152.0,4.0,56.0,92.0,153.99471249173826,4.0,0.0,21.0,35.0,2.0,8.0,24.0,58.0,1.9947124917382684,0.0,0.0,0.0,90010,0,0,0,57,WEBER
259,570106,137.0,452.70244430299175,3.3043974036714725,9.0,1.0,1.0,7.0,21.012851386029723,1.0,0.0,0.0,1.0,0.0,1.0,0.0,6.0,0.9973562458691342,0.0,0.0,11.015495140160589,60933,0,0,0,57,WEBER
260,570107,0.0,0.0,0.0,0.0,0.0,0.0,0.0,0.0,0.0,0.0,0.0,0.0,0.0,0.0,0.0,0.0,0.0,0.0,0.0,0.0,93399,0,0,0,57,WEBER
261,570108,38.0,118.7942584341184,3.126164695634695,0.0,0.0,0.0,0.0,3.004225947316524,0.0,0.0,0.0,0.0,0.0,0.0,0.0,0.0,0.0,0.0,0.0,3.004225947316524,111812,0,0,0,57,WEBER
262,570109,41.0,130.5666624230851,3.1845527420264657,0.0,0.0,0.0,0.0,3.004225947316524,0.0,0.0,0.0,0.0,0.0,0.0,0.0,0.0,0.0,0.0,0.0,3.004225947316524,111812,0,0,0,57,WEBER
263,570110,283.0,987.8117165287504,3.490500765119259,7.0,3.0,1.0,3.0,166.04582704948984,3.0,0.0,0.0,1.0,1.0,0.0,0.0,2.0,0.0,0.0,136.01342812006317,23.03239892942668,93800,0,0,0,57,WEBER
264,570111,576.0,1930.6742541905369,3.3518650246363486,0.0,0.0,0.0,0.0,69.06837870385144,0.0,0.0,0.0,0.0,0.0,0.0,0.0,0.0,0.0,0.0,22.002172195892573,47.06620650795887,94584,0,0,0,57,WEBER
265,570112,300.0,981.3904052620412,3.2713013508734705,145.0,5.0,3.0,137.0,170.0352162276377,5.0,0.0,0.0,3.0,17.0,97.0,3.0,20.0,0.0,0.0,0.0,25.035216227637697,105281,789,0,0,57,WEBER
266,570113,166.0,626.0778485041375,3.771553304241792,12.0,0.0,2.0,10.0,32.01757101423092,0.0,0.0,0.0,2.0,1.0,0.0,7.0,2.0,0.9973562458691342,0.0,5.000493680884675,14.01972108747711,94424,0,0,0,57,WEBER
267,570114,237.0,845.4726501166986,3.567395148171724,0.0,0.0,0.0,0.0,19.02676433300465,0.0,0.0,0.0,0.0,0.0,0.0,0.0,0.0,0.0,0.0,0.0,19.02676433300465,97076,0,0,0,57,WEBER
268,570115,125.0,409.89370252493103,3.279149620199448,0.0,0.0,0.0,0.0,10.014086491055078,0.0,0.0,0.0,0.0,0.0,0.0,0.0,0.0,0.0,0.0,0.0,10.014086491055078,105241,0,0,0,57,WEBER
269,570116,106.0,337.1188415022279,3.180366429266301,71.0,1.0,3.0,67.0,83.00474657955697,1.0,0.0,3.0,0.0,2.0,0.0,56.0,9.0,2.9920687376074024,0.0,0.0,9.012677841949571,60933,0,0,0,57,WEBER
270,570117,64.0,201.2010863568852,3.1437669743263315,392.0,272.0,0.0,120.0,604.027481634153,157.0,115.0,0.0,0.0,11.0,1.0,4.0,104.0,0.0,0.0,207.02043838862556,5.007043245527539,60933,0,0,0,57,WEBER
271,570118,321.0,1041.322643751326,3.2439957749262494,81.0,2.0,0.0,79.0,107.0366248767432,1.0,1.0,0.0,0.0,2.0,61.0,9.0,7.0,0.0,0.0,0.0,26.036624876743204,68928,554,0,0,57,WEBER
272,570119,174.0,612.1650074262678,3.518189697852114,13.0,0.0,0.0,13.0,27.01972108747711,0.0,0.0,0.0,0.0,0.0,12.0,0.0,1.0,0.0,0.0,0.0,14.01972108747711,79703,0,913,0,57,WEBER
273,570120,242.0,814.4363123276045,3.3654393071388613,0.0,0.0,0.0,0.0,20.02817298211016,0.0,0.0,0.0,0.0,0.0,0.0,0.0,0.0,0.0,0.0,0.0,20.02817298211016,74199,0,0,0,57,WEBER
274,570121,506.0,1573.22126034373,3.1091329255804943,1.0,0.0,0.0,1.0,138.06449079600378,0.0,0.0,0.0,0.0,0.0,0.0,0.0,1.0,0.9973562458691342,0.0,95.00937993680884,41.05775461332582,82716,0,0,0,57,WEBER
275,570122,0.0,0.0,0.0,0.0,0.0,0.0,0.0,0.0,0.0,0.0,0.0,0.0,0.0,0.0,0.0,0.0,0.0,0.0,0.0,0.0,111812,0,0,0,57,WEBER
276,570123,909.0,2634.878056439635,2.8986557276563643,286.0,60.0,2.0,224.0,363.09630877141495,24.0,36.0,1.0,1.0,1.0,64.0,68.0,91.0,2.9920687376074024,0.0,0.0,74.10424003380759,63002,364,53,0,57,WEBER
277,570124,78.0,154.1114704010185,1.9757880820643392,97.0,35.0,2.0,60.0,104.00580814050218,30.0,5.0,1.0,1.0,2.0,13.0,2.0,43.0,0.9973562458691342,0.0,0.0,6.008451894633048,60933,0,0,0,57,WEBER
278,570125,594.0,1727.3327307447487,2.9079675601763446,874.0,394.0,0.0,480.0,1160.086939299488,303.0,91.0,0.0,0.0,1.0,269.0,116.0,94.0,1.9947124917382684,0.0,235.02320300157976,49.06902380616989,77863,0,0,0,57,WEBER
279,570126,103.0,324.2762189688097,3.148312805522424,70.0,1.0,0.0,69.0,81.00333793045147,1.0,0.0,0.0,0.0,1.0,16.0,50.0,2.0,2.9920687376074024,0.0,0.0,8.011269192844063,77863,0,0,0,57,WEBER
280,570127,123.0,378.85736473583705,3.0801411767141222,0.0,0.0,0.0,0.0,11.011442736924213,0.0,0.0,0.0,0.0,0.0,0.0,0.0,0.0,0.9973562458691342,0.0,0.0,10.014086491055078,68585,0,0,0,57,WEBER
281,570128,243.0,749.1529811160619,3.0829340786669217,14.0,0.0,0.0,14.0,39.01495421145583,0.0,0.0,0.0,0.0,3.0,0.0,7.0,4.0,4.986781229345671,0.0,0.0,20.02817298211016,82256,0,0,0,57,WEBER
282,570129,444.0,1384.8627965202631,3.1190603525231158,188.0,40.0,19.0,129.0,428.05988358666184,33.0,7.0,5.0,14.0,2.0,32.0,3.0,92.0,3.9894249834765367,0.0,200.01974723538703,36.050711367798286,75400,0,0,0,57,WEBER
283,570130,459.0,1353.8264587311692,2.949512981985118,240.0,83.0,1.0,156.0,278.0535286660093,15.0,68.0,0.0,1.0,2.0,104.0,3.0,47.0,0.0,0.0,0.0,38.0535286660093,71576,515,0,0,57,WEBER
284,570131,322.0,1004.9352132399746,3.120916811304269,2.0,1.0,0.0,1.0,29.03398112261234,1.0,0.0,0.0,0.0,0.0,0.0,0.0,1.0,0.9973562458691342,0.0,0.0,26.036624876743204,71576,0,0,0,57,WEBER
285,570132,40.0,98.46010608953958,2.4615026522384893,10.0,0.0,0.0,10.0,15.996294684923926,0.0,0.0,0.0,0.0,2.0,0.0,0.0,8.0,2.9920687376074024,0.0,0.0,3.004225947316524,76600,0,0,0,57,WEBER
286,570133,170.0,526.5475238701464,3.097338375706744,132.0,0.0,0.0,132.0,148.01443357921536,0.0,0.0,0.0,0.0,69.0,0.0,56.0,7.0,1.9947124917382684,0.0,0.0,14.01972108747711,43190,0,0,0,57,WEBER
287,570134,124.0,354.2423382134522,2.856793050108485,0.0,0.0,0.0,0.0,11.011442736924213,0.0,0.0,0.0,0.0,0.0,0.0,0.0,0.0,0.9973562458691342,0.0,0.0,10.014086491055078,79548,0,0,0,57,WEBER
288,570135,922.0,2894.9411627413538,3.139849417289972,272.0,13.0,24.0,235.0,349.1003611746513,1.0,12.0,0.0,24.0,2.0,182.0,27.0,24.0,1.9947124917382684,0.0,0.0,75.10564868291308,63006,860,1052,0,57,WEBER
289,570136,38.0,111.30272862295776,2.9290191742883622,4.0,0.0,1.0,3.0,9.996294684923926,0.0,0.0,0.0,1.0,0.0,0.0,0.0,3.0,2.9920687376074024,0.0,0.0,3.004225947316524,71352,0,0,0,57,WEBER
290,570137,111.0,345.68058985784,3.114239548268829,0.0,0.0,0.0,0.0,11.00739033368784,0.0,0.0,0.0,0.0,0.0,0.0,0.0,0.0,1.9947124917382684,0.0,0.0,9.012677841949571,77602,0,0,0,57,WEBER
291,570138,416.0,1243.593948652663,2.989408530415055,14.0,0.0,0.0,14.0,48.047894069587265,0.0,0.0,0.0,0.0,1.0,0.0,1.0,12.0,0.0,0.0,0.0,34.047894069587265,75400,0,0,0,57,WEBER
292,570139,142.0,391.6999872692553,2.75845061457222,169.0,60.0,2.0,107.0,374.0140199489522,54.0,6.0,0.0,2.0,0.0,12.0,23.0,72.0,7.9788499669530735,0.0,185.018266192733,12.016903789266095,69984,0,0,0,57,WEBER
293,570140,332.0,1039.1822066624231,3.130066887537419,187.0,16.0,22.0,149.0,216.03274601758696,16.0,0.0,0.0,22.0,3.0,25.0,1.0,120.0,1.9947124917382684,0.0,0.0,27.03803352584871,75400,0,0,0,57,WEBER
294,570141,206.0,637.8502524931042,3.0963604489956515,1459.0,808.0,9.0,642.0,1479.016015772401,657.0,151.0,2.0,7.0,6.0,180.0,10.0,446.0,2.9920687376074024,0.0,0.0,17.023947034793633,68722,328,50,0,57,WEBER
295,570142,7.0,16.053278166772756,2.293325452396108,0.0,0.0,0.0,0.0,4.990833632582045,0.0,0.0,0.0,0.0,0.0,0.0,0.0,0.0,3.9894249834765367,0.0,0.0,1.001408649105508,66478,0,0,0,57,WEBER
296,570143,9.0,19.263933800127308,2.140437088903034,0.0,0.0,0.0,0.0,8.980258616058581,0.0,0.0,0.0,0.0,0.0,0.0,0.0,0.0,7.9788499669530735,0.0,0.0,1.001408649105508,80917,0,0,0,57,WEBER
297,570144,39.0,110.23251007850628,2.8264746173975968,0.0,0.0,0.0,0.0,21.953994618830073,0.0,0.0,0.0,0.0,0.0,0.0,0.0,0.0,18.94976867151355,0.0,0.0,3.004225947316524,80917,0,0,0,57,WEBER
298,570145,28.0,70.63442393380012,2.522657997635718,0.0,0.0,0.0,0.0,8.984311019294957,0.0,0.0,0.0,0.0,0.0,0.0,0.0,0.0,6.98149372108394,0.0,0.0,2.002817298211016,66478,0,0,0,57,WEBER
299,570146,17.0,35.31721196690006,2.077483056876474,113.0,49.0,47.0,17.0,117.99083363258205,35.0,14.0,0.0,47.0,4.0,3.0,0.0,10.0,3.9894249834765367,0.0,0.0,1.001408649105508,66478,0,0,0,57,WEBER
300,570147,5.0,18.19371525567579,3.638743051135158,327.0,0.0,2.0,325.0,332.9841374752148,0.0,0.0,1.0,1.0,0.0,148.0,1.0,176.0,5.984137475214805,0.0,0.0,0.0,77602,357,215,212,57,WEBER
301,570148,11.0,36.38743051135158,3.307948228304689,0.0,0.0,0.0,0.0,3.9934773867129105,0.0,0.0,0.0,0.0,0.0,0.0,0.0,0.0,2.9920687376074024,0.0,0.0,1.001408649105508,77602,0,0,0,57,WEBER
302,570149,64.0,171.23496711224274,2.675546361128793,2.0,1.0,1.0,0.0,18.97531819595715,1.0,0.0,0.0,1.0,0.0,0.0,0.0,0.0,11.96827495042961,0.0,0.0,5.007043245527539,80917,0,0,0,57,WEBER
303,570150,47.0,155.18168894546997,3.301738062669574,101.0,28.0,0.0,73.0,107.99770333402942,5.0,23.0,0.0,0.0,27.0,2.0,28.0,16.0,2.9920687376074024,0.0,0.0,4.005634596422032,80917,0,0,0,57,WEBER
304,570151,60.0,194.7797750901761,3.2463295848362685,29.0,0.0,0.0,29.0,39.99118072074235,0.0,0.0,0.0,0.0,0.0,29.0,0.0,0.0,5.984137475214805,0.0,0.0,5.007043245527539,77602,439,0,0,57,WEBER
305,570152,2.0,3.0,1.5,0.0,0.0,0.0,0.0,9.973562458691342,0.0,0.0,0.0,0.0,0.0,0.0,0.0,0.0,9.973562458691342,0.0,0.0,0.0,80917,0,0,0,57,WEBER
306,570153,25.0,73.84507956715468,2.9538031826861872,0.0,0.0,0.0,0.0,9.98166726516409,0.0,0.0,0.0,0.0,0.0,0.0,0.0,0.0,7.9788499669530735,0.0,0.0,2.002817298211016,80917,0,0,0,57,WEBER
307,570154,86.0,303.94206662423085,3.53421007702594,0.0,0.0,0.0,0.0,14.988710510691629,0.0,0.0,0.0,0.0,0.0,0.0,0.0,0.0,7.9788499669530735,0.0,0.0,7.009860543738555,80917,0,0,0,57,WEBER
308,570155,38.0,149.83059622321238,3.9429104269266415,359.0,273.0,12.0,74.0,366.9910071766622,264.0,9.0,2.0,10.0,1.0,22.0,0.0,51.0,4.986781229345671,0.0,0.0,3.004225947316524,80917,0,0,0,57,WEBER
309,570156,163.0,524.4070867812434,3.2172213912959715,159.0,10.0,81.0,68.0,180.9945186511938,1.0,9.0,75.0,6.0,9.0,27.0,0.0,32.0,8.976206212822207,0.0,0.0,13.018312438371602,77602,0,0,0,57,WEBER
310,570157,0.0,0.0,0.0,149.0,39.0,76.0,34.0,149.99735624586913,39.0,0.0,11.0,65.0,0.0,5.0,0.0,29.0,0.9973562458691342,0.0,0.0,0.0,80917,0,0,0,57,WEBER
311,570158,29.0,78.12595374496075,2.6939984049986467,1556.0,201.0,238.0,1117.0,1662.0021158993811,84.0,117.0,177.0,61.0,186.0,394.0,31.0,506.0,3.9894249834765367,0.0,100.00987361769351,2.002817298211016,77602,0,0,494,57,WEBER
312,570159,429.0,1360.2477699978783,3.170740722605777,407.0,0.0,0.0,407.0,448.0334401939076,0.0,0.0,0.0,0.0,0.0,38.0,222.0,147.0,5.984137475214805,0.0,0.0,35.04930271869277,41462,0,0,0,57,WEBER
313,570160,669.0,1951.008406535116,2.9163055404112344,15.0,3.0,0.0,12.0,70.07747570080294,0.0,3.0,0.0,0.0,0.0,6.0,6.0,0.0,0.0,0.0,0.0,55.077475700802935,43190,548,0,0,57,WEBER
314,570161,592.0,1755.158412900488,2.9647946163859595,10.0,1.0,3.0,6.0,59.064971402933516,1.0,0.0,0.0,3.0,2.0,0.0,0.0,4.0,0.9973562458691342,0.0,0.0,48.06761515706438,79834,0,0,0,57,WEBER
315,570162,0.0,0.0,0.0,479.0,0.0,369.0,110.0,2445.1941153238545,0.0,0.0,8.0,361.0,2.0,78.0,0.0,30.0,0.0,0.0,1966.1941153238545,0.0,41462,0,0,0,57,WEBER
316,570163,1110.0,3425.769560789306,3.0862788835939696,178.0,2.0,0.0,176.0,269.1281870686012,2.0,0.0,0.0,0.0,0.0,16.0,113.0,47.0,0.0,0.0,0.0,91.12818706860122,43476,0,0,0,57,WEBER
317,570164,503.0,1509.008147676639,3.0000161981642925,13.0,0.0,0.0,13.0,54.05775461332582,0.0,0.0,0.0,0.0,0.0,0.0,7.0,6.0,0.0,0.0,0.0,41.05775461332582,65873,0,0,0,57,WEBER
318,570165,107.0,318.9251262465521,2.980608656509833,0.0,0.0,0.0,0.0,9.012677841949571,0.0,0.0,0.0,0.0,0.0,0.0,0.0,0.0,0.0,0.0,0.0,9.012677841949571,61741,0,0,0,57,WEBER
319,570166,0.0,0.0,0.0,2120.0,120.0,1337.0,663.0,2120.0,94.0,26.0,878.0,459.0,168.0,229.0,24.0,242.0,0.0,0.0,0.0,0.0,41462,0,0,0,57,WEBER
320,570167,587.0,1864.320704434543,3.1760148286789485,22.0,0.0,0.0,22.0,72.06232764880265,0.0,0.0,0.0,0.0,0.0,14.0,0.0,8.0,1.9947124917382684,0.0,0.0,48.06761515706438,66407,376,0,0,57,WEBER
321,570168,521.0,1636.3641544663697,3.140814116058291,31.0,0.0,0.0,31.0,75.05792815740597,0.0,0.0,0.0,0.0,0.0,29.0,0.0,2.0,0.9973562458691342,0.0,0.0,43.06057191153684,71102,0,0,0,57,WEBER
322,570169,285.0,860.4557097390198,3.019142841189543,258.0,124.0,2.0,132.0,292.033485027373,116.0,8.0,0.0,2.0,11.0,30.0,1.0,90.0,0.0,0.0,11.001086097946287,23.03239892942668,34275,0,0,0,57,WEBER
323,570170,369.0,947.1434118395928,2.5667843139284354,280.0,81.0,42.0,157.0,310.04225947316525,81.0,0.0,0.0,42.0,7.0,40.0,3.0,107.0,0.0,0.0,0.0,30.042259473165235,32841,0,0,0,57,WEBER
324,570171,384.0,1028.480021217908,2.678333388588302,805.0,165.0,11.0,629.0,838.038380614009,165.0,0.0,11.0,0.0,0.0,546.0,5.0,78.0,1.9947124917382684,0.0,0.0,31.043668122270745,32841,0,0,0,57,WEBER
325,570172,411.0,1317.4390282198176,3.205447757225833,0.0,0.0,0.0,0.0,34.047894069587265,0.0,0.0,0.0,0.0,0.0,0.0,0.0,0.0,0.0,0.0,0.0,34.047894069587265,57133,0,0,0,57,WEBER
326,570173,0.0,0.0,0.0,4238.0,868.0,1072.0,2298.0,4239.994712491738,868.0,0.0,899.0,173.0,221.0,525.0,31.0,1521.0,1.9947124917382684,0.0,0.0,0.0,41462,0,0,13,57,WEBER
327,570174,489.0,1519.7103331211542,3.107792092272299,96.0,0.0,35.0,61.0,138.05105845595858,0.0,0.0,1.0,34.0,1.0,50.0,3.0,7.0,1.9947124917382684,0.0,0.0,40.05634596422031,71102,693,0,0,57,WEBER
328,570175,324.0,1044.5332993846807,3.223868207977409,377.0,123.0,9.0,245.0,421.038402127928,49.0,74.0,0.0,9.0,36.0,8.0,26.0,175.0,0.0,0.0,18.001777251184834,26.036624876743204,34275,0,0,0,57,WEBER
329,570176,769.0,1986.325618502016,2.5829982035136747,304.0,109.0,2.0,193.0,367.088744893647,106.0,3.0,2.0,0.0,15.0,105.0,6.0,67.0,0.0,0.0,0.0,63.088744893647,46053,462,839,0,57,WEBER
330,570177,395.0,1230.7513261192446,3.1158261420740367,106.0,37.0,5.0,64.0,138.04507677137624,37.0,0.0,0.0,5.0,0.0,53.0,2.0,9.0,0.0,0.0,0.0,32.04507677137625,55023,392,0,0,57,WEBER
331,570178,277.0,734.1699214937407,2.6504329295802918,284.0,0.0,0.0,284.0,307.0323989294267,0.0,0.0,0.0,0.0,0.0,277.0,5.0,2.0,0.0,0.0,0.0,23.03239892942668,67626,435,0,0,57,WEBER
332,570179,315.0,876.5089879057925,2.7825682155739444,34.0,1.0,6.0,27.0,60.036624876743204,1.0,0.0,2.0,4.0,3.0,2.0,3.0,19.0,0.0,0.0,0.0,26.036624876743204,47967,0,0,0,57,WEBER
333,570180,524.0,1664.1898366221092,3.175934802713949,833.0,195.0,142.0,496.0,876.0605719115368,167.0,28.0,121.0,21.0,17.0,142.0,6.0,331.0,0.0,0.0,0.0,43.06057191153684,71102,0,0,0,57,WEBER
334,570181,250.0,761.9956036494801,3.0479824145979206,1121.0,546.0,6.0,569.0,1141.0281729821102,268.0,278.0,4.0,2.0,2.0,30.0,43.0,494.0,0.0,0.0,0.0,20.02817298211016,31607,0,0,0,57,WEBER
335,570182,591.0,1556.0977636325058,2.632991139818115,435.0,273.0,1.0,161.0,483.0676151570644,18.0,255.0,1.0,0.0,2.0,21.0,25.0,113.0,0.0,0.0,0.0,48.06761515706438,50524,0,0,0,57,WEBER
336,570183,221.0,569.3562656482071,2.576272695240756,265.0,6.0,2.0,257.0,283.02535568389914,6.0,0.0,0.0,2.0,1.0,169.0,50.0,37.0,0.0,0.0,0.0,18.025355683899143,39176,0,0,0,57,WEBER
337,570184,312.0,819.7874050498621,2.627523734134173,165.0,1.0,2.0,162.0,191.0366248767432,1.0,0.0,0.0,2.0,0.0,82.0,76.0,4.0,0.0,0.0,0.0,26.036624876743204,62358,0,0,1223,57,WEBER
338,570185,466.0,1254.296134097178,2.6916226053587518,6.0,0.0,0.0,6.0,44.0535286660093,0.0,0.0,0.0,0.0,0.0,0.0,1.0,5.0,0.0,0.0,0.0,38.0535286660093,67311,0,0,0,57,WEBER
339,570186,3.0,11.772403988966689,3.924134662988896,764.0,22.0,166.0,576.0,764.0,21.0,1.0,150.0,16.0,12.0,307.0,1.0,256.0,0.0,0.0,0.0,0.0,77602,0,0,0,57,WEBER
340,570187,21.0,67.42376830044557,3.210655633354551,2766.0,399.0,1853.0,514.0,2768.002817298211,283.0,116.0,1780.0,73.0,10.0,132.0,56.0,316.0,0.0,0.0,0.0,2.002817298211016,28702,0,0,0,57,WEBER
341,570188,85.0,250.431139401655,2.946248698843,393.0,173.0,9.0,211.0,400.00986054373857,122.0,51.0,2.0,7.0,33.0,114.0,18.0,46.0,0.0,0.0,0.0,7.009860543738555,28702,736,324,0,57,WEBER
342,570189,217.0,668.8865902821982,3.0824266833281024,73.0,73.0,0.0,0.0,91.02535568389914,1.0,72.0,0.0,0.0,0.0,0.0,0.0,0.0,0.0,0.0,0.0,18.025355683899143,38613,0,0,0,57,WEBER
343,570190,140.0,412.0341396138341,2.943100997241672,217.0,135.0,4.0,78.0,228.0154951401606,25.0,110.0,0.0,4.0,14.0,9.0,3.0,52.0,0.0,0.0,0.0,11.015495140160589,37980,0,0,0,57,WEBER
344,570191,351.0,935.371007850626,2.6648746662411,336.0,164.0,14.0,158.0,380.0423318667137,76.0,88.0,11.0,3.0,3.0,28.0,5.0,122.0,0.0,0.0,15.001481042654026,29.040850824059728,33182,0,0,0,57,WEBER
345,570192,232.0,614.3054445151708,2.647868295324012,64.0,0.0,0.0,64.0,83.02676433300465,0.0,0.0,0.0,0.0,0.0,0.0,64.0,0.0,0.0,0.0,0.0,19.02676433300465,63799,0,0,0,57,WEBER
346,570193,371.0,974.969093995332,2.627949040418685,143.0,26.0,5.0,112.0,173.04225947316525,2.0,24.0,0.0,5.0,0.0,86.0,26.0,0.0,0.0,0.0,0.0,30.042259473165235,44259,0,716,0,57,WEBER
347,570194,683.0,1751.9477572671335,2.5650772434365057,331.0,240.0,3.0,88.0,411.0812540181549,240.0,0.0,1.0,2.0,0.0,16.0,0.0,72.0,0.0,0.0,24.002369668246445,56.07888434990844,44259,0,0,0,57,WEBER
348,570195,197.0,449.4917886696372,2.281684206444859,295.0,127.0,2.0,166.0,311.0225383856881,27.0,100.0,1.0,1.0,1.0,26.0,5.0,134.0,0.0,0.0,0.0,16.022538385688126,69985,0,0,0,57,WEBER
349,570196,154.0,436.649166136219,2.8353841956897337,0.0,0.0,0.0,0.0,13.018312438371602,0.0,0.0,0.0,0.0,0.0,0.0,0.0,0.0,0.0,0.0,0.0,13.018312438371602,67576,0,0,0,57,WEBER
350,570197,229.0,664.6057161043922,2.9022083672680883,44.0,2.0,0.0,42.0,63.02676433300465,2.0,0.0,0.0,0.0,0.0,0.0,0.0,42.0,0.0,0.0,0.0,19.02676433300465,44259,0,0,0,57,WEBER
351,570198,3.0,9.631966900063654,3.2106556333545515,97.0,1.0,83.0,13.0,696.0591429699841,0.0,1.0,14.0,69.0,1.0,7.0,0.0,5.0,0.0,0.0,599.0591429699841,0.0,77602,0,0,0,57,WEBER
352,570199,33.0,89.89835773392744,2.7241926586038616,190.0,2.0,178.0,10.0,193.0042259473165,2.0,0.0,6.0,172.0,0.0,3.0,0.0,7.0,0.0,0.0,0.0,3.004225947316524,28702,0,0,0,57,WEBER
353,570200,23.0,50.3002715892213,2.1869683299661435,754.0,474.0,2.0,278.0,756.002817298211,473.0,1.0,1.0,1.0,1.0,99.0,0.0,178.0,0.0,0.0,0.0,2.002817298211016,31804,0,0,0,57,WEBER
354,570201,15.0,42.808741778060686,2.853916118537379,126.0,25.0,6.0,95.0,127.00140864910551,22.0,3.0,0.0,6.0,12.0,16.0,0.0,67.0,0.0,0.0,0.0,1.001408649105508,31804,0,0,0,57,WEBER
355,570202,18.0,39.59808614470613,2.199893674705896,82.0,35.0,35.0,12.0,83.00140864910551,35.0,0.0,11.0,24.0,0.0,10.0,0.0,2.0,0.0,0.0,0.0,1.001408649105508,47780,0,0,0,57,WEBER
356,570203,256.0,500.86227880331,1.9564932765754297,71.0,18.0,1.0,52.0,92.02958163121566,9.0,9.0,0.0,1.0,8.0,9.0,0.0,35.0,0.0,0.0,0.0,21.029581631215667,31804,0,0,0,57,WEBER
357,570204,46.0,140.19862932314874,3.047796289633668,1.0,0.0,1.0,0.0,5.005634596422032,0.0,0.0,0.0,1.0,0.0,0.0,0.0,0.0,0.0,0.0,0.0,4.005634596422032,47780,0,0,0,57,WEBER
358,570205,71.0,145.54972204540633,2.049996085146568,166.0,134.0,0.0,32.0,172.00845189463305,24.0,110.0,0.0,0.0,2.0,6.0,0.0,24.0,0.0,0.0,0.0,6.008451894633048,31804,0,0,0,57,WEBER
359,570206,97.0,232.2374241459792,2.394200248927621,74.0,14.0,3.0,57.0,131.01610726551388,10.0,4.0,1.0,2.0,4.0,3.0,0.0,50.0,0.0,0.0,49.00483807266982,8.011269192844063,47780,0,0,0,57,WEBER
360,570207,363.0,810.1554381497984,2.2318331629471038,208.0,42.0,0.0,166.0,238.04225947316525,0.0,42.0,0.0,0.0,0.0,0.0,0.0,166.0,0.0,0.0,0.0,30.042259473165235,30412,0,0,0,57,WEBER
361,570208,159.0,404.54260980267344,2.5442931434130407,310.0,0.0,0.0,310.0,323.0183124383716,0.0,0.0,0.0,0.0,1.0,305.0,4.0,0.0,0.0,0.0,0.0,13.018312438371602,53605,0,0,0,57,WEBER
362,570209,297.0,770.5573520050923,2.5944691986703443,371.0,157.0,3.0,211.0,395.0338075785322,114.0,43.0,0.0,3.0,53.0,73.0,0.0,85.0,0.0,0.0,0.0,24.03380757853219,69985,354,0,0,57,WEBER
363,570210,223.0,542.6008020369192,2.433187453080355,0.0,0.0,0.0,0.0,26.026145573314622,0.0,0.0,0.0,0.0,0.0,0.0,0.0,0.0,0.0,0.0,8.000789889415481,18.025355683899143,57928,0,0,0,57,WEBER
364,570211,2.0,7.4915298111606194,3.7457649055803097,559.0,72.0,346.0,141.0,559.0,18.0,54.0,98.0,248.0,7.0,65.0,23.0,46.0,0.0,0.0,0.0,0.0,60702,0,0,0,57,WEBER
365,570212,1.0,1.0,1.0,271.0,0.0,177.0,94.0,271.9973562458691,0.0,0.0,8.0,169.0,1.0,64.0,0.0,29.0,0.9973562458691342,0.0,0.0,0.0,49643,0,0,0,57,WEBER
366,570213,108.0,271.83551029068536,2.516995465654494,989.0,0.0,340.0,649.0,1010.0138626760728,0.0,0.0,201.0,139.0,0.0,18.0,0.0,631.0,0.0,0.0,12.001184834123222,9.012677841949571,49643,0,0,0,57,WEBER
367,570214,6.0,11.772403988966689,1.962067331494448,84.0,5.0,20.0,59.0,84.0,5.0,0.0,17.0,3.0,1.0,15.0,0.0,43.0,0.0,0.0,0.0,0.0,31804,0,0,0,57,WEBER
368,570215,80.0,157.322126034373,1.9665265754296624,78.0,14.0,13.0,51.0,85.00986054373855,11.0,3.0,2.0,11.0,3.0,1.0,0.0,47.0,0.0,0.0,0.0,7.009860543738555,31804,0,0,0,57,WEBER
369,570216,0.0,0.0,0.0,1475.0,78.0,29.0,1368.0,1475.0,0.0,78.0,23.0,6.0,214.0,51.0,28.0,1075.0,0.0,0.0,0.0,0.0,31804,0,0,0,57,WEBER
370,570217,35.0,65.28333121154255,1.8652380346155013,320.0,22.0,44.0,254.0,527.0243681274113,3.0,19.0,0.0,44.0,16.0,25.0,0.0,213.0,0.0,0.0,204.02014218009475,3.004225947316524,31804,0,0,0,57,WEBER
371,570218,22.0,31.0,1.4090909090909092,972.0,14.0,40.0,918.0,1017.0070629538192,9.0,5.0,33.0,7.0,72.0,41.0,30.0,775.0,0.0,0.0,43.00424565560821,2.002817298211016,31804,0,0,0,57,WEBER
372,570219,293.0,575.7775769149162,1.9651111840099529,1130.0,223.0,0.0,907.0,1154.033807578532,182.0,41.0,0.0,0.0,126.0,468.0,0.0,313.0,0.0,0.0,0.0,24.03380757853219,31804,747,293,229,57,WEBER
373,570220,208.0,415.2447952471886,1.996369207919176,2105.0,229.0,15.0,1861.0,2122.0239470347938,53.0,176.0,15.0,0.0,653.0,238.0,68.0,902.0,0.0,0.0,0.0,17.023947034793633,31804,0,0,0,57,WEBER
374,570221,251.0,505.1431529811161,2.012522521837116,17.0,3.0,0.0,14.0,38.02958163121566,0.0,3.0,0.0,0.0,1.0,2.0,0.0,11.0,0.0,0.0,0.0,21.029581631215667,31804,0,0,0,57,WEBER
375,570222,248.0,479.4579079142797,1.9332980157833857,1097.0,64.0,4.0,1029.0,1117.0281729821102,26.0,38.0,4.0,0.0,252.0,360.0,167.0,250.0,0.0,0.0,0.0,20.02817298211016,30513,0,0,0,57,WEBER
376,570223,102.0,230.09698705707615,2.2558528142850607,217.0,39.0,3.0,175.0,415.03002906646174,30.0,9.0,1.0,2.0,5.0,7.0,2.0,161.0,0.0,0.0,190.01875987361768,8.011269192844063,30591,0,0,0,57,WEBER
377,570224,640.0,1496.165525143221,2.337758633036283,222.0,0.0,4.0,218.0,274.0732497534864,0.0,0.0,1.0,3.0,24.0,10.0,121.0,63.0,0.0,0.0,0.0,52.07324975348641,21759,0,0,0,57,WEBER
378,570225,304.0,675.3079015489072,2.2214075708845638,97.0,0.0,1.0,96.0,122.0352162276377,0.0,0.0,0.0,1.0,0.0,83.0,2.0,11.0,0.0,0.0,0.0,25.035216227637697,30412,707,0,0,57,WEBER
379,570226,699.0,1791.5458434118395,2.563012651519084,18.0,1.0,0.0,17.0,75.08029299901395,1.0,0.0,0.0,0.0,5.0,2.0,2.0,8.0,0.0,0.0,0.0,57.08029299901395,32903,0,0,0,57,WEBER
380,570227,446.0,1179.3808359855718,2.644351650191865,24.0,2.0,0.0,22.0,60.050711367798286,2.0,0.0,0.0,0.0,1.0,17.0,0.0,4.0,0.0,0.0,0.0,36.050711367798286,53605,0,0,0,57,WEBER
381,570228,350.0,799.4532527052833,2.2841521505865234,29.0,20.0,0.0,9.0,58.04085082405973,20.0,0.0,0.0,0.0,5.0,1.0,1.0,2.0,0.0,0.0,0.0,29.040850824059728,60224,0,0,0,57,WEBER
382,570229,136.0,325.3464375132612,2.3922532170092734,0.0,0.0,0.0,0.0,11.015495140160589,0.0,0.0,0.0,0.0,0.0,0.0,0.0,0.0,0.0,0.0,0.0,11.015495140160589,57928,0,0,0,57,WEBER
383,570230,1.0,1.0,1.0,2204.0,108.0,1389.0,707.0,2260.0055292259085,95.0,13.0,1145.0,244.0,659.0,4.0,25.0,19.0,0.0,0.0,56.00552922590837,0.0,49643,0,0,0,57,WEBER
384,570231,6.0,12.842622533418204,2.140437088903034,909.0,15.0,540.0,354.0,909.0,15.0,0.0,332.0,208.0,50.0,62.0,107.0,135.0,0.0,0.0,0.0,0.0,49643,0,0,0,57,WEBER
385,570232,8.0,20.334152344578825,2.541769043072353,267.0,18.0,178.0,71.0,268.9987648949746,18.0,0.0,115.0,63.0,1.0,30.0,0.0,40.0,0.9973562458691342,0.0,0.0,1.001408649105508,49643,0,0,0,57,WEBER
386,570233,8.0,29.96611924464248,3.7457649055803097,652.0,8.0,573.0,71.0,656.0017048576364,7.0,1.0,167.0,406.0,1.0,32.0,0.0,38.0,0.0,0.0,3.0002962085308056,1.001408649105508,49643,0,0,0,57,WEBER
387,570234,318.0,971.7584383619776,3.055844145792382,254.0,3.0,173.0,78.0,335.04205536647464,3.0,0.0,138.0,35.0,13.0,8.0,10.0,47.0,0.0,0.0,55.00543048973143,26.036624876743204,49643,0,0,0,57,WEBER
388,570235,0.0,0.0,0.0,38.0,1.0,27.0,10.0,38.0,1.0,0.0,2.0,25.0,0.0,0.0,0.0,10.0,0.0,0.0,0.0,0.0,31804,0,0,0,57,WEBER
389,570236,174.0,469.825941014216,2.7001490862885977,219.0,22.0,30.0,167.0,265.022880645139,5.0,17.0,23.0,7.0,27.0,14.0,5.0,121.0,0.0,0.0,32.003159557661924,14.01972108747711,36446,0,0,0,57,WEBER
390,570237,132.0,264.3439804795247,2.002605912723672,951.0,167.0,85.0,699.0,962.0154951401606,40.0,127.0,8.0,77.0,152.0,66.0,119.0,362.0,0.0,0.0,0.0,11.015495140160589,31804,0,0,0,57,WEBER
391,570238,50.0,122.00491406747297,2.440098281349459,475.0,0.0,0.0,475.0,479.00563459642206,0.0,0.0,0.0,0.0,23.0,396.0,4.0,52.0,0.0,0.0,0.0,4.005634596422032,35436,0,0,0,57,WEBER
392,570239,0.0,0.0,0.0,1528.0,424.0,14.0,1090.0,1528.0,33.0,391.0,13.0,1.0,429.0,165.0,96.0,400.0,0.0,0.0,0.0,0.0,31804,0,0,0,57,WEBER
393,570240,141.0,401.3319541693189,2.8463259160944605,548.0,46.0,1.0,501.0,687.0294432837368,39.0,7.0,1.0,0.0,188.0,68.0,16.0,229.0,0.0,0.0,127.01253949447076,12.016903789266095,27413,0,0,0,57,WEBER
394,570241,42.0,81.3366093783153,1.936585937578936,4090.0,55.0,0.0,4035.0,4370.031575868327,4.0,51.0,0.0,0.0,473.0,3507.0,0.0,55.0,0.0,0.0,277.027349921011,3.004225947316524,31804,0,0,0,57,WEBER
395,570242,220.0,576.8477954593677,2.622035433906217,523.0,25.0,5.0,493.0,858.0566550519876,19.0,6.0,0.0,5.0,70.0,71.0,5.0,347.0,0.0,0.0,317.0312993680884,18.025355683899143,26719,0,0,0,57,WEBER
396,570243,314.0,616.4458816040739,1.9632034445989608,1697.0,207.0,1.0,1489.0,2295.09310196995,17.0,190.0,1.0,0.0,487.0,772.0,18.0,212.0,0.0,0.0,572.0564770932069,26.036624876743204,31804,0,0,0,57,WEBER
397,570244,568.0,1411.618260131551,2.485243415724562,219.0,5.0,4.0,210.0,265.06479785885335,1.0,4.0,0.0,4.0,37.0,12.0,92.0,69.0,0.0,0.0,0.0,46.06479785885336,32440,0,0,0,57,WEBER
398,570245,709.0,1622.4513133885,2.2883657452588158,419.0,17.0,1.0,401.0,477.08170164811946,3.0,14.0,1.0,0.0,261.0,66.0,26.0,48.0,0.0,0.0,0.0,58.081701648119456,25250,426,0,0,57,WEBER
399,570246,523.0,1355.966895820072,2.592670928910272,124.0,111.0,0.0,13.0,167.06057191153684,109.0,2.0,0.0,0.0,0.0,2.0,0.0,11.0,0.0,0.0,0.0,43.06057191153684,54074,0,0,0,57,WEBER
400,570247,463.0,1176.1701803522174,2.5403243636117008,351.0,22.0,10.0,319.0,389.0535286660093,20.0,2.0,8.0,2.0,33.0,182.0,3.0,101.0,0.0,0.0,0.0,38.0535286660093,32208,0,0,0,57,WEBER
401,570248,275.0,751.293418204965,2.7319760661998727,83.0,16.0,6.0,61.0,105.03099028032118,0.0,16.0,0.0,6.0,8.0,34.0,1.0,18.0,0.0,0.0,0.0,22.030990280321173,83523,666,0,0,57,WEBER
402,570249,336.0,839.0513388499894,2.4971766037202068,41.0,1.0,0.0,40.0,68.0380335258487,0.0,1.0,0.0,0.0,0.0,0.0,21.0,19.0,0.0,0.0,0.0,27.03803352584871,62434,0,0,0,57,WEBER
403,570250,188.0,483.7387820920857,2.5730786281493923,0.0,0.0,0.0,0.0,18.02142594511342,0.0,0.0,0.0,0.0,0.0,0.0,0.0,0.0,0.0,0.0,3.0002962085308056,15.021129736582616,80777,0,0,0,57,WEBER
404,570251,169.0,430.2278548695099,2.545726951890591,1.0,0.0,1.0,0.0,15.01972108747711,0.0,0.0,0.0,1.0,0.0,0.0,0.0,0.0,0.0,0.0,0.0,14.01972108747711,88144,0,0,0,57,WEBER
405,570252,10.0,24.61502652238489,2.4615026522384893,1123.0,55.0,399.0,669.0,1124.0014086491055,55.0,0.0,125.0,274.0,69.0,129.0,0.0,471.0,0.0,0.0,0.0,1.001408649105508,49643,0,0,0,57,WEBER
406,570253,2.0,10.702185444515171,5.351092722257586,140.0,22.0,21.0,97.0,140.99735624586913,22.0,0.0,12.0,9.0,8.0,23.0,18.0,48.0,0.9973562458691342,0.0,0.0,0.0,49643,0,0,0,57,WEBER
407,570254,0.0,0.0,0.0,255.0,92.0,90.0,73.0,255.0,92.0,0.0,42.0,48.0,6.0,21.0,0.0,46.0,0.0,0.0,0.0,0.0,49643,0,0,0,57,WEBER
408,570255,0.0,0.0,0.0,298.0,0.0,298.0,0.0,298.0,0.0,0.0,0.0,298.0,0.0,0.0,0.0,0.0,0.0,0.0,0.0,0.0,49643,0,0,0,57,WEBER
409,570256,25.0,64.21311266709102,2.568524506683641,1011.0,70.0,797.0,144.0,1040.0054831749883,59.0,11.0,290.0,507.0,15.0,39.0,0.0,90.0,0.0,0.0,27.002665876777247,2.002817298211016,38386,0,0,0,57,WEBER
410,570257,117.0,308.22294080203693,2.634384109419119,200.0,57.0,31.0,112.0,411.0339324626191,56.0,1.0,7.0,24.0,2.0,5.0,4.0,101.0,0.0,0.0,201.01984597156397,10.014086491055078,38386,0,0,0,57,WEBER
411,570258,508.0,1306.7368427753024,2.572316619636422,90.0,11.0,13.0,66.0,482.09372092435865,11.0,0.0,10.0,3.0,12.0,4.0,1.0,49.0,0.0,0.0,350.0345576619273,42.05916326243133,38386,0,0,0,57,WEBER
412,570259,92.0,249.3609208572035,2.710444791926125,722.0,35.0,0.0,687.0,757.0139350696213,29.0,6.0,0.0,0.0,0.0,0.0,0.0,687.0,0.0,0.0,27.002665876777247,8.011269192844063,26382,0,0,0,57,WEBER
413,570260,102.0,283.60791427965205,2.780469747839726,415.0,101.0,20.0,294.0,532.0220314361301,49.0,52.0,1.0,19.0,186.0,14.0,4.0,90.0,0.0,0.0,109.01076224328592,8.011269192844063,26382,0,0,0,57,WEBER
414,570261,70.0,237.5885168682368,3.39412166954624,146.0,13.0,28.0,105.0,152.00845189463305,0.0,13.0,0.0,28.0,19.0,23.0,1.0,62.0,0.0,0.0,0.0,6.008451894633048,26382,0,0,251,57,WEBER
415,570262,391.0,1272.4898493528538,3.254449742590418,51.0,0.0,0.0,51.0,83.04507677137624,0.0,0.0,0.0,0.0,0.0,1.0,0.0,50.0,0.0,0.0,0.0,32.04507677137625,34285,0,0,0,57,WEBER
416,570263,425.0,1311.0177169531084,3.0847475693014315,9.0,4.0,1.0,4.0,44.04930271869277,4.0,0.0,1.0,0.0,0.0,0.0,1.0,3.0,0.0,0.0,0.0,35.04930271869277,30060,0,0,0,57,WEBER
417,570264,365.0,1088.4122597071928,2.9819513964580624,331.0,97.0,1.0,233.0,361.04225947316525,64.0,33.0,0.0,1.0,34.0,25.0,148.0,26.0,0.0,0.0,0.0,30.042259473165235,49860,0,0,0,57,WEBER
418,570265,404.0,1229.681107574793,3.0437651177593885,84.0,4.0,0.0,80.0,117.04648542048176,4.0,0.0,0.0,0.0,3.0,3.0,16.0,58.0,0.0,0.0,0.0,33.04648542048176,56499,0,0,0,57,WEBER
419,570266,479.0,1187.942584341184,2.4800471489377536,9.0,0.0,0.0,9.0,48.054937315114806,0.0,0.0,0.0,0.0,1.0,0.0,6.0,2.0,0.0,0.0,0.0,39.054937315114806,30663,0,0,0,57,WEBER
420,570267,140.0,353.17211966900066,2.522657997635719,0.0,0.0,0.0,0.0,11.015495140160589,0.0,0.0,0.0,0.0,0.0,0.0,0.0,0.0,0.0,0.0,0.0,11.015495140160589,83523,0,0,1205,57,WEBER
421,570268,104.0,256.8524506683641,2.469735102580424,7.0,0.0,0.0,7.0,16.01267784194957,0.0,0.0,0.0,0.0,2.0,0.0,0.0,5.0,0.0,0.0,0.0,9.012677841949571,74368,0,0,0,57,WEBER
422,570269,181.0,330.6975302355188,1.827058178096789,3070.0,36.0,2966.0,68.0,3085.0211297365827,31.0,5.0,2904.0,62.0,18.0,12.0,22.0,16.0,0.0,0.0,0.0,15.021129736582616,49643,0,0,0,57,WEBER
423,570270,33.0,94.17923191173352,2.853916118537379,430.0,72.0,147.0,211.0,447.0056082537936,72.0,0.0,5.0,142.0,3.0,13.0,14.0,181.0,0.0,0.0,14.001382306477092,3.004225947316524,36574,0,0,0,57,WEBER
424,570271,0.0,0.0,0.0,1196.0,223.0,165.0,808.0,1196.0,214.0,9.0,102.0,63.0,27.0,159.0,90.0,532.0,0.0,0.0,0.0,0.0,36574,0,0,0,57,WEBER
425,570272,173.0,513.7049013367282,2.969392493275885,552.0,160.0,10.0,382.0,566.0197210874771,137.0,23.0,3.0,7.0,32.0,11.0,81.0,258.0,0.0,0.0,0.0,14.01972108747711,36574,0,0,0,57,WEBER
426,570273,182.0,576.8477954593677,3.1694933816448776,694.0,66.0,40.0,588.0,725.0227095154136,66.0,0.0,1.0,39.0,5.0,12.0,158.0,413.0,0.0,0.0,16.001579778830962,15.021129736582616,36574,0,0,0,57,WEBER
427,570274,85.0,248.290702312752,2.921067086032376,581.0,100.0,1.0,480.0,634.0144024078776,68.0,32.0,1.0,0.0,56.0,63.0,30.0,331.0,0.0,0.0,46.004541864139014,7.009860543738555,36641,551,0,0,57,WEBER
428,570275,80.0,262.2035433906217,3.277544292382771,315.0,18.0,2.0,295.0,358.0134150461082,17.0,1.0,2.0,0.0,12.0,27.0,16.0,240.0,0.0,0.0,36.00355450236967,7.009860543738555,36641,0,0,0,57,WEBER
429,570276,127.0,379.92758328028856,2.99155577386054,315.0,125.0,6.0,184.0,325.0140864910551,111.0,14.0,2.0,4.0,3.0,21.0,2.0,158.0,0.0,0.0,0.0,10.014086491055078,36641,0,0,0,57,WEBER
430,570277,375.0,1224.3300148525357,3.2648800396067617,0.0,0.0,0.0,0.0,31.043668122270745,0.0,0.0,0.0,0.0,0.0,0.0,0.0,0.0,0.0,0.0,0.0,31.043668122270745,46361,0,0,0,57,WEBER
431,570278,230.0,773.7680076384469,3.3642087288628124,45.0,0.0,0.0,45.0,64.02676433300465,0.0,0.0,0.0,0.0,0.0,26.0,0.0,19.0,0.0,0.0,0.0,19.02676433300465,37492,494,0,0,57,WEBER
432,570279,737.0,2010.9406450244005,2.728549043452375,462.0,40.0,3.0,419.0,522.0845189463305,4.0,36.0,3.0,0.0,7.0,4.0,367.0,41.0,0.0,0.0,0.0,60.08451894633047,58206,0,0,0,57,WEBER
433,570280,336.0,841.1917759388924,2.5035469521990845,247.0,4.0,0.0,243.0,274.03803352584873,4.0,0.0,0.0,0.0,8.0,88.0,124.0,23.0,0.0,0.0,0.0,27.03803352584871,74486,0,871,0,57,WEBER
434,570281,0.0,0.0,0.0,3861.0,1074.0,90.0,2697.0,3861.0,594.0,480.0,36.0,54.0,402.0,791.0,227.0,1277.0,0.0,0.0,0.0,0.0,51729,0,0,0,57,WEBER
435,570282,77.0,256.8524506683641,3.335746112576157,334.0,9.0,2.0,323.0,340.008451894633,6.0,3.0,2.0,0.0,9.0,19.0,8.0,287.0,0.0,0.0,0.0,6.008451894633048,36641,0,0,0,57,WEBER
436,570283,674.0,1693.0857373223,2.5119966429114244,480.0,49.0,0.0,431.0,553.0792529519878,12.0,37.0,0.0,0.0,162.0,30.0,117.0,122.0,0.0,0.0,18.001777251184834,55.077475700802935,56636,0,0,0,57,WEBER
437,570284,200.0,504.0729344366645,2.5203646721833226,2916.0,78.0,29.0,2809.0,2932.022538385688,13.0,65.0,0.0,29.0,5.0,2737.0,13.0,54.0,0.0,0.0,0.0,16.022538385688126,96760,33,0,0,57,WEBER
438,570285,146.0,373.50627201357946,2.5582621370793115,0.0,0.0,0.0,0.0,12.016903789266095,0.0,0.0,0.0,0.0,0.0,0.0,0.0,0.0,0.0,0.0,0.0,12.016903789266095,109652,0,0,0,57,WEBER
439,570286,261.0,682.799431360068,2.6160897753259307,1802.0,15.0,8.0,1779.0,1823.0295816312157,0.0,15.0,3.0,5.0,189.0,176.0,559.0,855.0,0.0,0.0,0.0,21.029581631215667,64041,0,0,0,57,WEBER
440,570287,164.0,438.789603225122,2.675546361128793,4347.0,242.0,0.0,4105.0,4360.018312438372,182.0,60.0,0.0,0.0,103.0,32.0,3674.0,296.0,0.0,0.0,0.0,13.018312438371602,76085,0,0,0,57,WEBER
441,570288,236.0,601.4628219817527,2.548571279583698,387.0,140.0,14.0,233.0,406.0267643330046,21.0,119.0,0.0,14.0,14.0,41.0,100.0,78.0,0.0,0.0,0.0,19.02676433300465,85639,0,0,0,57,WEBER
442,570289,224.0,631.4289412263951,2.8188792019035493,399.0,48.0,0.0,351.0,417.02535568389914,1.0,47.0,0.0,0.0,44.0,0.0,4.0,303.0,0.0,0.0,0.0,18.025355683899143,79597,0,0,0,57,WEBER
443,570290,426.0,1136.572094207511,2.6680096108157536,651.0,125.0,3.0,523.0,686.0493027186927,7.0,118.0,3.0,0.0,6.0,52.0,372.0,93.0,0.0,0.0,0.0,35.04930271869277,92070,630,0,0,57,WEBER
444,570291,395.0,1080.9207298960323,2.7365081769519803,0.0,0.0,0.0,0.0,32.04507677137625,0.0,0.0,0.0,0.0,0.0,0.0,0.0,0.0,0.0,0.0,0.0,32.04507677137625,106185,0,0,0,57,WEBER
445,570292,172.0,485.8792191809888,2.8248791812848184,0.0,0.0,0.0,0.0,14.01972108747711,0.0,0.0,0.0,0.0,0.0,0.0,0.0,0.0,0.0,0.0,0.0,14.01972108747711,109367,0,0,0,57,WEBER
446,570293,228.0,637.8502524931042,2.7975888267241413,166.0,57.0,0.0,109.0,185.02676433300465,2.0,55.0,0.0,0.0,2.0,0.0,69.0,38.0,0.0,0.0,0.0,19.02676433300465,127550,0,0,0,57,WEBER
447,570294,109.0,343.540152768937,3.151744520815936,121.0,5.0,38.0,78.0,139.0025965063108,5.0,0.0,2.0,36.0,1.0,9.0,1.0,67.0,3.9894249834765367,0.0,5.000493680884675,9.012677841949571,60702,0,0,0,57,WEBER
448,570295,80.0,187.28824527901548,2.341103065987693,485.0,53.0,296.0,136.0,865.0412041571198,34.0,19.0,24.0,272.0,0.0,43.0,1.0,92.0,1.9947124917382684,0.0,371.0366311216429,7.009860543738555,60702,0,0,0,57,WEBER
449,570296,259.0,840.121557394441,3.243712576812513,0.0,0.0,0.0,0.0,25.019006614692202,0.0,0.0,0.0,0.0,0.0,0.0,0.0,0.0,3.9894249834765367,0.0,0.0,21.029581631215667,88528,0,0,0,57,WEBER
450,570297,523.0,1316.368809675366,2.5169575710810057,408.0,1.0,311.0,96.0,1036.0963926525815,1.0,0.0,23.0,288.0,2.0,75.0,1.0,18.0,7.9788499669530735,0.0,577.0569707740916,43.06057191153684,60702,0,0,0,57,WEBER
451,570298,25.0,37.0,1.48,411.0,125.0,110.0,176.0,413.002817298211,38.0,87.0,2.0,108.0,3.0,73.0,0.0,100.0,0.0,0.0,0.0,2.002817298211016,60702,0,0,0,57,WEBER
452,570299,53.0,155.18168894546997,2.9279563951975467,0.0,0.0,0.0,0.0,14.97655330098251,0.0,0.0,0.0,0.0,0.0,0.0,0.0,0.0,10.970918704560477,0.0,0.0,4.005634596422032,88528,0,0,0,57,WEBER
453,570300,340.0,1072.35898154042,3.153997004530647,453.0,81.0,216.0,156.0,486.0262234042999,60.0,21.0,150.0,66.0,9.0,63.0,0.0,84.0,4.986781229345671,0.0,0.0,28.03944217495422,60702,0,0,0,57,WEBER
454,570301,195.0,540.4603649480161,2.7715916151180315,184.0,12.0,127.0,45.0,200.02253838568814,0.0,12.0,126.0,1.0,0.0,23.0,0.0,22.0,0.0,0.0,0.0,16.022538385688126,60702,0,0,0,57,WEBER
455,570302,384.0,1167.608431996605,3.0406469583244924,265.0,75.0,47.0,143.0,447.05583479468015,55.0,20.0,9.0,38.0,2.0,31.0,4.0,106.0,0.9973562458691342,0.0,150.01481042654027,31.043668122270745,60702,0,0,0,57,WEBER
456,570303,130.0,417.3852323360917,3.2106556333545515,0.0,0.0,0.0,0.0,18.994345107113663,0.0,0.0,0.0,0.0,0.0,0.0,0.0,0.0,7.9788499669530735,0.0,0.0,11.015495140160589,95539,0,0,0,57,WEBER
457,570304,107.0,330.6975302355188,3.090631123696437,535.0,69.0,169.0,297.0,554.9835965465101,39.0,30.0,104.0,65.0,41.0,113.0,1.0,142.0,10.970918704560477,0.0,0.0,9.012677841949571,60702,0,0,0,57,WEBER
458,570305,86.0,272.90572883513687,3.173322428315545,0.0,0.0,0.0,0.0,15.986066756560763,0.0,0.0,0.0,0.0,0.0,0.0,0.0,0.0,8.976206212822207,0.0,0.0,7.009860543738555,95539,865,0,0,57,WEBER
459,570306,338.0,1031.6906768512624,3.052339280625037,640.0,24.0,233.0,383.0,687.9209358960381,24.0,0.0,59.0,174.0,37.0,79.0,2.0,265.0,6.98149372108394,12.9,0.0,28.03944217495422,60702,0,0,0,57,WEBER
460,570307,348.0,1096.974008062805,3.1522241611000146,260.0,19.0,3.0,238.0,289.03679842082335,0.0,19.0,0.0,3.0,12.0,131.0,3.0,92.0,0.9973562458691342,0.0,0.0,28.03944217495422,95539,785,215,0,57,WEBER
461,570308,75.0,249.3609208572035,3.3248122780960467,0.0,0.0,0.0,0.0,17.976726845062657,0.0,0.0,0.0,0.0,0.0,0.0,0.0,0.0,11.96827495042961,0.0,0.0,6.008451894633048,95539,0,0,0,57,WEBER
462,570309,353.0,1088.4122597071928,3.083320849028875,9.0,0.0,0.0,9.0,45.02234454514367,0.0,0.0,0.0,0.0,3.0,0.0,3.0,3.0,6.98149372108394,0.0,0.0,29.040850824059728,95539,0,0,0,57,WEBER
463,570310,41.0,114.51338425631234,2.7930093721051787,9.0,0.0,0.0,9.0,21.977788406007864,0.0,0.0,0.0,0.0,0.0,0.0,0.0,9.0,9.973562458691342,0.0,0.0,3.004225947316524,95539,0,0,0,57,WEBER
464,570311,131.0,393.8404243581583,3.006415453115712,242.0,0.0,17.0,225.0,257.00492012363713,0.0,0.0,0.0,17.0,1.0,2.0,215.0,7.0,3.9894249834765367,0.0,0.0,11.015495140160589,60702,0,0,0,57,WEBER
465,570312,784.0,2345.9190494377253,2.9922436855073027,70.0,2.0,19.0,49.0,137.0822222803599,2.0,0.0,2.0,17.0,21.0,2.0,0.0,26.0,2.9920687376074024,0.0,0.0,64.0901535427525,67067,0,0,0,57,WEBER
466,570313,113.0,361.7338680246128,3.201184672784184,20.0,12.0,0.0,8.0,34.996815317164376,12.0,0.0,0.0,0.0,0.0,2.0,0.0,6.0,5.984137475214805,0.0,0.0,9.012677841949571,95539,0,0,0,57,WEBER
467,570314,465.0,1068.078107362614,2.296942166371213,0.0,0.0,0.0,0.0,50.049228519516916,0.0,0.0,0.0,0.0,0.0,0.0,0.0,0.0,1.9947124917382684,0.0,10.00098736176935,38.0535286660093,74477,0,0,0,57,WEBER
468,570315,275.0,747.0125440271589,2.7164092510078506,2.0,0.0,0.0,2.0,36.0294326241366,0.0,0.0,0.0,0.0,0.0,0.0,0.0,2.0,0.9973562458691342,0.0,11.001086097946287,22.030990280321173,74477,0,0,0,57,WEBER
469,570316,303.0,1063.797233184808,3.510881957705637,0.0,0.0,0.0,0.0,27.029928719375967,0.0,0.0,0.0,0.0,0.0,0.0,0.0,0.0,1.9947124917382684,0.0,0.0,25.035216227637697,102334,0,0,0,57,WEBER
470,570317,200.0,648.5524379376194,3.242762189688097,204.0,2.0,3.0,199.0,220.02253838568814,2.0,0.0,1.0,2.0,0.0,189.0,0.0,10.0,0.0,0.0,0.0,16.022538385688126,102334,691,1078,0,57,WEBER
471,570318,136.0,436.649166136219,3.2106556333545515,4.0,0.0,0.0,4.0,16.012851386029723,0.0,0.0,0.0,0.0,0.0,4.0,0.0,0.0,0.9973562458691342,0.0,0.0,11.015495140160589,74477,611,0,0,57,WEBER
472,570319,283.0,851.8939613834076,3.010226011955504,32.0,0.0,14.0,18.0,852.1083491721362,0.0,0.0,0.0,14.0,0.0,4.0,1.0,13.0,0.9973562458691342,0.0,796.0785939968404,23.03239892942668,74477,0,0,0,57,WEBER
473,570320,366.0,1090.552696796096,2.9796521770385134,216.0,25.0,0.0,191.0,342.0435106752276,4.0,21.0,0.0,0.0,31.0,12.0,98.0,50.0,2.9920687376074024,0.0,93.00918246445497,30.042259473165235,74477,0,0,0,57,WEBER
474,570321,132.0,400.2617356248674,3.032285875945965,0.0,0.0,0.0,0.0,11.015495140160589,0.0,0.0,0.0,0.0,0.0,0.0,0.0,0.0,0.0,0.0,0.0,11.015495140160589,74477,0,0,0,57,WEBER
475,570322,178.0,572.5669212815617,3.216668097087425,0.0,0.0,0.0,0.0,41.94974837504924,0.0,0.0,0.0,0.0,0.0,0.0,0.0,0.0,26.928618638466624,0.0,0.0,15.021129736582616,94980,0,0,0,57,WEBER
476,570323,36.0,104.88141735624868,2.913372704340241,0.0,0.0,0.0,0.0,23.948707110568343,0.0,0.0,0.0,0.0,0.0,0.0,0.0,0.0,20.94448116325182,0.0,0.0,3.004225947316524,94980,0,0,0,57,WEBER
477,570324,79.0,290.02922554636115,3.671256019574192,0.0,0.0,0.0,0.0,20.96879558267006,0.0,0.0,0.0,0.0,0.0,0.0,0.0,0.0,14.960343688037012,0.0,0.0,6.008451894633048,94980,0,0,0,57,WEBER
478,570325,26.0,86.68770210057288,3.3341423884835724,0.0,0.0,0.0,0.0,11.976379756902357,0.0,0.0,0.0,0.0,0.0,0.0,0.0,0.0,9.973562458691342,0.0,0.0,2.002817298211016,94980,0,0,0,57,WEBER
479,570326,88.0,317.8549077021006,3.6119875875238714,28.0,4.0,0.0,24.0,39.99664177308423,4.0,0.0,0.0,0.0,9.0,14.0,0.0,1.0,4.986781229345671,0.0,0.0,7.009860543738555,94980,0,0,0,57,WEBER
480,570327,96.0,332.8379673244218,3.467062159629394,55.0,0.0,13.0,42.0,67.00069417632061,0.0,0.0,0.0,13.0,4.0,1.0,30.0,7.0,3.9894249834765367,0.0,0.0,8.011269192844063,94980,0,0,0,57,WEBER
481,570328,87.0,303.94206662423085,3.493586972692309,4.0,0.0,0.0,4.0,14.999285527215093,0.0,0.0,0.0,0.0,3.0,0.0,0.0,1.0,3.9894249834765367,0.0,0.0,7.009860543738555,94980,0,0,0,57,WEBER
482,570329,56.0,188.35846382346705,3.3635439968476253,0.0,0.0,0.0,0.0,9.993824474873211,0.0,0.0,0.0,0.0,0.0,0.0,0.0,0.0,4.986781229345671,0.0,0.0,5.007043245527539,94980,0,0,0,57,WEBER
483,570330,108.0,353.17211966900066,3.2701122191574137,0.0,0.0,0.0,0.0,12.004746579556974,0.0,0.0,0.0,0.0,0.0,0.0,0.0,0.0,2.9920687376074024,0.0,0.0,9.012677841949571,94980,0,0,0,57,WEBER
484,570331,209.0,753.4338552938681,3.604946676047216,0.0,0.0,0.0,0.0,22.010728264139303,0.0,0.0,0.0,0.0,0.0,0.0,0.0,0.0,4.986781229345671,0.0,0.0,17.023947034793633,102334,0,0,0,57,WEBER
485,570332,206.0,696.7122724379376,3.382098409892901,0.0,0.0,0.0,0.0,92.02038228683257,0.0,0.0,0.0,0.0,0.0,0.0,0.0,0.0,3.9894249834765367,0.0,71.0070102685624,17.023947034793633,102334,0,0,0,57,WEBER
486,570333,69.0,242.9396095904944,3.520863907108614,0.0,0.0,0.0,0.0,28.947645549623132,0.0,0.0,0.0,0.0,0.0,0.0,0.0,0.0,22.939193654990085,0.0,0.0,6.008451894633048,94145,0,0,0,57,WEBER
487,570334,96.0,306.0825037131339,3.1883594136784783,0.0,0.0,0.0,0.0,20.976900389142806,0.0,0.0,0.0,0.0,0.0,0.0,0.0,0.0,12.965631196298744,0.0,0.0,8.011269192844063,93962,0,0,0,57,WEBER
488,570335,78.0,270.7652917462338,3.4713498941824845,0.0,0.0,0.0,0.0,19.971439336800927,0.0,0.0,0.0,0.0,0.0,0.0,0.0,0.0,13.96298744216788,0.0,0.0,6.008451894633048,93962,0,0,0,57,WEBER
489,570336,165.0,556.5136431147889,3.372809958271448,28.0,12.0,8.0,8.0,42.01566868424074,12.0,0.0,0.0,8.0,2.0,3.0,0.0,3.0,0.9973562458691342,0.0,0.0,13.018312438371602,93962,0,0,0,57,WEBER
490,570337,93.0,340.3294971355824,3.6594569584471226,94.0,0.0,31.0,63.0,103.0086254387132,0.0,0.0,24.0,7.0,4.0,56.0,0.0,3.0,0.9973562458691342,0.0,0.0,8.011269192844063,93962,668,0,0,57,WEBER
491,570338,46.0,139.12841077869723,3.0245306691021137,13.0,13.0,0.0,0.0,21.9924158257677,13.0,0.0,0.0,0.0,0.0,0.0,0.0,0.0,4.986781229345671,0.0,0.0,4.005634596422032,93962,0,0,0,57,WEBER
492,570339,136.0,462.33441120305537,3.3995177294342307,10.0,0.0,0.0,10.0,24.007563877767993,0.0,0.0,0.0,0.0,3.0,0.0,0.0,7.0,2.9920687376074024,0.0,0.0,11.015495140160589,93962,0,0,0,57,WEBER
493,570340,56.0,159.46256312327606,2.847545770058501,30.0,0.0,26.0,4.0,69.98307410864226,0.0,0.0,1.0,25.0,0.0,3.0,0.0,1.0,9.973562458691342,0.0,25.00246840442338,5.007043245527539,93962,0,0,0,57,WEBER
494,570341,55.0,215.1139274347549,3.911162316995545,0.0,0.0,0.0,0.0,12.98184080924424,0.0,0.0,0.0,0.0,0.0,0.0,0.0,0.0,8.976206212822207,0.0,0.0,4.005634596422032,93962,0,0,0,57,WEBER
495,570342,43.0,128.42622533418205,2.986656403120513,0.0,0.0,0.0,0.0,10.987128317505972,0.0,0.0,0.0,0.0,0.0,0.0,0.0,0.0,6.98149372108394,0.0,0.0,4.005634596422032,102334,0,0,0,57,WEBER
496,570343,377.0,1339.9136176532993,3.5541475269318283,0.0,0.0,0.0,0.0,33.038380614009014,0.0,0.0,0.0,0.0,0.0,0.0,0.0,0.0,1.9947124917382684,0.0,0.0,31.043668122270745,102334,842,0,0,57,WEBER
497,570344,679.0,1985.255399957564,2.923792930718062,43.0,13.0,8.0,22.0,147.08362368640132,13.0,0.0,0.0,8.0,0.0,0.0,4.0,18.0,0.0,0.0,48.00473933649289,56.07888434990844,67182,0,0,0,57,WEBER
498,570345,626.0,1917.8316316571184,3.063628804564088,177.0,7.0,0.0,170.0,228.0718411043809,0.0,7.0,0.0,0.0,151.0,15.0,0.0,4.0,0.0,0.0,0.0,51.0718411043809,48340,0,0,0,57,WEBER
499,570346,444.0,1360.2477699978783,3.063621103598825,234.0,123.0,0.0,111.0,305.054167133991,80.0,43.0,0.0,0.0,1.0,69.0,4.0,37.0,0.0,0.0,35.00345576619273,36.050711367798286,74238,550,0,0,57,WEBER
500,570347,504.0,1580.7127901548909,3.136334901100974,183.0,92.0,3.0,88.0,225.05511085919494,48.0,44.0,0.0,3.0,15.0,2.0,44.0,27.0,0.9973562458691342,0.0,0.0,41.05775461332582,71613,0,0,0,57,WEBER
501,570348,325.0,1015.6373986844898,3.12503814979843,73.0,0.0,0.0,73.0,101.03538977171783,0.0,0.0,0.0,0.0,1.0,48.0,22.0,2.0,0.9973562458691342,0.0,0.0,27.03803352584871,70658,441,0,0,57,WEBER
502,570349,396.0,1238.2428559304053,3.1268758988141547,1003.0,15.0,97.0,891.0,1035.0450767713762,11.0,4.0,59.0,38.0,241.0,172.0,0.0,478.0,0.0,0.0,0.0,32.04507677137625,68303,507,0,0,57,WEBER
503,570350,660.0,2030.204578824528,3.076067543673527,152.0,47.0,0.0,105.0,206.0760670516974,36.0,11.0,0.0,0.0,2.0,20.0,11.0,72.0,0.0,0.0,0.0,54.07606705169742,74477,0,0,0,57,WEBER
504,570351,395.0,1222.1895777636323,3.094150829781348,201.0,0.0,1.0,200.0,298.05149462287704,0.0,0.0,0.0,1.0,10.0,154.0,0.0,36.0,0.0,0.0,65.00641785150079,32.04507677137625,58199,0,846,1835,57,WEBER
505,570352,654.0,1990.6064926798217,3.0437408144951403,193.0,65.0,15.0,113.0,246.07465840259192,38.0,27.0,9.0,6.0,9.0,5.0,7.0,92.0,0.0,0.0,0.0,53.07465840259192,52663,0,0,0,57,WEBER
506,570353,593.0,1793.686280500743,3.0247660716707294,8.0,0.0,0.0,8.0,56.06761515706438,0.0,0.0,0.0,0.0,1.0,0.0,1.0,6.0,0.0,0.0,0.0,48.06761515706438,78915,0,0,0,57,WEBER
507,570354,75.0,195.8499936346276,2.6113332484617016,26.0,7.0,0.0,19.0,32.00845189463305,7.0,0.0,0.0,0.0,0.0,0.0,19.0,0.0,0.0,0.0,0.0,6.008451894633048,79237,0,0,0,57,WEBER
508,570355,364.0,1277.8409420751111,3.510552038667888,62.0,1.0,0.0,61.0,92.04225947316523,0.0,1.0,0.0,0.0,0.0,0.0,20.0,41.0,0.0,0.0,0.0,30.042259473165235,84072,0,0,0,57,WEBER
509,570356,386.0,1160.1169021854446,3.005484202552965,61.0,0.0,30.0,31.0,93.04507677137624,0.0,0.0,28.0,2.0,0.0,8.0,6.0,17.0,0.0,0.0,0.0,32.04507677137625,62368,0,0,0,57,WEBER
510,570357,424.0,1338.843399108848,3.157649526200113,0.0,0.0,0.0,0.0,35.04930271869277,0.0,0.0,0.0,0.0,0.0,0.0,0.0,0.0,0.0,0.0,0.0,35.04930271869277,85552,0,0,0,57,WEBER
511,570358,366.0,1118.3783789518354,3.055678631015944,268.0,19.0,0.0,249.0,298.04225947316525,19.0,0.0,0.0,0.0,0.0,153.0,23.0,73.0,0.0,0.0,0.0,30.042259473165235,56266,448,0,0,57,WEBER
512,570359,390.0,1116.2379418629323,2.862148568879314,350.0,53.0,1.0,296.0,382.0450767713763,9.0,44.0,0.0,1.0,9.0,5.0,35.0,247.0,0.0,0.0,0.0,32.04507677137625,56202,0,0,0,57,WEBER
513,570360,562.0,1597.836286866115,2.8431250655980693,3.0,0.0,0.0,3.0,49.06479785885336,0.0,0.0,0.0,0.0,3.0,0.0,0.0,0.0,0.0,0.0,0.0,46.06479785885336,79026,0,0,0,57,WEBER
514,570361,194.0,595.0415107150435,3.0672242820363067,338.0,77.0,0.0,261.0,354.0225383856881,5.0,72.0,0.0,0.0,2.0,54.0,43.0,162.0,0.0,0.0,0.0,16.022538385688126,79237,0,0,0,57,WEBER
515,570362,282.0,968.547782728623,3.434566605420649,70.0,2.0,0.0,68.0,94.0297551752958,0.0,2.0,0.0,0.0,1.0,0.0,58.0,9.0,0.9973562458691342,0.0,0.0,23.03239892942668,84072,0,0,0,57,WEBER
516,570363,369.0,1103.3953193295142,2.9902312176951606,591.0,0.0,0.0,591.0,621.0422594731652,0.0,0.0,0.0,0.0,3.0,157.0,231.0,200.0,0.0,0.0,0.0,30.042259473165235,70540,533,0,0,57,WEBER
517,570364,560.0,1672.7515849777212,2.9870564017459307,53.0,0.0,0.0,53.0,99.06479785885335,0.0,0.0,0.0,0.0,0.0,47.0,6.0,0.0,0.0,0.0,0.0,46.06479785885336,52472,0,946,0,57,WEBER
518,570365,164.0,490.1600933587948,2.988781057065822,626.0,193.0,1.0,432.0,639.0183124383716,60.0,133.0,0.0,1.0,66.0,13.0,36.0,317.0,0.0,0.0,0.0,13.018312438371602,45697,0,0,0,57,WEBER
519,570366,2.0,5.351092722257586,2.675546361128793,1111.0,435.0,14.0,662.0,1111.0,336.0,99.0,1.0,13.0,114.0,20.0,15.0,513.0,0.0,0.0,0.0,0.0,45697,0,0,0,57,WEBER
520,570367,571.0,2026.9939231911733,3.5499017919284994,8.0,0.0,0.0,8.0,55.06620650795887,0.0,0.0,0.0,0.0,1.0,0.0,4.0,3.0,0.0,0.0,0.0,47.06620650795887,80671,0,0,0,57,WEBER
521,570368,405.0,1362.3882070867812,3.363921498979707,407.0,222.0,0.0,185.0,441.0438416663509,182.0,40.0,0.0,0.0,3.0,16.0,98.0,68.0,0.9973562458691342,0.0,0.0,33.04648542048176,81022,0,0,0,57,WEBER
522,570369,280.0,782.329755994059,2.794034842835925,447.0,212.0,6.0,229.0,471.0297551752958,211.0,1.0,0.0,6.0,2.0,39.0,60.0,128.0,0.9973562458691342,0.0,0.0,23.03239892942668,73142,0,0,0,57,WEBER
523,570370,532.0,1504.727273498833,2.828434724621866,22.0,0.0,4.0,18.0,65.06057191153684,0.0,0.0,0.0,4.0,0.0,2.0,1.0,15.0,0.0,0.0,0.0,43.06057191153684,62309,0,0,0,57,WEBER
524,570371,423.0,1172.959524718863,2.7729539591462475,1.0,0.0,1.0,0.0,36.04930271869277,0.0,0.0,0.0,1.0,0.0,0.0,0.0,0.0,0.0,0.0,0.0,35.04930271869277,66232,0,0,0,57,WEBER
525,570372,310.0,885.0707362614046,2.855066891165821,4.0,0.0,0.0,4.0,29.035216227637697,0.0,0.0,0.0,0.0,0.0,4.0,0.0,0.0,0.0,0.0,0.0,25.035216227637697,57492,357,0,0,57,WEBER
526,570373,333.0,931.09013367282,2.7960664674859457,1331.0,307.0,2.0,1022.0,1379.0401069855643,209.0,98.0,1.0,1.0,16.0,27.0,213.0,766.0,0.0,0.0,21.00207345971564,27.03803352584871,59752,0,0,0,57,WEBER
527,570374,0.0,0.0,0.0,0.0,0.0,0.0,0.0,0.0,0.0,0.0,0.0,0.0,0.0,0.0,0.0,0.0,0.0,0.0,0.0,0.0,59752,0,0,0,57,WEBER
528,570375,337.0,927.8794780394652,2.7533515668826865,0.0,0.0,0.0,0.0,28.03944217495422,0.0,0.0,0.0,0.0,0.0,0.0,0.0,0.0,0.0,0.0,0.0,28.03944217495422,64688,0,0,0,57,WEBER
529,570376,298.0,850.823742838956,2.8551132310032084,62.0,1.0,32.0,29.0,86.03380757853219,0.0,1.0,0.0,32.0,2.0,1.0,8.0,18.0,0.0,0.0,0.0,24.03380757853219,51688,0,0,0,57,WEBER
530,570377,614.0,1657.7685253554,2.699948738363844,115.0,2.0,23.0,90.0,171.071024872337,2.0,0.0,20.0,3.0,5.0,75.0,0.0,10.0,0.0,0.0,6.000592417061611,50.0704324552754,64365,456,0,0,57,WEBER
531,570378,297.0,764.1360407383833,2.5728486220147584,81.0,58.0,0.0,23.0,105.03380757853219,58.0,0.0,0.0,0.0,2.0,4.0,12.0,5.0,0.0,0.0,0.0,24.03380757853219,51729,0,0,0,57,WEBER
532,570379,0.0,0.0,0.0,1496.0,1207.0,1.0,288.0,1496.0,777.0,430.0,1.0,0.0,8.0,56.0,109.0,115.0,0.0,0.0,0.0,0.0,51729,0,0,0,57,WEBER
533,570380,121.0,271.83551029068536,2.246574465212276,1111.0,513.0,26.0,572.0,1121.014086491055,287.0,226.0,25.0,1.0,48.0,97.0,58.0,369.0,0.0,0.0,0.0,10.014086491055078,34543,0,0,0,57,WEBER
534,570381,20.0,41.738523233609165,2.0869261616804584,1961.0,17.0,86.0,1858.0,1963.002817298211,5.0,12.0,0.0,86.0,38.0,2.0,111.0,1707.0,0.0,0.0,0.0,2.002817298211016,54586,0,0,0,57,WEBER
535,570382,344.0,943.932756206238,2.743990570366971,1217.0,1073.0,0.0,144.0,1245.0394421749543,938.0,135.0,0.0,0.0,13.0,68.0,0.0,63.0,0.0,0.0,0.0,28.03944217495422,63722,0,0,0,57,WEBER
536,570383,3.0,7.4915298111606194,2.4971766037202063,1545.0,1003.0,19.0,523.0,1597.999748036762,914.0,89.0,3.0,16.0,23.0,181.0,9.0,310.0,1.9947124917382684,0.0,51.00503554502369,0.0,34543,0,0,0,57,WEBER
537,570384,591.0,1520.7805516656058,2.5732327439350358,656.0,166.0,9.0,481.0,704.0676151570644,166.0,0.0,1.0,8.0,87.0,234.0,96.0,64.0,0.0,0.0,0.0,48.06761515706438,54586,487,302,252,57,WEBER
538,570385,233.0,571.4967027371101,2.4527755482279403,1202.0,1122.0,0.0,80.0,1222.0241205788739,838.0,284.0,0.0,0.0,0.0,22.0,5.0,53.0,0.9973562458691342,0.0,0.0,19.02676433300465,34543,0,0,0,57,WEBER
539,570386,211.0,589.6904179927859,2.794741317501355,52.0,0.0,7.0,45.0,76.00544075587757,0.0,0.0,0.0,7.0,1.0,0.0,0.0,44.0,6.98149372108394,0.0,0.0,17.023947034793633,54586,0,0,0,57,WEBER
540,570387,0.0,0.0,0.0,0.0,0.0,0.0,0.0,0.0,0.0,0.0,0.0,0.0,0.0,0.0,0.0,0.0,0.0,0.0,0.0,0.0,54586,0,0,0,57,WEBER
541,570388,0.0,0.0,0.0,0.0,0.0,0.0,0.0,0.0,0.0,0.0,0.0,0.0,0.0,0.0,0.0,0.0,0.0,0.0,0.0,0.0,54586,0,0,0,57,WEBER
542,570389,293.0,860.4557097390198,2.936708906959112,21.0,5.0,1.0,15.0,45.03380757853219,4.0,1.0,0.0,1.0,0.0,10.0,0.0,5.0,0.0,0.0,0.0,24.03380757853219,52605,0,0,0,57,WEBER
543,570390,750.0,2361.9723276044983,3.1492964368059977,149.0,3.0,0.0,146.0,216.0865200124976,3.0,0.0,0.0,0.0,1.0,91.0,16.0,38.0,0.0,0.0,6.000592417061611,61.08592759543598,70637,534,0,0,57,WEBER
544,570391,435.0,1151.5551538298323,2.6472532271950167,0.0,0.0,0.0,0.0,36.050711367798286,0.0,0.0,0.0,0.0,0.0,0.0,0.0,0.0,0.0,0.0,0.0,36.050711367798286,33647,0,0,0,57,WEBER
545,570392,367.0,1033.8311139401656,2.816978512098544,41.0,0.0,0.0,41.0,71.04225947316523,0.0,0.0,0.0,0.0,0.0,33.0,3.0,5.0,0.0,0.0,0.0,30.042259473165235,32690,0,0,1381,57,WEBER
546,570393,383.0,1084.1313855293868,2.830630249423986,8.0,1.0,0.0,7.0,39.043668122270745,0.0,1.0,0.0,0.0,1.0,0.0,2.0,4.0,0.0,0.0,0.0,31.043668122270745,66420,0,0,0,57,WEBER
547,570394,386.0,1111.9570676851265,2.880717791930379,131.0,0.0,1.0,130.0,163.04507677137624,0.0,0.0,0.0,1.0,1.0,125.0,0.0,4.0,0.0,0.0,0.0,32.04507677137625,84419,486,651,0,57,WEBER
548,570395,297.0,841.1917759388924,2.832295541881793,324.0,27.0,3.0,294.0,348.0338075785322,27.0,0.0,1.0,2.0,44.0,33.0,29.0,188.0,0.0,0.0,0.0,24.03380757853219,23450,0,0,0,57,WEBER
549,570396,2.0,5.351092722257586,2.675546361128793,1474.0,12.0,0.0,1462.0,1474.0,8.0,4.0,0.0,0.0,21.0,1.0,1364.0,76.0,0.0,0.0,0.0,0.0,102339,0,0,0,57,WEBER
550,570397,105.0,263.2737619350732,2.5073691612864115,867.0,0.0,0.0,867.0,876.0126778419495,0.0,0.0,0.0,0.0,6.0,548.0,280.0,33.0,0.0,0.0,0.0,9.012677841949571,49500,0,0,0,57,WEBER
551,570398,344.0,951.4242860173988,2.765768273306392,40.0,0.0,0.0,40.0,71.03151091256163,0.0,0.0,0.0,0.0,26.0,3.0,7.0,4.0,2.9920687376074024,0.0,0.0,28.03944217495422,91104,0,0,0,57,WEBER
552,570399,1.0,7.4915298111606194,7.4915298111606194,127.0,5.0,15.0,107.0,133.98149372108395,0.0,5.0,0.0,15.0,0.0,9.0,97.0,1.0,6.98149372108394,0.0,0.0,0.0,69448,0,0,0,57,WEBER
553,570400,2.0,3.0,1.5,889.0,348.0,0.0,541.0,889.0,309.0,39.0,0.0,0.0,61.0,48.0,132.0,300.0,0.0,0.0,0.0,0.0,45635,0,0,0,57,WEBER
554,570401,254.0,750.2231996605135,2.9536346443327304,1311.0,550.0,0.0,761.0,1332.0295816312157,394.0,156.0,0.0,0.0,62.0,49.0,52.0,598.0,0.0,0.0,0.0,21.029581631215667,45635,0,0,0,57,WEBER
555,570402,139.0,434.508729047316,3.1259620794770933,408.0,62.0,0.0,346.0,502.02369024284616,16.0,46.0,0.0,0.0,60.0,14.0,58.0,214.0,0.0,0.0,83.00819510268562,11.015495140160589,50734,0,0,0,57,WEBER
556,570403,240.0,763.0658221939317,3.179440925808049,22.0,0.0,0.0,22.0,42.02817298211016,0.0,0.0,0.0,0.0,0.0,19.0,2.0,1.0,0.0,0.0,0.0,20.02817298211016,50602,0,0,0,57,WEBER
557,570404,295.0,949.2838489284956,3.217911352299985,9.0,0.0,3.0,6.0,33.03380757853219,0.0,0.0,0.0,3.0,1.0,0.0,1.0,4.0,0.0,0.0,0.0,24.03380757853219,49995,0,0,0,57,WEBER
558,570405,145.0,499.7920602588585,3.44684179488868,118.0,0.0,0.0,118.0,130.0169037892661,0.0,0.0,0.0,0.0,1.0,0.0,0.0,117.0,0.0,0.0,0.0,12.016903789266095,46017,0,0,0,57,WEBER
559,570406,0.0,0.0,0.0,190.0,29.0,0.0,161.0,190.0,29.0,0.0,0.0,0.0,1.0,4.0,128.0,28.0,0.0,0.0,0.0,0.0,46276,0,0,0,57,WEBER
560,570407,287.0,811.22565669425,2.8265702323841464,8.0,1.0,0.0,7.0,38.033090082665225,1.0,0.0,0.0,0.0,0.0,1.0,1.0,5.0,0.0,0.0,7.000691153238546,23.03239892942668,46276,0,0,0,57,WEBER
561,570408,368.0,1057.3759219180988,2.8733041356470075,155.0,0.0,5.0,150.0,185.04225947316525,0.0,0.0,0.0,5.0,1.0,77.0,63.0,9.0,0.0,0.0,0.0,30.042259473165235,61134,605,0,0,57,WEBER
562,570409,125.0,362.8040865690643,2.902432692552514,204.0,0.0,1.0,203.0,214.01408649105508,0.0,0.0,1.0,0.0,133.0,3.0,45.0,22.0,0.0,0.0,0.0,10.014086491055078,96136,0,0,0,57,WEBER
563,570410,395.0,1187.942584341184,3.007449580610592,28.0,1.0,0.0,27.0,60.04507677137625,1.0,0.0,0.0,0.0,1.0,7.0,10.0,9.0,0.0,0.0,0.0,32.04507677137625,83788,0,0,0,57,WEBER
564,570411,321.0,894.7027031614683,2.7872358353939823,0.0,0.0,0.0,0.0,26.036624876743204,0.0,0.0,0.0,0.0,0.0,0.0,0.0,0.0,0.0,0.0,0.0,26.036624876743204,108175,0,0,0,57,WEBER
565,570412,239.0,625.007629959686,2.6150946860237907,42.0,0.0,0.0,42.0,62.02817298211016,0.0,0.0,0.0,0.0,1.0,39.0,0.0,2.0,0.0,0.0,0.0,20.02817298211016,46344,469,856,0,57,WEBER
566,570413,471.0,1422.3204455760665,3.019788631796319,492.0,28.0,81.0,383.0,531.0549373151148,19.0,9.0,81.0,0.0,22.0,10.0,237.0,114.0,0.0,0.0,0.0,39.054937315114806,108698,0,0,0,57,WEBER
567,570414,140.0,341.399715680034,2.4385693977145286,0.0,0.0,0.0,0.0,11.015495140160589,0.0,0.0,0.0,0.0,0.0,0.0,0.0,0.0,0.0,0.0,0.0,11.015495140160589,110837,0,0,0,57,WEBER
568,570415,933.0,2325.5848970931465,2.4925883141405643,436.0,50.0,0.0,386.0,580.6074522767263,3.0,47.0,0.0,0.0,10.0,0.0,125.0,251.0,0.0,64.5,4.0003949447077405,76.1070573320186,69448,0,0,0,57,WEBER
569,570416,203.0,557.5838616592404,2.7467185303410857,1038.0,191.0,0.0,847.0,1055.0239470347935,107.0,84.0,0.0,0.0,81.0,38.0,383.0,345.0,0.0,0.0,0.0,17.023947034793633,101315,0,0,0,57,WEBER
570,570417,1226.0,3303.7646467218333,2.6947509353359163,889.0,67.0,8.0,814.0,989.1408649105508,42.0,25.0,1.0,7.0,124.0,58.0,198.0,434.0,0.0,0.0,0.0,100.1408649105508,63376,0,0,0,57,WEBER
571,570418,335.0,951.4242860173988,2.8400724955743244,316.0,4.0,16.0,296.0,413.0449450582342,4.0,0.0,0.0,16.0,10.0,85.0,118.0,83.0,0.0,0.0,70.00691153238546,27.03803352584871,106232,727,0,0,57,WEBER
572,570419,893.0,2206.7906386590284,2.4712101216786437,1324.0,370.0,0.0,954.0,1460.109051763849,235.0,135.0,0.0,0.0,85.0,1.0,506.0,362.0,0.0,0.0,63.00622037914691,73.10283138470207,69448,0,0,0,57,WEBER
573,570420,257.0,719.1868618714195,2.798392458643656,0.0,0.0,0.0,0.0,21.029581631215667,0.0,0.0,0.0,0.0,0.0,0.0,0.0,0.0,0.0,0.0,0.0,21.029581631215667,102669,0,0,0,57,WEBER
574,570421,98.0,251.5013579461065,2.5663403872051687,0.0,0.0,0.0,0.0,12.998050422189735,0.0,0.0,0.0,0.0,0.0,0.0,0.0,0.0,4.986781229345671,0.0,0.0,8.011269192844063,81308,0,0,0,57,WEBER
575,570422,284.0,742.7316698493529,2.615252358624482,330.0,82.0,6.0,242.0,368.0229100108495,49.0,33.0,1.0,5.0,158.0,23.0,8.0,53.0,3.9894249834765367,0.0,11.001086097946287,23.03239892942668,81308,0,0,0,57,WEBER
576,570423,7.0,19.263933800127308,2.7519905428753297,253.0,29.0,49.0,175.0,254.0014086491055,8.0,21.0,29.0,20.0,45.0,8.0,6.0,116.0,0.0,0.0,0.0,1.001408649105508,87939,0,0,0,57,WEBER
577,570424,0.0,0.0,0.0,0.0,0.0,0.0,0.0,0.0,0.0,0.0,0.0,0.0,0.0,0.0,0.0,0.0,0.0,0.0,0.0,0.0,111812,0,0,0,57,WEBER
578,570425,0.0,0.0,0.0,0.0,0.0,0.0,0.0,0.0,0.0,0.0,0.0,0.0,0.0,0.0,0.0,0.0,0.0,0.0,0.0,0.0,111812,0,0,0,57,WEBER
579,570426,0.0,0.0,0.0,0.0,0.0,0.0,0.0,0.0,0.0,0.0,0.0,0.0,0.0,0.0,0.0,0.0,0.0,0.0,0.0,0.0,111812,0,0,0,57,WEBER
580,570427,0.0,0.0,0.0,0.0,0.0,0.0,0.0,0.0,0.0,0.0,0.0,0.0,0.0,0.0,0.0,0.0,0.0,0.0,0.0,0.0,111812,0,0,0,57,WEBER
581,570428,0.0,0.0,0.0,0.0,0.0,0.0,0.0,0.0,0.0,0.0,0.0,0.0,0.0,0.0,0.0,0.0,0.0,0.0,0.0,0.0,87939,0,0,0,57,WEBER
3311,491095,0.0,0.0,0.0,0.0,0.0,0.0,0.0,5.011580775911986,0.0,0.0,0.0,0.0,0.0,0.0,0.0,0.0,5.011580775911986,0.0,0.0,0.0,75589,0,0,0,49,UTAH
3310,491094,70.0,214.98635243991745,3.0712336062845345,0.0,0.0,0.0,0.0,410.99855757888565,0.0,0.0,0.0,0.0,0.0,0.0,0.0,0.0,4.009264620729589,0.0,396.9870023572551,10.00229060090097,75589,0,0,0,49,UTAH
3306,491090,26.0,82.84839923294379,3.186476893574761,0.0,0.0,0.0,0.0,8.010180861089976,0.0,0.0,0.0,0.0,0.0,0.0,0.0,0.0,4.009264620729589,0.0,0.0,4.000916240360388,75589,0,0,0,49,UTAH
2292,490076,11.0,36.70498700193712,3.3368170001761017,0.0,0.0,0.0,0.0,125.99639840305082,0.0,0.0,0.0,0.0,0.0,0.0,0.0,0.0,0.0,0.0,123.99594028287062,2.000458120180194,66402,0,0,0,49,UTAH
2301,490085,0.0,0.0,0.0,0.0,0.0,0.0,0.0,5.011580775911986,0.0,0.0,0.0,0.0,0.0,0.0,0.0,0.0,5.011580775911986,0.0,0.0,0.0,66402,0,0,0,49,UTAH
2300,490084,0.0,0.0,0.0,211.0,37.0,107.0,67.0,211.0,37.0,0.0,1.0,106.0,2.0,8.0,0.0,57.0,0.0,0.0,0.0,0.0,66402,0,0,0,49,UTAH
2293,490077,0.0,0.0,0.0,0.0,0.0,0.0,0.0,0.0,0.0,0.0,0.0,0.0,0.0,0.0,0.0,0.0,0.0,0.0,0.0,0.0,66402,0,0,0,49,UTAH
2277,490061,14.0,34.607559173255,2.471968512375357,0.0,0.0,0.0,0.0,9.016671206456973,0.0,0.0,0.0,0.0,0.0,0.0,0.0,0.0,7.01621308627678,0.0,0.0,2.000458120180194,81720,0,0,0,49,UTAH
2279,490063,55.0,134.23538103565576,2.440643291557377,0.0,0.0,0.0,0.0,114.01010655155157,0.0,0.0,0.0,0.0,0.0,0.0,0.0,0.0,5.011580775911986,0.0,100.99669329491881,8.001832480720775,81720,0,0,0,49,UTAH
2276,490060,37.0,94.38425229069546,2.550925737586364,0.0,0.0,0.0,0.0,15.024306852274457,0.0,0.0,0.0,0.0,0.0,0.0,0.0,0.0,10.023161551823971,0.0,0.0,5.001145300450485,81720,0,0,0,49,UTAH
2275,490059,45.0,114.3098166631756,2.540218148070569,0.0,0.0,0.0,0.0,14.019903601999758,0.0,0.0,0.0,0.0,0.0,0.0,0.0,0.0,8.018529241459177,0.0,0.0,6.001374360540582,81720,0,0,0,49,UTAH
2271,490055,49.0,160.45322889418227,3.274555691718005,0.0,0.0,0.0,0.0,13.015500351725061,0.0,0.0,0.0,0.0,0.0,0.0,0.0,0.0,6.013896931094383,0.0,0.0,7.001603420630678,81720,0,0,0,49,UTAH
2272,490056,31.0,92.28682446201334,2.9769943374843013,0.0,0.0,0.0,0.0,74.01036893874486,0.0,0.0,0.0,0.0,0.0,0.0,0.0,0.0,5.011580775911986,0.0,64.9978719224725,4.000916240360388,81720,0,0,0,49,UTAH
2340,490124,22.0,61.87412094612258,2.812460043005572,0.0,0.0,0.0,0.0,70.99846088377998,0.0,0.0,0.0,0.0,0.0,0.0,0.0,0.0,0.0,0.0,67.9977737035097,3.000687180270291,66402,0,0,0,49,UTAH
2332,490116,0.0,0.0,0.0,0.0,0.0,0.0,0.0,3.0069484655471914,0.0,0.0,0.0,0.0,0.0,0.0,0.0,0.0,3.0069484655471914,0.0,0.0,0.0,66402,0,0,0,49,UTAH
2308,490092,1.0,2.0974278286821213,2.0974278286821213,0.0,0.0,0.0,0.0,4.009264620729589,0.0,0.0,0.0,0.0,0.0,0.0,0.0,0.0,4.009264620729589,0.0,0.0,0.0,66402,0,0,0,49,UTAH
2313,490097,4.0,8.389711314728485,2.0974278286821213,0.0,0.0,0.0,0.0,84.00455835329575,0.0,0.0,0.0,0.0,0.0,0.0,0.0,0.0,3.0069484655471914,0.0,79.99738082765846,1.000229060090097,66402,0,0,0,49,UTAH
2312,490096,0.0,0.0,0.0,0.0,0.0,0.0,0.0,128.0052049036002,0.0,0.0,0.0,0.0,0.0,0.0,0.0,0.0,4.009264620729589,0.0,123.99594028287062,0.0,66402,0,0,0,49,UTAH
2317,490101,16.0,36.70498700193712,2.29406168762107,103.0,8.0,10.0,85.0,147.0037808443742,8.0,0.0,1.0,9.0,0.0,79.0,0.0,6.0,2.0046323103647943,0.0,39.99869041382923,2.000458120180194,66402,770,0,0,49,UTAH
2316,490100,0.0,0.0,0.0,0.0,0.0,0.0,0.0,3.0069484655471914,0.0,0.0,0.0,0.0,0.0,0.0,0.0,0.0,3.0069484655471914,0.0,0.0,0.0,66402,0,0,0,49,UTAH
2322,490106,5.0,11.535853057751668,2.3071706115503336,0.0,0.0,0.0,0.0,82.0046238326043,0.0,0.0,0.0,0.0,0.0,0.0,0.0,0.0,3.0069484655471914,0.0,77.997446306967,1.000229060090097,81720,0,0,0,49,UTAH
2325,490109,132.0,508.6262484554144,3.853229154965261,0.0,0.0,0.0,0.0,41.010678553827915,0.0,0.0,0.0,0.0,0.0,0.0,0.0,0.0,3.0069484655471914,0.0,18.999377946568885,19.00435214171184,81720,0,0,0,49,UTAH
2326,490110,7.0,18.87685045813909,2.696692922591299,0.0,0.0,0.0,0.0,83.01398667229668,0.0,0.0,0.0,0.0,0.0,0.0,0.0,0.0,7.01621308627678,0.0,74.99754452592981,1.000229060090097,81720,0,0,0,49,UTAH
2239,490023,0.0,0.0,0.0,0.0,0.0,0.0,0.0,4.009264620729589,0.0,0.0,0.0,0.0,0.0,0.0,0.0,0.0,4.009264620729589,0.0,0.0,0.0,81720,0,0,0,49,UTAH
2237,490021,1.0,2.0974278286821213,2.0974278286821213,0.0,0.0,0.0,0.0,0.0,0.0,0.0,0.0,0.0,0.0,0.0,0.0,0.0,0.0,0.0,0.0,0.0,81720,0,0,0,49,UTAH
2351,490135,0.0,0.0,0.0,0.0,0.0,0.0,0.0,3.0069484655471914,0.0,0.0,0.0,0.0,0.0,0.0,0.0,0.0,3.0069484655471914,0.0,0.0,0.0,81720,0,0,0,49,UTAH
2379,490163,0.0,0.0,0.0,0.0,0.0,0.0,0.0,5.011580775911986,0.0,0.0,0.0,0.0,0.0,0.0,0.0,0.0,5.011580775911986,0.0,0.0,0.0,81720,0,0,0,49,UTAH
2383,490167,0.0,0.0,0.0,0.0,0.0,0.0,0.0,2.0046323103647943,0.0,0.0,0.0,0.0,0.0,0.0,0.0,0.0,2.0046323103647943,0.0,0.0,0.0,81720,0,0,0,49,UTAH
2382,490166,0.0,0.0,0.0,0.0,0.0,0.0,0.0,3.0069484655471914,0.0,0.0,0.0,0.0,0.0,0.0,0.0,0.0,3.0069484655471914,0.0,0.0,0.0,81720,0,0,0,49,UTAH
2385,490169,0.0,0.0,0.0,0.0,0.0,0.0,0.0,0.0,0.0,0.0,0.0,0.0,0.0,0.0,0.0,0.0,0.0,0.0,0.0,0.0,81720,0,0,0,49,UTAH
2256,490040,0.0,0.0,0.0,0.0,0.0,0.0,0.0,0.0,0.0,0.0,0.0,0.0,0.0,0.0,0.0,0.0,0.0,0.0,0.0,0.0,81720,0,0,0,49,UTAH
2246,490030,39.0,179.33007935232138,4.598207162880035,7.0,0.0,2.0,5.0,13.00137436054058,0.0,0.0,0.0,2.0,0.0,5.0,0.0,0.0,0.0,0.0,0.0,6.001374360540582,81720,0,0,0,49,UTAH
2254,490038,0.0,0.0,0.0,0.0,0.0,0.0,0.0,0.0,0.0,0.0,0.0,0.0,0.0,0.0,0.0,0.0,0.0,0.0,0.0,0.0,81720,0,0,0,49,UTAH
2257,490041,28.0,68.16640443216895,2.434514444006034,0.0,0.0,0.0,0.0,11.017129326637168,0.0,0.0,0.0,0.0,0.0,0.0,0.0,0.0,7.01621308627678,0.0,0.0,4.000916240360388,81720,0,0,0,49,UTAH
2260,490044,0.0,0.0,0.0,0.0,0.0,0.0,0.0,5.011580775911986,0.0,0.0,0.0,0.0,0.0,0.0,0.0,0.0,5.011580775911986,0.0,0.0,0.0,81720,0,0,0,49,UTAH
2405,490189,0.0,0.0,0.0,0.0,0.0,0.0,0.0,0.0,0.0,0.0,0.0,0.0,0.0,0.0,0.0,0.0,0.0,0.0,0.0,0.0,81720,0,0,0,49,UTAH
2408,490192,0.0,0.0,0.0,0.0,0.0,0.0,0.0,0.0,0.0,0.0,0.0,0.0,0.0,0.0,0.0,0.0,0.0,0.0,0.0,0.0,81720,0,0,0,49,UTAH
2413,490197,0.0,0.0,0.0,0.0,0.0,0.0,0.0,2.0046323103647943,0.0,0.0,0.0,0.0,0.0,0.0,0.0,0.0,2.0046323103647943,0.0,0.0,0.0,81720,0,0,0,49,UTAH
2266,490050,0.0,0.0,0.0,0.0,0.0,0.0,0.0,5.011580775911986,0.0,0.0,0.0,0.0,0.0,0.0,0.0,0.0,5.011580775911986,0.0,0.0,0.0,81720,0,0,0,49,UTAH
2264,490048,0.0,0.0,0.0,0.0,0.0,0.0,0.0,11.025477707006369,0.0,0.0,0.0,0.0,0.0,0.0,0.0,0.0,11.025477707006369,0.0,0.0,0.0,81720,0,0,0,49,UTAH
2369,490153,133.0,493.9442536546396,3.7138665688318766,0.0,0.0,0.0,0.0,19.00435214171184,0.0,0.0,0.0,0.0,0.0,0.0,0.0,0.0,0.0,0.0,0.0,19.00435214171184,62109,0,0,0,49,UTAH
2370,490154,0.0,0.0,0.0,0.0,0.0,0.0,0.0,0.0,0.0,0.0,0.0,0.0,0.0,0.0,0.0,0.0,0.0,0.0,0.0,0.0,62109,0,0,0,49,UTAH
2365,490149,0.0,0.0,0.0,0.0,0.0,0.0,0.0,4.009264620729589,0.0,0.0,0.0,0.0,0.0,0.0,0.0,0.0,4.009264620729589,0.0,0.0,0.0,74211,0,0,0,49,UTAH
2387,490171,0.0,0.0,0.0,0.0,0.0,0.0,0.0,2.0046323103647943,0.0,0.0,0.0,0.0,0.0,0.0,0.0,0.0,2.0046323103647943,0.0,0.0,0.0,81720,0,0,0,49,UTAH
2386,490170,0.0,0.0,0.0,0.0,0.0,0.0,0.0,5.011580775911986,0.0,0.0,0.0,0.0,0.0,0.0,0.0,0.0,5.011580775911986,0.0,0.0,0.0,81720,0,0,0,49,UTAH
2390,490174,0.0,0.0,0.0,0.0,0.0,0.0,0.0,4.009264620729589,0.0,0.0,0.0,0.0,0.0,0.0,0.0,0.0,4.009264620729589,0.0,0.0,0.0,81720,0,0,0,49,UTAH
2391,490175,0.0,0.0,0.0,0.0,0.0,0.0,0.0,3.0069484655471914,0.0,0.0,0.0,0.0,0.0,0.0,0.0,0.0,3.0069484655471914,0.0,0.0,0.0,81720,0,0,0,49,UTAH
2393,490177,0.0,0.0,0.0,0.0,0.0,0.0,0.0,2.0046323103647943,0.0,0.0,0.0,0.0,0.0,0.0,0.0,0.0,2.0046323103647943,0.0,0.0,0.0,81720,0,0,0,49,UTAH
2392,490176,0.0,0.0,0.0,0.0,0.0,0.0,0.0,3.0069484655471914,0.0,0.0,0.0,0.0,0.0,0.0,0.0,0.0,3.0069484655471914,0.0,0.0,0.0,81720,0,0,0,49,UTAH
2420,490204,340.0,1404.2279313026802,4.130082150890236,0.0,0.0,0.0,0.0,52.02025950505424,0.0,0.0,0.0,0.0,0.0,0.0,0.0,0.0,4.009264620729589,0.0,0.0,48.01099488432465,102760,0,0,0,49,UTAH
2417,490201,0.0,0.0,0.0,0.0,0.0,0.0,0.0,0.0,0.0,0.0,0.0,0.0,0.0,0.0,0.0,0.0,0.0,0.0,0.0,0.0,81720,0,0,0,49,UTAH
2409,490193,0.0,0.0,0.0,0.0,0.0,0.0,0.0,6.013896931094383,0.0,0.0,0.0,0.0,0.0,0.0,0.0,0.0,6.013896931094383,0.0,0.0,0.0,81720,0,0,0,49,UTAH
2486,490270,2.0,3.0,1.5,0.0,0.0,0.0,0.0,3.0069484655471914,0.0,0.0,0.0,0.0,0.0,0.0,0.0,0.0,3.0069484655471914,0.0,0.0,0.0,70166,0,0,0,49,UTAH
2485,490269,47.0,125.84566972092728,2.677567440870793,0.0,0.0,0.0,0.0,181.0006045104612,0.0,0.0,0.0,0.0,0.0,0.0,0.0,0.0,2.0046323103647943,0.0,171.9943687794657,7.001603420630678,70166,0,0,0,49,UTAH
2484,490268,22.0,59.77669311744046,2.717122414429112,0.0,0.0,0.0,0.0,270.0060390616004,0.0,0.0,0.0,0.0,0.0,0.0,0.0,0.0,6.013896931094383,0.0,260.9914549502357,3.000687180270291,70166,0,0,0,49,UTAH
2477,490261,65.0,181.4275071810035,2.7911924181692847,0.0,0.0,0.0,0.0,12.009010006358064,0.0,0.0,0.0,0.0,0.0,0.0,0.0,0.0,3.0069484655471914,0.0,0.0,9.002061540810873,70166,0,0,0,49,UTAH
2495,490279,125.0,425.77784922247065,3.406222793779765,945.0,55.0,32.0,858.0,983.005817183373,55.0,0.0,0.0,32.0,0.0,527.0,10.0,321.0,1.0023161551823971,0.0,18.999377946568885,18.004123081621746,70166,1494,1528,87,49,UTAH
2490,490274,82.0,278.95790121472214,3.4019256245697824,0.0,0.0,0.0,0.0,194.00383678851418,0.0,0.0,0.0,0.0,0.0,0.0,0.0,0.0,3.0069484655471914,0.0,178.99413960188582,12.002748721081163,96149,0,0,0,49,UTAH
2425,490209,402.0,1548.9504514817463,3.85311057582524,332.0,212.0,0.0,120.0,595.0063120563561,148.0,64.0,0.0,0.0,4.0,15.0,35.0,66.0,0.0,0.0,205.99325563122053,57.01305642513552,96415,0,0,0,49,UTAH
2424,490208,497.0,2062.820269508866,4.150543801828705,0.0,0.0,0.0,0.0,71.01626326639688,0.0,0.0,0.0,0.0,0.0,0.0,0.0,0.0,0.0,0.0,0.0,71.01626326639688,96415,0,0,0,49,UTAH
2724,490508,44.0,147.86866192208956,3.3606514073202174,0.0,0.0,0.0,0.0,95.01255390033062,0.0,0.0,0.0,0.0,0.0,0.0,0.0,0.0,6.013896931094383,0.0,82.99728260869566,6.001374360540582,83312,0,0,0,49,UTAH
2725,490509,251.0,943.8425229069546,3.760328776521732,26.0,1.0,24.0,1.0,88.01444161674249,1.0,0.0,0.0,24.0,0.0,0.0,0.0,1.0,3.0069484655471914,0.0,22.999246987951807,36.00824616324349,83312,0,0,0,49,UTAH
2723,490507,132.0,509.67496236975546,3.861173957346632,0.0,0.0,0.0,0.0,23.01361676244143,0.0,0.0,0.0,0.0,0.0,0.0,0.0,0.0,4.009264620729589,0.0,0.0,19.00435214171184,83312,0,0,0,49,UTAH
2722,490506,3.0,7.340997400387424,2.4469991334624748,4.0,0.0,1.0,3.0,10.013896931094383,0.0,0.0,0.0,1.0,0.0,3.0,0.0,0.0,6.013896931094383,0.0,0.0,0.0,83312,0,0,0,49,UTAH
2783,490567,190.0,670.1281912639378,3.526990480336514,935.0,29.0,15.0,891.0,1003.0048422966076,3.0,26.0,15.0,0.0,8.0,100.0,31.0,752.0,0.0,0.0,40.998657674174964,27.006184622432617,72724,1171,0,0,49,UTAH
2784,490568,253.0,884.0658297895142,3.494331343041558,376.0,106.0,22.0,248.0,423.00788602704654,106.0,0.0,2.0,20.0,15.0,146.0,9.0,78.0,0.0,0.0,10.999639863803038,36.00824616324349,71179,618,1414,0,49,UTAH
3108,490892,68.0,276.86047338604,4.0714775497947056,299.0,0.0,1.0,298.0,311.00692291126575,0.0,0.0,1.0,0.0,1.0,134.0,5.0,158.0,2.0046323103647943,0.0,0.0,10.00229060090097,90129,676,0,0,49,UTAH
3109,490893,263.0,1045.5677725980374,3.975542861589496,478.0,35.0,43.0,400.0,516.0107913785159,12.0,23.0,1.0,42.0,15.0,124.0,9.0,252.0,1.0023161551823971,0.0,0.0,37.00847522333358,108751,0,1275,0,49,UTAH
3121,490905,65.0,242.25291421278504,3.7269679109659233,0.0,0.0,0.0,0.0,11.006693851175667,0.0,0.0,0.0,0.0,0.0,0.0,0.0,0.0,2.0046323103647943,0.0,0.0,9.002061540810873,113111,0,0,0,49,UTAH
3124,490908,33.0,113.26110274883456,3.432154628752562,0.0,0.0,0.0,0.0,5.001145300450485,0.0,0.0,0.0,0.0,0.0,0.0,0.0,0.0,0.0,0.0,0.0,5.001145300450485,113111,0,0,0,49,UTAH
3049,490833,0.0,0.0,0.0,0.0,0.0,0.0,0.0,5.011580775911986,0.0,0.0,0.0,0.0,0.0,0.0,0.0,0.0,5.011580775911986,0.0,0.0,0.0,51304,0,0,0,49,UTAH
3053,490837,0.0,0.0,0.0,265.0,147.0,55.0,63.0,268.00694846554717,147.0,0.0,0.0,55.0,2.0,17.0,2.0,42.0,3.0069484655471914,0.0,0.0,0.0,51304,0,0,0,49,UTAH
3045,490829,6.0,12.584566972092729,2.0974278286821213,0.0,0.0,0.0,0.0,15.032655232643657,0.0,0.0,0.0,0.0,0.0,0.0,0.0,0.0,14.03242617255356,0.0,0.0,1.000229060090097,51304,0,0,0,49,UTAH
3046,490830,1.0,2.0974278286821213,2.0974278286821213,0.0,0.0,0.0,0.0,9.020845396641574,0.0,0.0,0.0,0.0,0.0,0.0,0.0,0.0,9.020845396641574,0.0,0.0,0.0,51304,0,0,0,49,UTAH
3227,491011,10.0,22.022992201162275,2.2022992201162275,0.0,0.0,0.0,0.0,8.016442146366877,0.0,0.0,0.0,0.0,0.0,0.0,0.0,0.0,7.01621308627678,0.0,0.0,1.000229060090097,51304,0,0,0,49,UTAH
3128,490912,12.0,29.363989601549697,2.4469991334624748,0.0,0.0,0.0,0.0,6.009722740909782,0.0,0.0,0.0,0.0,0.0,0.0,0.0,0.0,4.009264620729589,0.0,0.0,2.000458120180194,51304,0,0,0,49,UTAH
3129,490913,1.0,3.1461417430231817,3.1461417430231817,0.0,0.0,0.0,0.0,11.025477707006369,0.0,0.0,0.0,0.0,0.0,0.0,0.0,0.0,11.025477707006369,0.0,0.0,0.0,51304,0,0,0,49,UTAH
3131,490915,15.0,39.85112874496031,2.656741916330687,0.0,0.0,0.0,0.0,8.014355051274578,0.0,0.0,0.0,0.0,0.0,0.0,0.0,0.0,6.013896931094383,0.0,0.0,2.000458120180194,51304,0,0,0,49,UTAH
3288,491072,14.0,55.581837460076216,3.970131247148301,0.0,0.0,0.0,0.0,8.014355051274578,0.0,0.0,0.0,0.0,0.0,0.0,0.0,0.0,6.013896931094383,0.0,0.0,2.000458120180194,75589,0,0,0,49,UTAH
3285,491069,5.0,23.071706115503336,4.614341223100667,0.0,0.0,0.0,0.0,6.011809836002083,0.0,0.0,0.0,0.0,0.0,0.0,0.0,0.0,5.011580775911986,0.0,0.0,1.000229060090097,75589,0,0,0,49,UTAH
3290,491074,24.0,78.65354357557955,3.2772309823158143,0.0,0.0,0.0,0.0,19.037745663188645,0.0,0.0,0.0,0.0,0.0,0.0,0.0,0.0,16.037058482918354,0.0,0.0,3.000687180270291,75589,0,0,0,49,UTAH
3292,491076,54.0,205.5479272108479,3.806443096497183,0.0,0.0,0.0,0.0,24.03889096363913,0.0,0.0,0.0,0.0,0.0,0.0,0.0,0.0,16.037058482918354,0.0,0.0,8.001832480720775,75571,0,0,0,49,UTAH
3389,491173,16.0,58.7279792030994,3.670498700193712,0.0,0.0,0.0,0.0,55.01046739268726,0.0,0.0,0.0,0.0,0.0,0.0,0.0,0.0,5.011580775911986,0.0,47.99842849659508,2.000458120180194,105921,0,0,0,49,UTAH
3388,491172,155.0,626.0822068616133,4.039240044268473,1567.0,808.0,20.0,739.0,1591.009671632347,791.0,17.0,14.0,6.0,21.0,272.0,76.0,370.0,2.0046323103647943,0.0,0.0,22.00503932198213,105921,0,1194,0,49,UTAH
3328,491112,18.0,49.28955397402985,2.7383085541127694,0.0,0.0,0.0,0.0,233.00255263913505,0.0,0.0,0.0,0.0,0.0,0.0,0.0,0.0,4.009264620729589,0.0,225.99260083813516,3.000687180270291,30043,0,0,0,49,UTAH
3492,491276,30.0,103.822677519765,3.4607559173255003,3.0,0.0,0.0,3.0,15.0030032179629,0.0,0.0,0.0,0.0,0.0,0.0,0.0,3.0,1.0023161551823971,0.0,6.999770822420116,4.000916240360388,67754,0,0,0,49,UTAH
2220,490004,6.0,10.487139143410609,1.7478565239017678,1.0,0.0,0.0,1.0,18.03728754300845,0.0,0.0,0.0,0.0,0.0,0.0,0.0,1.0,16.037058482918354,0.0,0.0,1.000229060090097,81720,0,0,0,49,UTAH
2310,490094,0.0,0.0,0.0,0.0,0.0,0.0,0.0,0.0,0.0,0.0,0.0,0.0,0.0,0.0,0.0,0.0,0.0,0.0,0.0,0.0,66402,0,0,0,49,UTAH
2395,490179,0.0,0.0,0.0,0.0,0.0,0.0,0.0,15.999476165531693,0.0,0.0,0.0,0.0,0.0,0.0,0.0,0.0,0.0,0.0,15.999476165531693,0.0,81720,0,0,0,49,UTAH
3062,490846,29.0,90.1893966333312,3.109979194252801,0.0,0.0,0.0,0.0,8.010180861089976,0.0,0.0,0.0,0.0,0.0,0.0,0.0,0.0,4.009264620729589,0.0,0.0,4.000916240360388,75945,0,0,0,49,UTAH
3060,490844,151.0,583.0849363736297,3.861489644858475,123.0,5.0,17.0,101.0,156.00911517571413,5.0,0.0,1.0,16.0,3.0,71.0,2.0,25.0,2.0046323103647943,0.0,9.999672603457308,21.00481026189204,75945,0,241,210,49,UTAH
3047,490831,0.0,0.0,0.0,0.0,0.0,0.0,0.0,6.013896931094383,0.0,0.0,0.0,0.0,0.0,0.0,0.0,0.0,6.013896931094383,0.0,0.0,0.0,51304,0,0,0,49,UTAH
2627,490411,327.0,1194.485148434468,3.652859781145162,696.0,68.0,2.0,626.0,743.0107658242346,10.0,58.0,0.0,2.0,430.0,2.0,30.0,164.0,0.0,0.0,0.0,47.01076582423456,72767,0,0,0,49,UTAH
2606,490390,0.0,0.0,0.0,1262.0,160.0,156.0,946.0,1262.0,1.0,159.0,94.0,62.0,640.0,225.0,65.0,16.0,0.0,0.0,0.0,0.0,75570,0,0,0,49,UTAH
2509,490293,2.0,7.340997400387424,3.670498700193712,21.0,5.0,9.0,7.0,28.016213086276778,5.0,0.0,0.0,9.0,2.0,0.0,0.0,5.0,7.01621308627678,0.0,0.0,0.0,93988,0,0,0,49,UTAH
2508,490292,0.0,0.0,0.0,0.0,0.0,0.0,0.0,8.018529241459177,0.0,0.0,0.0,0.0,0.0,0.0,0.0,0.0,8.018529241459177,0.0,0.0,0.0,93988,0,0,0,49,UTAH
3130,490914,2.0,5.243569571705304,2.621784785852652,11.0,5.0,5.0,1.0,18.016213086276778,5.0,0.0,0.0,5.0,0.0,0.0,0.0,1.0,7.01621308627678,0.0,0.0,0.0,51304,0,0,0,49,UTAH
3289,491073,7.0,12.584566972092729,1.7977952817275324,0.0,0.0,0.0,0.0,13.028022922278863,0.0,0.0,0.0,0.0,0.0,0.0,0.0,0.0,12.027793862188766,0.0,0.0,1.000229060090097,75589,0,0,0,49,UTAH
2314,490098,0.0,0.0,0.0,0.0,0.0,0.0,0.0,130.002790529455,0.0,0.0,0.0,0.0,0.0,0.0,0.0,0.0,3.0069484655471914,0.0,126.99584206390782,0.0,66402,0,0,0,49,UTAH
2331,490115,36.0,89.14068271899015,2.476130075527504,0.0,0.0,0.0,0.0,70.00606390743299,0.0,0.0,0.0,0.0,0.0,0.0,0.0,0.0,3.0069484655471914,0.0,61.99797014143531,5.001145300450485,66402,0,0,0,49,UTAH
2330,490114,0.0,0.0,0.0,1.0,0.0,0.0,1.0,5.009264620729589,0.0,0.0,0.0,0.0,0.0,1.0,0.0,0.0,4.009264620729589,0.0,0.0,0.0,66402,0,0,0,49,UTAH
2347,490131,0.0,0.0,0.0,0.0,0.0,0.0,0.0,5.011580775911986,0.0,0.0,0.0,0.0,0.0,0.0,0.0,0.0,5.011580775911986,0.0,0.0,0.0,81720,0,0,0,49,UTAH
2384,490168,0.0,0.0,0.0,0.0,0.0,0.0,0.0,0.0,0.0,0.0,0.0,0.0,0.0,0.0,0.0,0.0,0.0,0.0,0.0,0.0,81720,0,0,0,49,UTAH
2371,490155,5.0,12.584566972092729,2.5169133944185456,0.0,0.0,0.0,0.0,1.000229060090097,0.0,0.0,0.0,0.0,0.0,0.0,0.0,0.0,0.0,0.0,0.0,1.000229060090097,62109,0,0,0,49,UTAH
2357,490141,16.0,60.82540703178152,3.8015879394863448,0.0,0.0,0.0,0.0,8.014355051274578,0.0,0.0,0.0,0.0,0.0,0.0,0.0,0.0,6.013896931094383,0.0,0.0,2.000458120180194,81720,0,0,0,49,UTAH
2481,490265,74.0,230.71706115503332,3.1177981237166668,0.0,0.0,0.0,0.0,22.013903998977437,0.0,0.0,0.0,0.0,0.0,0.0,0.0,0.0,5.011580775911986,0.0,5.999803562074385,11.002519660991066,70166,0,0,0,49,UTAH
2496,490280,6.0,13.633280886433788,2.272213481072298,616.0,46.0,29.0,541.0,619.0048613704548,46.0,0.0,0.0,29.0,2.0,294.0,0.0,245.0,2.0046323103647943,0.0,0.0,1.000229060090097,70166,0,0,2401,49,UTAH
2507,490291,2.0,3.0,1.5,0.0,0.0,0.0,0.0,5.011580775911986,0.0,0.0,0.0,0.0,0.0,0.0,0.0,0.0,5.011580775911986,0.0,0.0,0.0,96089,0,0,0,49,UTAH
2743,490527,251.0,1019.3499247395108,4.06115507864347,0.0,0.0,0.0,0.0,49.00782054773799,0.0,0.0,0.0,0.0,0.0,0.0,0.0,0.0,0.0,0.0,12.999574384494501,36.00824616324349,123157,0,0,0,49,UTAH
2741,490525,266.0,1071.785620456564,4.029269249836706,0.0,0.0,0.0,0.0,38.00870428342368,0.0,0.0,0.0,0.0,0.0,0.0,0.0,0.0,0.0,0.0,0.0,38.00870428342368,123157,0,0,0,49,UTAH
2856,490640,545.0,1839.4442057542203,3.375126983035267,0.0,0.0,0.0,0.0,111.01678627843668,0.0,0.0,0.0,0.0,0.0,0.0,0.0,0.0,0.0,0.0,32.99891959140912,78.01786668702756,51612,0,0,0,49,UTAH
2857,490641,390.0,1355.9870912429917,3.476889977546132,0.0,0.0,0.0,0.0,62.012630927119815,0.0,0.0,0.0,0.0,0.0,0.0,0.0,0.0,0.0,0.0,5.999803562074385,56.01282736504543,93981,0,0,0,49,UTAH
3055,490839,0.0,0.0,0.0,254.0,190.0,12.0,52.0,474.0068906450808,190.0,0.0,0.0,12.0,18.0,17.0,0.0,17.0,6.013896931094383,0.0,213.99299371398638,0.0,51304,0,0,0,49,UTAH
3297,491081,0.0,0.0,0.0,0.0,0.0,0.0,0.0,5.011580775911986,0.0,0.0,0.0,0.0,0.0,0.0,0.0,0.0,5.011580775911986,0.0,0.0,0.0,75589,0,0,0,49,UTAH
2779,490563,306.0,1045.5677725980374,3.4168881457452205,743.0,28.0,44.0,671.0,843.0082452233252,26.0,2.0,16.0,28.0,113.0,51.0,169.0,338.0,0.0,0.0,55.99816657936093,44.01007864396426,70574,0,0,0,49,UTAH
2794,490578,0.0,0.0,0.0,0.0,0.0,0.0,0.0,0.0,0.0,0.0,0.0,0.0,0.0,0.0,0.0,0.0,0.0,0.0,0.0,0.0,76529,0,0,0,49,UTAH
2790,490574,0.0,0.0,0.0,0.0,0.0,0.0,0.0,0.0,0.0,0.0,0.0,0.0,0.0,0.0,0.0,0.0,0.0,0.0,0.0,0.0,76529,0,0,0,49,UTAH
2791,490575,1.0,1.0,1.0,0.0,0.0,0.0,0.0,3.999869041382923,0.0,0.0,0.0,0.0,0.0,0.0,0.0,0.0,0.0,0.0,3.999869041382923,0.0,76529,0,0,0,49,UTAH
2795,490579,0.0,0.0,0.0,0.0,0.0,0.0,0.0,0.0,0.0,0.0,0.0,0.0,0.0,0.0,0.0,0.0,0.0,0.0,0.0,0.0,76529,0,0,0,49,UTAH
2796,490580,0.0,0.0,0.0,0.0,0.0,0.0,0.0,0.0,0.0,0.0,0.0,0.0,0.0,0.0,0.0,0.0,0.0,0.0,0.0,0.0,76529,0,0,0,49,UTAH
2814,490598,0.0,0.0,0.0,126.0,2.0,37.0,87.0,127.0023161551824,2.0,0.0,5.0,32.0,10.0,4.0,0.0,73.0,1.0023161551823971,0.0,0.0,0.0,76529,0,0,0,49,UTAH
2792,490576,0.0,0.0,0.0,0.0,0.0,0.0,0.0,0.0,0.0,0.0,0.0,0.0,0.0,0.0,0.0,0.0,0.0,0.0,0.0,0.0,76529,0,0,0,49,UTAH
3069,490853,277.0,903.9913941619944,3.2635068381299432,176.0,72.0,29.0,75.0,217.00886786420523,44.0,28.0,7.0,22.0,14.0,2.0,12.0,47.0,0.0,0.0,1.9999345206914616,39.00893334351378,39576,0,0,0,49,UTAH
3068,490852,231.0,855.7505541023055,3.704547853256734,101.0,82.0,0.0,19.0,140.00736254504758,14.0,68.0,0.0,0.0,1.0,0.0,5.0,13.0,0.0,0.0,5.999803562074385,33.0075589829732,47045,0,0,0,49,UTAH
3066,490850,252.0,921.8195307057924,3.658014010737271,1701.0,303.0,12.0,1386.0,1750.007820547738,158.0,145.0,5.0,7.0,102.0,182.0,57.0,1045.0,0.0,0.0,12.999574384494501,36.00824616324349,44047,0,0,0,49,UTAH
3067,490851,247.0,746.6843070108351,3.0230133887078345,634.0,85.0,5.0,544.0,681.0076242273021,73.0,12.0,5.0,0.0,41.0,76.0,129.0,298.0,0.0,0.0,11.99960712414877,35.00801710315339,56909,0,0,0,49,UTAH
3073,490857,322.0,1020.398638653852,3.1689398715958137,77.0,13.0,7.0,57.0,134.0101766279475,8.0,5.0,0.0,7.0,2.0,17.0,3.0,35.0,0.0,0.0,10.999639863803038,46.01053676414446,54309,489,0,0,49,UTAH
3070,490854,178.0,505.4801067123912,2.8397758804066924,623.0,285.0,7.0,331.0,665.0051699281298,280.0,5.0,3.0,4.0,3.0,61.0,56.0,211.0,0.0,0.0,16.999443425877423,25.005726502252426,56488,0,8,78,49,UTAH
3074,490858,294.0,964.8168011937756,3.281689799978829,0.0,0.0,0.0,0.0,42.00962052378407,0.0,0.0,0.0,0.0,0.0,0.0,0.0,0.0,0.0,0.0,0.0,42.00962052378407,70276,0,0,0,49,UTAH
3071,490855,333.0,984.742365566256,2.9571842809797477,33.0,10.0,3.0,20.0,85.01060212596322,10.0,0.0,2.0,1.0,2.0,8.0,4.0,6.0,0.0,0.0,4.999836301728654,47.01076582423456,53962,0,0,0,49,UTAH
3072,490856,232.0,912.3811054767228,3.9326771787789774,175.0,28.0,16.0,131.0,212.00742802435613,28.0,0.0,0.0,16.0,6.0,55.0,7.0,63.0,0.0,0.0,3.999869041382923,33.0075589829732,101582,0,1225,0,49,UTAH
3305,491089,0.0,0.0,0.0,0.0,0.0,0.0,0.0,5.011580775911986,0.0,0.0,0.0,0.0,0.0,0.0,0.0,0.0,5.011580775911986,0.0,0.0,0.0,75589,0,0,0,49,UTAH
3316,491100,90.0,272.6656177286758,3.029617974763064,0.0,0.0,0.0,0.0,164.00977856755995,0.0,0.0,0.0,0.0,0.0,0.0,0.0,0.0,5.011580775911986,0.0,145.9952200104767,13.00297778117126,56564,0,0,0,49,UTAH
3301,491085,12.0,36.70498700193712,3.058748916828093,0.0,0.0,0.0,0.0,5.007406585727385,0.0,0.0,0.0,0.0,0.0,0.0,0.0,0.0,3.0069484655471914,0.0,0.0,2.000458120180194,75589,0,0,0,49,UTAH
3335,491119,28.0,77.60482966123848,2.771601059329946,312.0,1.0,16.0,295.0,466.01009866123997,1.0,0.0,14.0,2.0,0.0,68.0,213.0,14.0,6.013896931094383,0.0,143.99528548978523,4.000916240360388,75589,0,0,0,49,UTAH
3314,491098,110.0,335.5884525891394,3.050804114446722,0.0,0.0,0.0,0.0,259.0074536996375,0.0,0.0,0.0,0.0,0.0,0.0,0.0,0.0,5.011580775911986,0.0,237.99220796228394,16.00366496144155,75589,0,0,0,49,UTAH
3294,491078,10.0,24.1204200298444,2.41204200298444,0.0,0.0,0.0,0.0,5.009493680819686,0.0,0.0,0.0,0.0,0.0,0.0,0.0,0.0,4.009264620729589,0.0,0.0,1.000229060090097,75589,0,0,0,49,UTAH
2336,490120,8.0,26.217847858526515,3.2772309823158143,0.0,0.0,0.0,0.0,102.99688961535463,0.0,0.0,0.0,0.0,0.0,0.0,0.0,0.0,0.0,0.0,101.99666055526454,1.000229060090097,66402,0,0,0,49,UTAH
2329,490113,0.0,0.0,0.0,0.0,0.0,0.0,0.0,4.009264620729589,0.0,0.0,0.0,0.0,0.0,0.0,0.0,0.0,4.009264620729589,0.0,0.0,0.0,66402,0,0,0,49,UTAH
2230,490014,0.0,0.0,0.0,0.0,0.0,0.0,0.0,0.0,0.0,0.0,0.0,0.0,0.0,0.0,0.0,0.0,0.0,0.0,0.0,0.0,81720,0,0,0,49,UTAH
2221,490005,8.0,13.633280886433788,1.7041601108042237,0.0,0.0,0.0,0.0,11.023390611914069,0.0,0.0,0.0,0.0,0.0,0.0,0.0,0.0,10.023161551823971,0.0,0.0,1.000229060090097,81720,0,0,0,49,UTAH
2223,490007,24.0,110.11496100581137,4.58812337524214,22.0,0.0,1.0,21.0,29.00995180099988,0.0,0.0,0.0,1.0,0.0,15.0,0.0,6.0,4.009264620729589,0.0,0.0,3.000687180270291,81720,0,0,0,49,UTAH
2224,490008,3.0,14.681994800774849,4.8939982669249495,0.0,0.0,0.0,0.0,3.0069484655471914,0.0,0.0,0.0,0.0,0.0,0.0,0.0,0.0,3.0069484655471914,0.0,0.0,0.0,81720,0,0,0,49,UTAH
2295,490079,0.0,0.0,0.0,0.0,0.0,0.0,0.0,131.99567836563648,0.0,0.0,0.0,0.0,0.0,0.0,0.0,0.0,0.0,0.0,131.99567836563648,0.0,66402,0,0,0,49,UTAH
2219,490003,1.0,2.0974278286821213,2.0974278286821213,0.0,0.0,0.0,0.0,36.0833815865663,0.0,0.0,0.0,0.0,0.0,0.0,0.0,0.0,36.0833815865663,0.0,0.0,0.0,81720,0,0,0,49,UTAH
2342,490126,14.0,38.80241483061924,2.771601059329946,0.0,0.0,0.0,0.0,2.000458120180194,0.0,0.0,0.0,0.0,0.0,0.0,0.0,0.0,0.0,0.0,0.0,2.000458120180194,66402,0,0,0,49,UTAH
2334,490118,268.0,1121.0751744305935,4.183116322502215,0.0,0.0,0.0,0.0,51.01767424726485,0.0,0.0,0.0,0.0,0.0,0.0,0.0,0.0,4.009264620729589,0.0,8.999705343111577,38.00870428342368,66402,0,0,0,49,UTAH
2323,490107,75.0,299.9321795015434,3.999095726687245,40.0,28.0,5.0,7.0,135.0021184248691,27.0,1.0,0.0,5.0,5.0,0.0,0.0,2.0,1.0023161551823971,0.0,82.99728260869566,11.002519660991066,66402,0,0,0,49,UTAH
2286,490070,56.0,135.2840949499968,2.415787409821372,0.0,0.0,0.0,0.0,266.0074790189393,0.0,0.0,0.0,0.0,0.0,0.0,0.0,0.0,6.013896931094383,0.0,251.99174960712415,8.001832480720775,81720,0,0,0,49,UTAH
2345,490129,0.0,0.0,0.0,0.0,0.0,0.0,0.0,5.011580775911986,0.0,0.0,0.0,0.0,0.0,0.0,0.0,0.0,5.011580775911986,0.0,0.0,0.0,81720,0,0,0,49,UTAH
2273,490057,158.0,591.4746476883582,3.7435104284073306,0.0,0.0,0.0,0.0,86.00764177378224,0.0,0.0,0.0,0.0,0.0,0.0,0.0,0.0,2.0046323103647943,0.0,61.99797014143531,22.00503932198213,81720,0,0,0,49,UTAH
2232,490016,1.0,1.0,1.0,0.0,0.0,0.0,0.0,0.0,0.0,0.0,0.0,0.0,0.0,0.0,0.0,0.0,0.0,0.0,0.0,0.0,81720,0,0,0,49,UTAH
2241,490025,89.0,367.0498700193712,4.124155842914283,32.0,7.0,2.0,23.0,45.00297778117126,7.0,0.0,0.0,2.0,7.0,16.0,0.0,0.0,0.0,0.0,0.0,13.00297778117126,81720,96,0,0,49,UTAH
2248,490032,1.0,1.0,1.0,0.0,0.0,0.0,0.0,7.01621308627678,0.0,0.0,0.0,0.0,0.0,0.0,0.0,0.0,7.01621308627678,0.0,0.0,0.0,81720,0,0,0,49,UTAH
2406,490190,0.0,0.0,0.0,0.0,0.0,0.0,0.0,134.0050084656746,0.0,0.0,0.0,0.0,0.0,0.0,0.0,0.0,4.009264620729589,0.0,129.995743844945,0.0,81720,0,0,0,49,UTAH
2362,490146,237.0,958.5245177077294,4.044407247711939,0.0,0.0,0.0,0.0,36.007722563754754,0.0,0.0,0.0,0.0,0.0,0.0,0.0,0.0,0.0,0.0,1.9999345206914616,34.00778804306329,62109,0,0,0,49,UTAH
2361,490145,238.0,1006.7653577674182,4.230106545241253,120.0,0.0,2.0,118.0,195.00644571723828,0.0,0.0,0.0,2.0,12.0,102.0,2.0,2.0,0.0,0.0,40.998657674174964,34.00778804306329,62109,0,0,0,49,UTAH
2353,490137,313.0,1266.8464085240012,4.047432615092656,0.0,0.0,0.0,0.0,181.00585511107374,0.0,0.0,0.0,0.0,0.0,0.0,0.0,0.0,0.0,0.0,135.9955474070194,45.01030770405436,74211,0,0,0,49,UTAH
2320,490104,55.0,217.08378026859955,3.9469778230654464,45.0,11.0,2.0,32.0,55.00646479108558,11.0,0.0,1.0,1.0,0.0,32.0,0.0,0.0,2.0046323103647943,0.0,0.0,8.001832480720775,66402,0,0,0,49,UTAH
2363,490147,297.0,1201.8261458348554,4.046552679578638,108.0,5.0,12.0,91.0,150.00962052378406,5.0,0.0,0.0,12.0,2.0,73.0,5.0,11.0,0.0,0.0,0.0,42.00962052378407,74211,753,0,0,49,UTAH
2354,490138,127.0,499.1878232263449,3.9306127813098017,0.0,0.0,0.0,0.0,96.00156938858875,0.0,0.0,0.0,0.0,0.0,0.0,0.0,0.0,0.0,0.0,77.997446306967,18.004123081621746,74211,0,0,0,49,UTAH
2373,490157,1.0,2.0974278286821213,2.0974278286821213,0.0,0.0,0.0,0.0,0.0,0.0,0.0,0.0,0.0,0.0,0.0,0.0,0.0,0.0,0.0,0.0,0.0,62109,0,0,0,49,UTAH
2372,490156,25.0,81.79968531860273,3.271987412744109,0.0,0.0,0.0,0.0,148.00089951981897,0.0,0.0,0.0,0.0,0.0,0.0,0.0,0.0,2.0046323103647943,0.0,141.99535096909378,4.000916240360388,74211,0,0,0,49,UTAH
2367,490151,62.0,180.37879326666243,2.909335375268749,0.0,0.0,0.0,0.0,14.013642316722859,0.0,0.0,0.0,0.0,0.0,0.0,0.0,0.0,5.011580775911986,0.0,0.0,9.002061540810873,74211,0,0,0,49,UTAH
2374,490158,10.0,28.31527568720864,2.831527568720864,0.0,0.0,0.0,0.0,30.003977399789623,0.0,0.0,0.0,0.0,0.0,0.0,0.0,0.0,2.0046323103647943,0.0,26.999116029334733,1.000229060090097,73924,0,0,0,49,UTAH
2375,490159,2.0,5.243569571705304,2.621784785852652,1.0,0.0,1.0,0.0,129.0052049036002,0.0,0.0,0.0,1.0,0.0,0.0,0.0,0.0,4.009264620729589,0.0,123.99594028287062,0.0,73829,0,0,0,49,UTAH
2355,490139,5.0,12.584566972092729,2.5169133944185456,0.0,0.0,0.0,0.0,35.003813701518276,0.0,0.0,0.0,0.0,0.0,0.0,0.0,0.0,2.0046323103647943,0.0,31.998952331063386,1.000229060090097,81720,0,0,0,49,UTAH
2360,490144,174.0,701.5896086941696,4.032124187897527,285.0,22.0,26.0,237.0,327.0145655074765,22.0,0.0,1.0,25.0,5.0,208.0,0.0,24.0,4.009264620729589,0.0,12.999574384494501,25.005726502252426,79647,0,1307,0,49,UTAH
2397,490181,3.0,7.340997400387424,2.4469991334624748,0.0,0.0,0.0,0.0,80.00912530184179,0.0,0.0,0.0,0.0,0.0,0.0,0.0,0.0,5.011580775911986,0.0,74.99754452592981,0.0,79647,0,0,0,49,UTAH
2399,490183,0.0,0.0,0.0,0.0,0.0,0.0,0.0,3.0069484655471914,0.0,0.0,0.0,0.0,0.0,0.0,0.0,0.0,3.0069484655471914,0.0,0.0,0.0,79647,0,0,0,49,UTAH
2394,490178,0.0,0.0,0.0,0.0,0.0,0.0,0.0,3.0069484655471914,0.0,0.0,0.0,0.0,0.0,0.0,0.0,0.0,3.0069484655471914,0.0,0.0,0.0,81720,0,0,0,49,UTAH
2377,490161,31.0,74.4586879182153,2.4018931586521064,0.0,0.0,0.0,0.0,11.017129326637168,0.0,0.0,0.0,0.0,0.0,0.0,0.0,0.0,7.01621308627678,0.0,0.0,4.000916240360388,79422,0,0,0,49,UTAH
2431,490215,314.0,1385.3510808445412,4.411946117339303,0.0,0.0,0.0,0.0,45.01030770405436,0.0,0.0,0.0,0.0,0.0,0.0,0.0,0.0,0.0,0.0,0.0,45.01030770405436,74058,0,0,0,49,UTAH
2433,490217,265.0,1187.1441510340806,4.47978924918521,101.0,36.0,3.0,62.0,139.0087042834237,36.0,0.0,0.0,3.0,4.0,29.0,0.0,29.0,0.0,0.0,0.0,38.00870428342368,69958,371,0,0,49,UTAH
2430,490214,141.0,599.8643590030867,4.25435715605026,0.0,0.0,0.0,0.0,20.00458120180194,0.0,0.0,0.0,0.0,0.0,0.0,0.0,0.0,0.0,0.0,0.0,20.00458120180194,79647,0,0,0,49,UTAH
2376,490160,70.0,248.54519769883137,3.550645681411877,100.0,9.0,6.0,85.0,112.00692291126578,9.0,0.0,0.0,6.0,0.0,74.0,0.0,11.0,2.0046323103647943,0.0,0.0,10.00229060090097,73446,988,0,0,49,UTAH
2419,490203,217.0,915.527247219746,4.219019572441225,0.0,0.0,0.0,0.0,35.01636548352259,0.0,0.0,0.0,0.0,0.0,0.0,0.0,0.0,4.009264620729589,0.0,0.0,31.007100862793006,79568,0,0,0,49,UTAH
2418,490202,459.0,1924.3900328158463,4.192570877594436,0.0,0.0,0.0,0.0,171.01141850250377,0.0,0.0,0.0,0.0,0.0,0.0,0.0,0.0,0.0,0.0,105.99652959664746,65.0148889058563,79647,0,0,0,49,UTAH
2423,490207,426.0,1704.1601108042237,4.000375846958271,28.0,12.0,11.0,5.0,89.01397266549591,12.0,0.0,0.0,11.0,1.0,0.0,0.0,4.0,0.0,0.0,0.0,61.01397266549591,79509,0,0,0,49,UTAH
2426,490210,253.0,1067.5907647991996,4.219726343079841,228.0,113.0,0.0,115.0,264.0082461632435,113.0,0.0,0.0,0.0,6.0,60.0,2.0,47.0,0.0,0.0,0.0,36.00824616324349,79509,0,98,229,49,UTAH
2410,490194,0.0,0.0,0.0,0.0,0.0,0.0,0.0,3.0069484655471914,0.0,0.0,0.0,0.0,0.0,0.0,0.0,0.0,3.0069484655471914,0.0,0.0,0.0,81720,0,0,0,49,UTAH
2451,490235,17.0,47.19212614534773,2.7760074203145724,0.0,0.0,0.0,0.0,2.000458120180194,0.0,0.0,0.0,0.0,0.0,0.0,0.0,0.0,0.0,0.0,0.0,2.000458120180194,91516,0,0,0,49,UTAH
2448,490232,13.0,38.80241483061924,2.984801140816865,0.0,0.0,0.0,0.0,128.996300184088,0.0,0.0,0.0,0.0,0.0,0.0,0.0,0.0,0.0,0.0,126.99584206390782,2.000458120180194,91516,0,0,0,49,UTAH
2450,490234,39.0,138.43023669302,3.5494932485389743,0.0,0.0,0.0,0.0,625.985773564567,0.0,0.0,0.0,0.0,0.0,0.0,0.0,0.0,2.0046323103647943,0.0,617.9797668936617,6.001374360540582,91516,0,0,0,49,UTAH
2445,490229,0.0,0.0,0.0,7.0,3.0,3.0,1.0,7.0,3.0,0.0,0.0,3.0,0.0,0.0,0.0,1.0,0.0,0.0,0.0,0.0,91516,0,0,0,49,UTAH
2454,490238,93.0,373.3421535054176,4.01443175812277,0.0,0.0,0.0,0.0,13.00297778117126,0.0,0.0,0.0,0.0,0.0,0.0,0.0,0.0,0.0,0.0,0.0,13.00297778117126,91516,0,0,0,49,UTAH
2453,490237,21.0,62.92283486046364,2.996325469545888,0.0,0.0,0.0,0.0,3.000687180270291,0.0,0.0,0.0,0.0,0.0,0.0,0.0,0.0,0.0,0.0,0.0,3.000687180270291,91516,0,0,0,49,UTAH
2452,490236,21.0,58.7279792030994,2.796570438242828,0.0,0.0,0.0,0.0,3.000687180270291,0.0,0.0,0.0,0.0,0.0,0.0,0.0,0.0,0.0,0.0,0.0,3.000687180270291,91516,0,0,0,49,UTAH
2443,490227,68.0,205.5479272108479,3.0227636354536456,0.0,0.0,0.0,0.0,10.00229060090097,0.0,0.0,0.0,0.0,0.0,0.0,0.0,0.0,0.0,0.0,0.0,10.00229060090097,91516,0,0,0,49,UTAH
2459,490243,336.0,1329.769243384465,3.95764655769186,0.0,0.0,0.0,0.0,231.00500352759337,0.0,0.0,0.0,0.0,0.0,0.0,0.0,0.0,0.0,0.0,182.99400864326873,48.01099488432465,91516,0,0,0,49,UTAH
2461,490245,244.0,956.4270898790472,3.919783155241997,7.0,2.0,0.0,5.0,58.00749326868508,2.0,0.0,0.0,0.0,4.0,0.0,0.0,1.0,0.0,0.0,15.999476165531693,35.00801710315339,91516,0,0,0,49,UTAH
2462,490246,295.0,1142.049452717415,3.8713540770081862,195.0,7.0,55.0,133.0,246.00932586689564,7.0,0.0,0.0,55.0,6.0,102.0,10.0,15.0,0.0,0.0,8.999705343111577,42.00962052378407,104302,1152,0,0,49,UTAH
2463,490247,580.0,2360.6550211817275,4.0700948641064265,0.0,0.0,0.0,0.0,308.0116455652675,0.0,0.0,0.0,0.0,0.0,0.0,0.0,0.0,0.0,0.0,224.99263357778943,83.01901198747805,106764,0,0,0,49,UTAH
2465,490249,324.0,1302.5026816115974,4.020070004974066,0.0,0.0,0.0,0.0,56.01020936760177,0.0,0.0,0.0,0.0,0.0,0.0,0.0,0.0,0.0,0.0,9.999672603457308,46.01053676414446,105199,0,0,0,49,UTAH
2467,490251,233.0,964.8168011937756,4.140844640316634,27.0,0.0,0.0,27.0,70.0072315864305,0.0,0.0,0.0,0.0,4.0,0.0,2.0,21.0,0.0,0.0,9.999672603457308,33.0075589829732,83446,0,0,0,49,UTAH
2469,490253,116.0,441.50855793758654,3.8061082580826415,189.0,6.0,7.0,176.0,207.00621017671403,6.0,0.0,0.0,7.0,3.0,73.0,85.0,15.0,1.0023161551823971,0.0,0.0,17.003894021531647,96951,888,0,0,49,UTAH
2466,490250,429.0,1760.7906621786408,4.104407137945549,20.0,5.0,0.0,15.0,88.01374348791603,0.0,5.0,0.0,0.0,5.0,0.0,3.0,7.0,0.0,0.0,6.999770822420116,61.01397266549591,106764,0,0,0,49,UTAH
2468,490252,111.0,425.77784922247065,3.8358364794817175,2.0,0.0,0.0,2.0,282.9949889530602,0.0,0.0,0.0,0.0,0.0,0.0,0.0,2.0,0.0,0.0,264.9913239916187,16.00366496144155,96951,0,0,0,49,UTAH
2458,490242,0.0,0.0,0.0,0.0,0.0,0.0,0.0,0.0,0.0,0.0,0.0,0.0,0.0,0.0,0.0,0.0,0.0,0.0,0.0,0.0,96951,0,0,0,49,UTAH
2475,490259,9.0,33.55884525891394,3.728760584323771,0.0,0.0,0.0,0.0,266.0009486310554,0.0,0.0,0.0,0.0,0.0,0.0,0.0,0.0,4.009264620729589,0.0,260.9914549502357,1.000229060090097,96951,0,0,0,49,UTAH
2473,490257,0.0,0.0,0.0,0.0,0.0,0.0,0.0,4.009264620729589,0.0,0.0,0.0,0.0,0.0,0.0,0.0,0.0,4.009264620729589,0.0,0.0,0.0,96951,0,0,0,49,UTAH
2471,490255,0.0,0.0,0.0,0.0,0.0,0.0,0.0,5.011580775911986,0.0,0.0,0.0,0.0,0.0,0.0,0.0,0.0,5.011580775911986,0.0,0.0,0.0,96951,0,0,0,49,UTAH
2474,490258,17.0,59.77669311744046,3.5162760657317915,0.0,0.0,0.0,0.0,6.009722740909782,0.0,0.0,0.0,0.0,0.0,0.0,0.0,0.0,4.009264620729589,0.0,0.0,2.000458120180194,96951,0,0,0,49,UTAH
2476,490260,0.0,0.0,0.0,0.0,0.0,0.0,0.0,4.009264620729589,0.0,0.0,0.0,0.0,0.0,0.0,0.0,0.0,4.009264620729589,0.0,0.0,0.0,70166,0,0,0,49,UTAH
2435,490219,488.0,2113.158537397237,4.330242904502535,108.0,10.0,4.0,94.0,191.02239347556693,10.0,0.0,1.0,3.0,0.0,74.0,0.0,20.0,3.0069484655471914,0.0,10.999639863803038,69.01580514621669,78311,1349,0,0,49,UTAH
2432,490216,474.0,1984.166725933287,4.186005750914107,0.0,0.0,0.0,0.0,67.0153470260365,0.0,0.0,0.0,0.0,0.0,0.0,0.0,0.0,0.0,0.0,0.0,67.0153470260365,79422,0,0,0,49,UTAH
2437,490221,741.0,3181.798016110778,4.293924448192683,0.0,0.0,0.0,0.0,105.02405130946018,0.0,0.0,0.0,0.0,0.0,0.0,0.0,0.0,0.0,0.0,0.0,105.02405130946018,75827,0,0,0,49,UTAH
2436,490220,444.0,1958.9975919891008,4.412156738714192,20.0,6.0,0.0,14.0,102.013808732245,6.0,0.0,0.0,0.0,5.0,0.0,4.0,5.0,0.0,0.0,18.999377946568885,63.014430785676105,78311,0,0,0,49,UTAH
2434,490218,549.0,2442.4547065003303,4.448915676685483,202.0,75.0,6.0,121.0,286.01767024910197,21.0,54.0,1.0,5.0,7.0,56.0,40.0,18.0,0.0,0.0,5.999803562074385,78.01786668702756,76751,965,0,0,49,UTAH
2479,490263,221.0,916.575961134087,4.147402539068267,177.0,75.0,42.0,60.0,210.0117331731578,75.0,0.0,1.0,41.0,7.0,10.0,0.0,43.0,2.0046323103647943,0.0,0.0,31.007100862793006,96951,0,1266,0,49,UTAH
2470,490254,371.0,1632.8475646290317,4.4012063736631575,0.0,0.0,0.0,0.0,53.012140184775134,0.0,0.0,0.0,0.0,0.0,0.0,0.0,0.0,0.0,0.0,0.0,53.012140184775134,83446,0,0,0,49,UTAH
2500,490284,971.0,3951.554029237117,4.069571605805475,121.0,6.0,11.0,104.0,379.02768153392105,6.0,0.0,1.0,10.0,8.0,62.0,2.0,32.0,0.0,0.0,119.9960712414877,138.03161029243338,83446,903,0,0,49,UTAH
2501,490285,21.0,59.77669311744046,2.846509196068593,0.0,0.0,0.0,0.0,129.00125977350572,0.0,0.0,0.0,0.0,0.0,0.0,0.0,0.0,2.0046323103647943,0.0,123.99594028287062,3.000687180270291,70166,0,0,0,49,UTAH
2502,490286,14.0,39.85112874496031,2.846509196068593,0.0,0.0,0.0,0.0,37.00635891679077,0.0,0.0,0.0,0.0,0.0,0.0,0.0,0.0,3.0069484655471914,0.0,31.998952331063386,2.000458120180194,70166,0,0,0,49,UTAH
2503,490287,32.0,108.01753317712924,3.375547911785289,0.0,0.0,0.0,0.0,7.005777610815279,0.0,0.0,0.0,0.0,0.0,0.0,0.0,0.0,2.0046323103647943,0.0,0.0,5.001145300450485,70166,0,0,0,49,UTAH
2504,490288,32.0,97.53039403371864,3.0478248135537074,0.0,0.0,0.0,0.0,9.010409921180074,0.0,0.0,0.0,0.0,0.0,0.0,0.0,0.0,4.009264620729589,0.0,0.0,5.001145300450485,70166,0,0,0,49,UTAH
2505,490289,3.0,4.0,1.3333333333333333,0.0,0.0,0.0,0.0,8.00443587243918,0.0,0.0,0.0,0.0,0.0,0.0,0.0,0.0,2.0046323103647943,0.0,5.999803562074385,0.0,70166,0,0,0,49,UTAH
2498,490282,38.0,120.60210014922195,3.1737394776111043,40.0,19.0,14.0,7.0,180.99904160230653,18.0,1.0,0.0,14.0,1.0,0.0,0.0,6.0,1.0023161551823971,0.0,134.99558014667366,5.001145300450485,70166,0,0,0,49,UTAH
2497,490281,223.0,768.7072992119975,3.447117933686087,0.0,0.0,0.0,0.0,53.011340179816784,0.0,0.0,0.0,0.0,0.0,0.0,0.0,0.0,2.0046323103647943,0.0,18.999377946568885,32.0073299228831,70166,0,0,0,49,UTAH
2499,490283,0.0,0.0,0.0,0.0,0.0,0.0,0.0,5.011580775911986,0.0,0.0,0.0,0.0,0.0,0.0,0.0,0.0,5.011580775911986,0.0,0.0,0.0,70166,0,0,0,49,UTAH
2493,490277,309.0,1311.9411068406669,4.245764099807984,0.0,0.0,0.0,0.0,72.00916193364472,0.0,0.0,0.0,0.0,0.0,0.0,0.0,0.0,0.0,0.0,27.999083289680463,44.01007864396426,96415,0,0,0,49,UTAH
2492,490276,209.0,822.1917088433916,3.933931621260247,39.0,7.0,12.0,20.0,156.0040234527815,7.0,0.0,0.0,12.0,0.0,0.0,0.0,20.0,0.0,0.0,86.99715165007858,30.006871802702907,96415,0,0,0,49,UTAH
2491,490275,66.0,207.64535503953,3.146141743023182,0.0,0.0,0.0,0.0,11.006693851175667,0.0,0.0,0.0,0.0,0.0,0.0,0.0,0.0,2.0046323103647943,0.0,0.0,9.002061540810873,96415,0,0,0,49,UTAH
2494,490278,5.0,18.87685045813909,3.7753700916278174,62.0,14.0,9.0,39.0,89.00172672391577,14.0,0.0,0.0,9.0,0.0,28.0,0.0,11.0,1.0023161551823971,0.0,24.99918150864327,1.000229060090097,96415,0,0,0,49,UTAH
2511,490295,98.0,337.6858804178215,3.445774289977771,0.0,0.0,0.0,0.0,16.00783915162615,0.0,0.0,0.0,0.0,0.0,0.0,0.0,0.0,2.0046323103647943,0.0,0.0,14.003206841261356,70166,0,0,0,49,UTAH
2513,490297,546.0,1930.6823163018928,3.536048198355114,577.0,169.0,0.0,408.0,655.0178666870275,4.0,165.0,0.0,0.0,53.0,255.0,81.0,19.0,0.0,0.0,0.0,78.01786668702756,70166,0,0,0,49,UTAH
2514,490298,0.0,0.0,0.0,116.0,86.0,0.0,30.0,118.0046323103648,0.0,86.0,0.0,0.0,0.0,4.0,0.0,26.0,2.0046323103647943,0.0,0.0,0.0,70166,0,0,0,49,UTAH
2427,490211,657.0,2649.051347625519,4.03204162500079,170.0,2.0,2.0,166.0,430.01609686586045,2.0,0.0,0.0,2.0,109.0,1.0,20.0,36.0,0.0,0.0,165.9945652173913,94.02153164846912,96415,0,0,0,49,UTAH
2429,490213,0.0,0.0,0.0,0.0,0.0,0.0,0.0,0.0,0.0,0.0,0.0,0.0,0.0,0.0,0.0,0.0,0.0,0.0,0.0,0.0,102760,0,0,0,49,UTAH
2421,490205,341.0,1339.2076686135345,3.927295215875468,274.0,54.0,22.0,198.0,323.0112239444147,47.0,7.0,2.0,20.0,9.0,87.0,21.0,81.0,0.0,0.0,0.0,49.01122394441475,102760,1140,0,0,49,UTAH
2518,490302,0.0,0.0,0.0,0.0,0.0,0.0,0.0,0.0,0.0,0.0,0.0,0.0,0.0,0.0,0.0,0.0,0.0,0.0,0.0,0.0,87096,0,0,0,49,UTAH
2521,490305,13.0,42.997270487983485,3.307482345229499,0.0,0.0,0.0,0.0,100.00194742373516,0.0,0.0,0.0,0.0,0.0,0.0,0.0,0.0,2.0046323103647943,0.0,95.99685699319016,2.000458120180194,107045,0,0,0,49,UTAH
2524,490308,999.0,3620.160432305341,3.623784216521863,62.0,0.0,0.0,62.0,204.03252653279375,0.0,0.0,0.0,0.0,13.0,3.0,6.0,40.0,0.0,0.0,0.0,142.03252653279375,106434,0,0,0,49,UTAH
2522,490306,0.0,0.0,0.0,1050.0,540.0,2.0,508.0,1050.0,442.0,98.0,2.0,0.0,1.0,68.0,60.0,379.0,0.0,0.0,0.0,0.0,107045,0,0,0,49,UTAH
2525,490309,98.0,360.75758653332485,3.6811998625849474,261.0,2.0,0.0,259.0,275.0032068412614,1.0,1.0,0.0,0.0,0.0,60.0,20.0,179.0,0.0,0.0,0.0,14.003206841261356,107045,958,0,0,49,UTAH
2526,490310,932.0,3386.2972294072847,3.6333661259734815,208.0,12.0,17.0,179.0,426.02768212137005,12.0,0.0,0.0,17.0,55.0,86.0,5.0,33.0,0.0,0.0,84.99721712938712,133.03046499198288,91670,969,0,0,49,UTAH
2519,490303,11.0,32.51013134457288,2.955466485870262,0.0,0.0,0.0,0.0,149.00034318067594,0.0,0.0,0.0,0.0,0.0,0.0,0.0,0.0,2.0046323103647943,0.0,144.99525275013096,2.000458120180194,91670,0,0,0,49,UTAH
2527,490311,9.0,33.55884525891394,3.728760584323771,4.0,1.0,0.0,3.0,21.006751910131786,1.0,0.0,0.0,0.0,0.0,1.0,0.0,2.0,3.0069484655471914,0.0,12.999574384494501,1.000229060090097,91670,0,0,0,49,UTAH
2520,490304,270.0,822.1917088433916,3.0451544771977463,0.0,0.0,0.0,0.0,40.01333659378848,0.0,0.0,0.0,0.0,0.0,0.0,0.0,0.0,2.0046323103647943,0.0,0.0,38.00870428342368,91670,0,0,0,49,UTAH
2586,490370,24.0,69.21511834651,2.8839632644379165,0.0,0.0,0.0,0.0,7.009951800999879,0.0,0.0,0.0,0.0,0.0,0.0,0.0,0.0,4.009264620729589,0.0,0.0,3.000687180270291,91670,0,0,0,49,UTAH
2523,490307,407.0,1464.0046244201208,3.597062959263196,344.0,243.0,1.0,100.0,415.01285986972016,38.0,205.0,0.0,1.0,27.0,0.0,46.0,27.0,0.0,0.0,12.999574384494501,58.01328548522562,107045,0,0,0,49,UTAH
2551,490335,56.0,177.23265152363925,3.164868777207844,6.0,3.0,1.0,2.0,271.0004650740836,3.0,0.0,0.0,1.0,0.0,1.0,0.0,1.0,3.0069484655471914,0.0,253.99168412781563,8.001832480720775,107045,0,0,0,49,UTAH
2553,490337,197.0,637.6180599193649,3.236639898067842,0.0,0.0,0.0,0.0,254.0107589948412,0.0,0.0,0.0,0.0,0.0,0.0,0.0,0.0,5.011580775911986,0.0,220.9927645364065,28.006413682522712,107045,0,0,0,49,UTAH
2552,490336,60.0,173.03779586627502,2.883963264437917,139.0,47.0,1.0,91.0,159.00639919428724,47.0,0.0,1.0,0.0,0.0,4.0,0.0,87.0,2.0046323103647943,0.0,8.999705343111577,9.002061540810873,107045,0,0,0,49,UTAH
2556,490340,38.0,102.77396360542394,2.7045779896164195,3.0,1.0,0.0,2.0,11.008093765997677,1.0,0.0,0.0,0.0,0.0,0.0,0.0,2.0,3.0069484655471914,0.0,0.0,5.001145300450485,85040,0,0,0,49,UTAH
2554,490338,906.0,3182.846730025119,3.513075860954878,0.0,0.0,0.0,0.0,412.02263232430096,0.0,0.0,0.0,0.0,0.0,0.0,0.0,0.0,1.0023161551823971,0.0,281.9907674174961,129.0295487516225,107045,0,0,0,49,UTAH
2589,490373,0.0,0.0,0.0,0.0,0.0,0.0,0.0,2.0046323103647943,0.0,0.0,0.0,0.0,0.0,0.0,0.0,0.0,2.0046323103647943,0.0,0.0,0.0,107045,0,0,0,49,UTAH
2592,490376,446.0,1561.5350184538393,3.501199592945828,0.0,0.0,0.0,0.0,192.01725405478535,0.0,0.0,0.0,0.0,0.0,0.0,0.0,0.0,3.0069484655471914,0.0,125.99587480356207,63.014430785676105,107045,0,0,0,49,UTAH
2593,490377,349.0,1253.2131276375674,3.590868560566096,72.0,15.0,16.0,41.0,144.0130816269476,14.0,1.0,0.0,16.0,3.0,6.0,0.0,32.0,1.0023161551823971,0.0,20.999312467260346,50.01145300450485,85040,511,0,0,49,UTAH
2598,490382,0.0,0.0,0.0,319.0,81.0,139.0,99.0,319.0,81.0,0.0,0.0,139.0,11.0,4.0,0.0,84.0,0.0,0.0,0.0,0.0,87096,0,0,0,49,UTAH
2528,490312,316.0,1274.1874059243887,4.032238626343002,0.0,0.0,0.0,0.0,47.01494001441915,0.0,0.0,0.0,0.0,0.0,0.0,0.0,0.0,2.0046323103647943,0.0,0.0,45.01030770405436,96089,0,0,0,49,UTAH
2529,490313,230.0,871.4812628174215,3.7890489687713975,0.0,0.0,0.0,0.0,37.01682360370279,0.0,0.0,0.0,0.0,0.0,0.0,0.0,0.0,4.009264620729589,0.0,0.0,33.0075589829732,83312,0,0,0,49,UTAH
2534,490318,323.0,1282.5771172391171,3.9708269883564,0.0,0.0,0.0,0.0,48.01516907450926,0.0,0.0,0.0,0.0,0.0,0.0,0.0,0.0,2.0046323103647943,0.0,0.0,46.01053676414446,83312,0,0,0,49,UTAH
2533,490317,236.0,920.7708167914512,3.901571257590895,0.0,0.0,0.0,0.0,35.01010419824569,0.0,0.0,0.0,0.0,0.0,0.0,0.0,0.0,1.0023161551823971,0.0,0.0,34.00778804306329,95907,0,0,0,49,UTAH
2532,490316,353.0,1386.399794758882,3.927478172121479,23.0,1.0,3.0,19.0,74.01376915968726,1.0,0.0,0.0,3.0,11.0,0.0,1.0,7.0,1.0023161551823971,0.0,0.0,50.01145300450485,95907,0,0,0,49,UTAH
2530,490314,175.0,686.9076138933947,3.925186365105112,0.0,0.0,0.0,0.0,140.0066592316848,0.0,0.0,0.0,0.0,0.0,0.0,0.0,0.0,2.0046323103647943,0.0,112.99630041906758,25.005726502252426,96089,0,0,0,49,UTAH
2538,490322,53.0,183.5249350096856,3.462734622824257,141.0,6.0,7.0,128.0,149.00183248072076,6.0,0.0,0.0,7.0,4.0,58.0,0.0,66.0,0.0,0.0,0.0,8.001832480720775,96089,850,0,0,49,UTAH
2539,490323,104.0,442.5572718519276,4.255358383191611,42.0,1.0,1.0,40.0,66.00314124446304,1.0,0.0,0.0,1.0,2.0,2.0,31.0,5.0,0.0,0.0,8.999705343111577,15.003435901351454,96086,0,0,0,49,UTAH
2542,490326,414.0,1733.5241004057732,4.187256281173365,13.0,1.0,0.0,12.0,72.01351454531573,1.0,0.0,0.0,0.0,8.0,0.0,1.0,3.0,0.0,0.0,0.0,59.01351454531572,74290,0,0,0,49,UTAH
2536,490320,115.0,424.7291353081296,3.693296828766344,0.0,0.0,0.0,0.0,206.00214221680375,0.0,0.0,0.0,0.0,0.0,0.0,0.0,0.0,2.0046323103647943,0.0,187.9938449449974,16.00366496144155,93988,0,0,0,49,UTAH
2535,490319,601.0,2396.311294269324,3.98720681242816,0.0,0.0,0.0,0.0,89.02664763329554,0.0,0.0,0.0,0.0,0.0,0.0,0.0,0.0,3.0069484655471914,0.0,0.0,86.01969916774834,93988,0,0,0,49,UTAH
2544,490328,146.0,589.3772198596761,4.03683027301148,20.0,1.0,0.0,19.0,42.00712641707444,1.0,0.0,0.0,0.0,0.0,0.0,11.0,8.0,1.0023161551823971,0.0,0.0,21.00481026189204,89516,0,0,0,49,UTAH
2545,490329,96.0,394.3164317922388,4.107462831169154,0.0,0.0,0.0,0.0,18.00777367231761,0.0,0.0,0.0,0.0,0.0,0.0,0.0,0.0,2.0046323103647943,0.0,1.9999345206914616,14.003206841261356,83145,0,0,0,49,UTAH
2549,490333,0.0,0.0,0.0,634.0,82.0,57.0,495.0,648.999508905186,23.0,59.0,3.0,54.0,155.0,47.0,85.0,208.0,0.0,0.0,14.999508905185962,0.0,80705,0,0,0,49,UTAH
2550,490334,15.0,40.89984265930136,2.726656177286757,607.0,147.0,30.0,430.0,609.0004581201802,27.0,120.0,3.0,27.0,44.0,5.0,147.0,234.0,0.0,0.0,0.0,2.000458120180194,80705,0,0,0,49,UTAH
2548,490332,254.0,872.5299767317624,3.4351573887077262,840.0,226.0,116.0,498.0,878.0081806839349,224.0,2.0,3.0,113.0,118.0,122.0,11.0,247.0,0.0,0.0,1.9999345206914616,36.00824616324349,80705,0,0,0,49,UTAH
2547,490331,120.0,410.0471405073547,3.417059504227956,503.0,142.0,8.0,353.0,540.0055881232829,127.0,15.0,7.0,1.0,29.0,22.0,48.0,254.0,1.0023161551823971,0.0,18.999377946568885,17.003894021531647,54694,0,0,0,49,UTAH
2546,490330,169.0,542.1850937143283,3.2081958207948422,145.0,43.0,1.0,101.0,191.0047771697684,2.0,41.0,0.0,1.0,4.0,57.0,1.0,39.0,0.0,0.0,21.999279727606076,24.005497442162326,54694,0,0,0,49,UTAH
2543,490327,344.0,1215.4594267212892,3.533312286980492,253.0,35.0,5.0,213.0,302.0112239444147,35.0,0.0,0.0,5.0,1.0,51.0,21.0,140.0,0.0,0.0,0.0,49.01122394441475,66552,783,0,0,49,UTAH
2570,490354,90.0,307.27317690193075,3.414146410021453,1237.0,305.0,85.0,847.0,1250.0029777811712,220.0,85.0,72.0,13.0,38.0,124.0,7.0,678.0,0.0,0.0,0.0,13.00297778117126,76187,0,0,1617,49,UTAH
2569,490353,224.0,761.36630181161,3.398956704516116,386.0,5.0,46.0,335.0,418.0073299228831,5.0,0.0,0.0,46.0,54.0,96.0,107.0,78.0,0.0,0.0,0.0,32.0073299228831,67297,0,0,0,49,UTAH
2568,490352,191.0,635.5206320906827,3.32733315230724,738.0,36.0,18.0,684.0,765.0061846224327,29.0,7.0,18.0,0.0,44.0,75.0,70.0,495.0,0.0,0.0,0.0,27.006184622432617,70166,0,0,0,49,UTAH
2572,490356,188.0,616.6437816325437,3.2800201150667214,994.0,290.0,40.0,664.0,1022.0061518827785,290.0,0.0,10.0,30.0,53.0,77.0,29.0,505.0,0.0,0.0,0.9999672603457308,27.006184622432617,81410,609,0,0,49,UTAH
2571,490355,217.0,685.8588999790537,3.160640092069372,50.0,2.0,1.0,47.0,84.00935153866686,2.0,0.0,0.0,1.0,0.0,40.0,0.0,7.0,1.0023161551823971,0.0,1.9999345206914616,31.007100862793006,73538,0,0,0,49,UTAH
2559,490343,55.0,181.4275071810035,3.2986819487455183,189.0,64.0,6.0,119.0,205.0015705634866,64.0,0.0,1.0,5.0,0.0,6.0,47.0,66.0,0.0,0.0,7.999738082765846,8.001832480720775,82474,0,0,0,49,UTAH
2541,490325,532.0,2084.8432617100284,3.918878311485016,381.0,38.0,32.0,311.0,457.0174085668474,37.0,1.0,3.0,29.0,26.0,2.0,25.0,258.0,0.0,0.0,0.0,76.01740856684737,74290,0,0,0,49,UTAH
2557,490341,143.0,612.4489259751795,4.282859622204052,732.0,548.0,2.0,182.0,752.0045812018019,537.0,11.0,0.0,2.0,3.0,135.0,0.0,44.0,0.0,0.0,0.0,20.00458120180194,77253,0,2002,0,49,UTAH
2562,490346,127.0,360.75758653332485,2.840610917585235,81.0,1.0,24.0,56.0,99.00412308162174,1.0,0.0,11.0,13.0,0.0,1.0,0.0,55.0,0.0,0.0,0.0,18.004123081621746,68933,0,0,0,49,UTAH
2560,490344,137.0,560.0132302581264,4.087687812103113,144.0,25.0,7.0,112.0,164.00666829689425,25.0,0.0,0.0,7.0,2.0,55.0,0.0,55.0,1.0023161551823971,0.0,0.0,19.00435214171184,77253,477,125,0,49,UTAH
2537,490321,304.0,1265.7976946096603,4.16380820595283,63.0,1.0,4.0,58.0,108.01448189423897,1.0,0.0,0.0,4.0,9.0,1.0,43.0,5.0,2.0046323103647943,0.0,0.0,43.00984958387417,77253,0,0,0,49,UTAH
2565,490349,25.0,92.28682446201334,3.6914729784805336,0.0,0.0,0.0,0.0,28.00482827833126,0.0,0.0,0.0,0.0,0.0,0.0,0.0,0.0,2.0046323103647943,0.0,21.999279727606076,4.000916240360388,112546,0,0,0,49,UTAH
2564,490348,210.0,895.6016828472658,4.264769918320313,18.0,3.0,4.0,11.0,49.0091879578853,3.0,0.0,0.0,4.0,6.0,1.0,0.0,4.0,1.0023161551823971,0.0,0.0,30.006871802702907,112546,0,0,0,49,UTAH
2563,490347,101.0,403.75485702130834,3.997572841795132,0.0,0.0,0.0,0.0,16.00783915162615,0.0,0.0,0.0,0.0,0.0,0.0,0.0,0.0,2.0046323103647943,0.0,0.0,14.003206841261356,77253,0,0,0,49,UTAH
2567,490351,185.0,715.2228895806034,3.8660696734086666,0.0,0.0,0.0,0.0,27.00827171752492,0.0,0.0,0.0,0.0,0.0,0.0,0.0,0.0,1.0023161551823971,0.0,0.0,26.00595556234252,93596,0,0,0,49,UTAH
2579,490363,208.0,641.8129155767291,3.085639017195813,312.0,46.0,9.0,257.0,342.0068718027029,46.0,0.0,1.0,8.0,4.0,97.0,0.0,156.0,0.0,0.0,0.0,30.006871802702907,71196,0,1332,0,49,UTAH
2578,490362,239.0,859.9454097596697,3.5980979487852287,225.0,51.0,1.0,173.0,259.0077880430633,51.0,0.0,0.0,1.0,5.0,61.0,5.0,102.0,0.0,0.0,0.0,34.00778804306329,66634,718,0,0,49,UTAH
2584,490368,287.0,1326.6231016414415,4.622380145092132,0.0,0.0,0.0,0.0,42.01170761887637,0.0,0.0,0.0,0.0,0.0,0.0,0.0,0.0,1.0023161551823971,0.0,0.0,41.00939146369397,129697,0,0,0,49,UTAH
2583,490367,245.0,820.0942810147094,3.3473235959784056,0.0,0.0,0.0,0.0,42.010136820410175,0.0,0.0,0.0,0.0,0.0,0.0,0.0,0.0,1.0023161551823971,0.0,5.999803562074385,35.00801710315339,86845,0,0,0,49,UTAH
2582,490366,169.0,546.3799493716926,3.233017451903507,0.0,0.0,0.0,0.0,24.005497442162326,0.0,0.0,0.0,0.0,0.0,0.0,0.0,0.0,0.0,0.0,0.0,24.005497442162326,89000,0,0,0,49,UTAH
2581,490365,387.0,1453.51748527671,3.755859135081938,0.0,0.0,0.0,0.0,67.0122054291041,0.0,0.0,0.0,0.0,0.0,0.0,0.0,0.0,0.0,0.0,11.99960712414877,55.01259830495533,89230,0,0,0,49,UTAH
2573,490357,254.0,872.5299767317624,3.4351573887077262,213.0,22.0,7.0,184.0,255.01039862015455,15.0,7.0,1.0,6.0,30.0,82.0,22.0,50.0,1.0023161551823971,0.0,4.999836301728654,36.00824616324349,77804,0,0,0,49,UTAH
2615,490399,284.0,1164.0724449185773,4.098846637037244,0.0,0.0,0.0,0.0,40.00916240360388,0.0,0.0,0.0,0.0,0.0,0.0,0.0,0.0,0.0,0.0,0.0,40.00916240360388,96918,0,0,0,49,UTAH
2616,490400,256.0,1048.713914341061,4.096538727894768,0.0,0.0,0.0,0.0,84.25915923280434,0.0,0.0,0.0,0.0,0.0,0.0,0.0,0.0,0.0,39.25120772644927,8.999705343111577,36.00824616324349,89205,0,0,0,49,UTAH
2585,490369,214.0,684.8101860647126,3.200047598433237,0.0,0.0,0.0,0.0,30.006871802702907,0.0,0.0,0.0,0.0,0.0,0.0,0.0,0.0,0.0,0.0,0.0,30.006871802702907,86845,0,0,0,49,UTAH
2617,490401,135.0,529.6005267422356,3.922966864757301,0.0,0.0,0.0,0.0,54.00320625381242,0.0,0.0,0.0,0.0,0.0,0.0,0.0,0.0,0.0,0.0,34.99885411210058,19.00435214171184,103369,0,0,0,49,UTAH
2621,490405,216.0,856.7992680166466,3.966663277854845,0.0,0.0,0.0,0.0,37.04574820474703,0.0,0.0,0.0,0.0,0.0,0.0,0.0,0.0,0.0,6.038647341954023,0.0,31.007100862793006,123639,0,0,0,49,UTAH
2620,490404,96.0,378.5857230771229,3.943601282053364,973.0,408.0,0.0,565.0,1013.0023556102503,408.0,0.0,0.0,0.0,24.0,316.0,3.0,222.0,0.0,0.0,25.999148768989002,14.003206841261356,103369,0,0,2989,49,UTAH
2619,490403,365.0,1411.5689287030675,3.8673121334330633,256.0,28.0,4.0,224.0,311.0118129057222,28.0,0.0,0.0,4.0,15.0,64.0,9.0,136.0,0.0,0.0,2.9999017810371926,52.01191112468504,132678,999,0,0,49,UTAH
2626,490410,64.0,231.7657750693744,3.621340235458975,820.0,348.0,2.0,470.0,911.9993441495066,293.0,55.0,2.0,0.0,41.0,44.0,116.0,269.0,0.0,0.0,82.99728260869566,9.002061540810873,127755,0,0,0,49,UTAH
2625,490409,154.0,651.2513408057987,4.228904810427264,418.0,57.0,1.0,360.0,440.0050393219821,57.0,0.0,0.0,1.0,52.0,74.0,67.0,167.0,0.0,0.0,0.0,22.00503932198213,123256,647,78,0,49,UTAH
2624,490408,270.0,1005.7166438530772,3.7248764587151006,33.0,0.0,0.0,33.0,71.00870428342368,0.0,0.0,0.0,0.0,5.0,2.0,5.0,21.0,0.0,0.0,0.0,38.00870428342368,103369,0,0,0,49,UTAH
2623,490407,361.0,1400.033075645316,3.878207965776498,137.0,24.0,1.0,112.0,268.0090628922534,1.0,23.0,0.0,1.0,15.0,1.0,71.0,25.0,0.0,0.0,79.99738082765846,51.01168206459494,132678,0,0,0,49,UTAH
2618,490402,240.0,944.8912368212956,3.937046820088732,116.0,36.0,9.0,71.0,157.00755886548342,36.0,0.0,0.0,9.0,8.0,13.0,29.0,21.0,0.0,0.0,6.999770822420116,34.00778804306329,132678,0,0,0,49,UTAH
2647,490431,0.0,0.0,0.0,0.0,0.0,0.0,0.0,2.0046323103647943,0.0,0.0,0.0,0.0,0.0,0.0,0.0,0.0,2.0046323103647943,0.0,0.0,0.0,152001,0,0,0,49,UTAH
2648,490432,0.0,0.0,0.0,1836.0,29.0,1696.0,111.0,1836.0,0.0,29.0,1686.0,10.0,7.0,0.0,0.0,104.0,0.0,0.0,0.0,0.0,152001,0,0,0,49,UTAH
2646,490430,0.0,0.0,0.0,112.0,7.0,9.0,96.0,115.0069484655472,7.0,0.0,1.0,8.0,0.0,54.0,0.0,42.0,3.0069484655471914,0.0,0.0,0.0,109972,799,0,0,49,UTAH
2645,490429,176.0,621.887351204249,3.533450859115051,11.0,1.0,2.0,8.0,215.99983336448398,1.0,0.0,0.0,2.0,0.0,3.0,0.0,5.0,0.0,0.0,179.99410686223155,25.005726502252426,109972,0,0,0,49,UTAH
2622,490406,166.0,562.1106580868085,3.386208783655473,151.0,0.0,0.0,151.0,180.005333743891,0.0,0.0,0.0,0.0,18.0,2.0,0.0,131.0,0.0,0.0,4.999836301728654,24.005497442162326,132678,0,0,0,49,UTAH
2650,490434,0.0,0.0,0.0,0.0,0.0,0.0,0.0,3.0069484655471914,0.0,0.0,0.0,0.0,0.0,0.0,0.0,0.0,3.0069484655471914,0.0,0.0,0.0,128261,0,0,0,49,UTAH
2649,490433,262.0,930.2092420205208,3.550416954276797,0.0,0.0,0.0,0.0,38.01079137851598,0.0,0.0,0.0,0.0,0.0,0.0,0.0,0.0,1.0023161551823971,0.0,0.0,37.00847522333358,109972,0,0,0,49,UTAH
2612,490396,630.0,2337.5833150662243,3.710449706454324,0.0,0.0,0.0,0.0,90.02061540810872,0.0,0.0,0.0,0.0,0.0,0.0,0.0,0.0,0.0,0.0,0.0,90.02061540810872,51324,0,0,0,49,UTAH
2609,490393,0.0,0.0,0.0,712.0,3.0,0.0,709.0,713.0023161551824,3.0,0.0,0.0,0.0,101.0,47.0,550.0,11.0,1.0023161551823971,0.0,0.0,0.0,51324,0,0,0,49,UTAH
2610,490394,0.0,0.0,0.0,2088.0,8.0,14.0,2066.0,2089.0023161551826,8.0,0.0,8.0,6.0,2053.0,11.0,0.0,2.0,1.0023161551823971,0.0,0.0,0.0,51324,0,0,0,49,UTAH
2604,490388,0.0,0.0,0.0,2868.0,138.0,0.0,2730.0,2868.0,128.0,10.0,0.0,0.0,1958.0,182.0,9.0,581.0,0.0,0.0,0.0,0.0,75570,0,0,0,49,UTAH
2614,490398,1.0,4.194855657364243,4.194855657364243,612.0,13.0,22.0,577.0,612.0,13.0,0.0,6.0,16.0,336.0,78.0,32.0,131.0,0.0,0.0,0.0,0.0,51324,698,0,0,49,UTAH
2608,490392,0.0,0.0,0.0,616.0,320.0,2.0,294.0,741.9982236983988,39.0,281.0,2.0,0.0,107.0,48.0,11.0,128.0,1.0023161551823971,0.0,124.99590754321635,0.0,51324,0,0,0,49,UTAH
2574,490358,259.0,870.4325489030804,3.360743432058225,701.0,74.0,361.0,266.0,895.0133061666119,74.0,0.0,98.0,263.0,18.0,9.0,3.0,236.0,0.0,157.00483094327834,0.0,37.00847522333358,74404,0,0,0,49,UTAH
2601,490385,0.0,0.0,0.0,145.0,3.0,0.0,142.0,188.99855945521216,0.0,3.0,0.0,0.0,75.0,58.0,0.0,9.0,0.0,0.0,43.99855945521215,0.0,75570,0,0,0,49,UTAH
2600,490384,233.0,910.2836776480408,3.906796899776999,19.0,1.0,0.0,18.0,53.0098751381556,1.0,0.0,0.0,0.0,2.0,0.0,1.0,15.0,1.0023161551823971,0.0,0.0,33.0075589829732,75570,0,0,0,49,UTAH
2599,490383,0.0,0.0,0.0,253.0,1.0,0.0,252.0,253.0,0.0,1.0,0.0,0.0,147.0,79.0,0.0,26.0,0.0,0.0,0.0,0.0,75570,0,0,0,49,UTAH
2594,490378,402.0,1487.076330535624,3.6991948520786666,30.0,5.0,1.0,24.0,87.01305642513552,2.0,3.0,0.0,1.0,2.0,0.0,0.0,22.0,0.0,0.0,0.0,57.01305642513552,85040,0,0,0,49,UTAH
2566,490350,240.0,930.2092420205208,3.87587184175217,124.0,8.0,6.0,110.0,159.0101041982457,8.0,0.0,0.0,6.0,10.0,40.0,7.0,53.0,1.0023161551823971,0.0,0.0,34.00778804306329,93596,669,0,0,49,UTAH
2603,490387,0.0,0.0,0.0,1084.0,50.0,43.0,991.0,1085.0023161551824,25.0,25.0,8.0,35.0,587.0,37.0,1.0,366.0,1.0023161551823971,0.0,0.0,0.0,75570,0,0,0,49,UTAH
2602,490386,0.0,0.0,0.0,371.0,7.0,4.0,360.0,371.0,3.0,4.0,0.0,4.0,134.0,153.0,0.0,73.0,0.0,0.0,0.0,0.0,75570,0,0,0,49,UTAH
2605,490389,0.0,0.0,0.0,1052.0,21.0,747.0,284.0,1052.0,19.0,2.0,347.0,400.0,136.0,83.0,3.0,62.0,0.0,0.0,0.0,0.0,75570,0,0,0,49,UTAH
2597,490381,139.0,537.9902380569641,3.8704333673162887,129.0,10.0,8.0,111.0,149.00458120180195,10.0,0.0,2.0,6.0,27.0,48.0,0.0,36.0,0.0,0.0,0.0,20.00458120180194,85040,0,0,0,49,UTAH
2628,490412,0.0,0.0,0.0,565.0,347.0,1.0,217.0,565.0,56.0,291.0,0.0,1.0,202.0,5.0,0.0,10.0,0.0,0.0,0.0,0.0,72767,0,0,0,49,UTAH
2629,490413,642.0,2409.9445751557573,3.753807749463797,964.0,41.0,102.0,821.0,1055.020844468199,32.0,9.0,53.0,49.0,562.0,60.0,118.0,81.0,0.0,0.0,0.0,91.02084446819882,72767,0,0,0,49,UTAH
2630,490414,1.0,2.0974278286821213,2.0974278286821213,21.0,0.0,1.0,20.0,21.0,0.0,0.0,0.0,1.0,0.0,0.0,19.0,1.0,0.0,0.0,0.0,0.0,72767,0,0,0,49,UTAH
2639,490423,579.0,2060.722841680184,3.559106807737796,0.0,0.0,0.0,0.0,274.01249691376825,0.0,0.0,0.0,0.0,0.0,0.0,0.0,0.0,0.0,0.0,191.99371398638033,82.01878292738795,109972,0,0,0,49,UTAH
2638,490422,79.0,262.1784785852652,3.3187149188008247,0.0,0.0,0.0,0.0,11.002519660991066,0.0,0.0,0.0,0.0,0.0,0.0,0.0,0.0,0.0,0.0,0.0,11.002519660991066,109972,0,0,0,49,UTAH
2631,490415,0.0,0.0,0.0,1508.0,215.0,0.0,1293.0,1517.9996726034574,0.0,215.0,0.0,0.0,1260.0,1.0,0.0,32.0,0.0,0.0,9.999672603457308,0.0,100955,0,0,0,49,UTAH
2644,490428,299.0,1102.1983239724548,3.686282019974765,151.0,3.0,13.0,135.0,447.00156645134405,3.0,0.0,0.0,13.0,13.0,57.0,5.0,60.0,0.0,0.0,252.9917168674699,43.00984958387417,109972,710,0,0,49,UTAH
2636,490420,638.0,2240.0529210325058,3.511054735160667,0.0,0.0,0.0,0.0,158.01865091136278,0.0,0.0,0.0,0.0,0.0,0.0,0.0,0.0,0.0,0.0,66.99780644316397,91.02084446819882,101097,0,0,0,49,UTAH
2641,490425,244.0,860.9941236740108,3.528664441286929,0.0,0.0,0.0,0.0,35.00801710315339,0.0,0.0,0.0,0.0,0.0,0.0,0.0,0.0,0.0,0.0,0.0,35.00801710315339,101939,0,0,0,49,UTAH
2640,490424,0.0,0.0,0.0,8.0,0.0,1.0,7.0,133.00060533288968,0.0,0.0,1.0,0.0,2.0,2.0,0.0,3.0,2.0046323103647943,0.0,122.9959730225249,0.0,100955,0,0,0,49,UTAH
2642,490426,0.0,0.0,0.0,2.0,0.0,0.0,2.0,2.0,0.0,0.0,0.0,0.0,0.0,0.0,0.0,2.0,0.0,0.0,0.0,0.0,109972,0,0,0,49,UTAH
2665,490449,389.0,1435.689348732912,3.6907181201360206,339.0,18.0,43.0,278.0,446.0132447377699,18.0,0.0,3.0,40.0,29.0,69.0,32.0,148.0,1.0023161551823971,0.0,50.99833027763227,55.01259830495533,140614,927,0,0,49,UTAH
2667,490451,290.0,1201.8261458348554,4.144228089085709,240.0,104.0,8.0,128.0,379.0085318724123,37.0,67.0,5.0,3.0,11.0,6.0,22.0,89.0,1.0023161551823971,0.0,96.99682425353589,41.00939146369397,127394,0,0,0,49,UTAH
2652,490436,163.0,587.2797920309939,3.6029435093926008,0.0,0.0,0.0,0.0,37.004810026912466,0.0,0.0,0.0,0.0,0.0,0.0,0.0,0.0,0.0,0.0,13.999541644840232,23.00526838207223,141904,0,0,0,49,UTAH
2668,490452,106.0,419.4855657364242,3.957410997513436,41.0,3.0,0.0,38.0,69.00535918068262,3.0,0.0,0.0,0.0,1.0,0.0,0.0,37.0,1.0023161551823971,0.0,11.99960712414877,15.003435901351454,132626,0,0,0,49,UTAH
2669,490453,80.0,284.2014707864274,3.5525183848303428,0.0,0.0,0.0,0.0,108.99931117487269,0.0,0.0,0.0,0.0,0.0,0.0,0.0,0.0,0.0,0.0,97.99679151388162,11.002519660991066,132626,0,0,0,49,UTAH
2666,490450,32.0,97.53039403371864,3.0478248135537074,0.0,0.0,0.0,0.0,7.005777610815279,0.0,0.0,0.0,0.0,0.0,0.0,0.0,0.0,2.0046323103647943,0.0,0.0,5.001145300450485,152001,0,0,0,49,UTAH
2675,490459,321.0,1514.3428923084916,4.717579103764772,0.0,0.0,0.0,0.0,141.0074264969889,0.0,0.0,0.0,0.0,0.0,0.0,0.0,0.0,0.0,0.0,94.99688973284442,46.01053676414446,137505,0,0,0,49,UTAH
2678,490462,338.0,1192.387720605786,3.527774321318893,651.0,209.0,2.0,440.0,781.0083102326746,26.0,183.0,1.0,1.0,12.0,174.0,23.0,231.0,0.0,0.0,81.99731534834993,48.01099488432465,132959,0,0,0,49,UTAH
2674,490458,287.0,1046.6164865123783,3.646747339764385,310.0,47.0,74.0,189.0,363.0113474826794,47.0,0.0,0.0,74.0,16.0,94.0,5.0,74.0,1.0023161551823971,0.0,10.999639863803038,41.00939146369397,123845,0,1194,0,49,UTAH
2679,490463,184.0,665.9333356065736,3.6192029109052912,0.0,0.0,0.0,0.0,30.005824603725443,0.0,0.0,0.0,0.0,0.0,0.0,0.0,0.0,0.0,0.0,3.999869041382923,26.00595556234252,111764,0,0,0,49,UTAH
2673,490457,129.0,450.9469831666561,3.495713047803536,0.0,0.0,0.0,0.0,54.00294445406806,0.0,0.0,0.0,0.0,0.0,0.0,0.0,0.0,0.0,0.0,35.99882137244631,18.004123081621746,123233,0,0,0,49,UTAH
2681,490465,202.0,744.5868791821531,3.68607365931759,121.0,4.0,2.0,115.0,150.00664274261283,4.0,0.0,1.0,1.0,25.0,4.0,23.0,63.0,0.0,0.0,0.0,29.00664274261281,112892,0,0,0,49,UTAH
2682,490466,195.0,835.8249897298253,4.286281998614489,0.0,0.0,0.0,0.0,32.006282723905635,0.0,0.0,0.0,0.0,0.0,0.0,0.0,0.0,0.0,0.0,3.999869041382923,28.006413682522712,109118,0,0,0,49,UTAH
2688,490472,315.0,1361.2306608146966,4.321367177189513,10.0,4.0,3.0,3.0,55.01030770405436,4.0,0.0,0.0,3.0,0.0,0.0,0.0,3.0,0.0,0.0,0.0,45.01030770405436,85589,0,0,0,49,UTAH
2670,490454,114.0,382.7805787344872,3.3577243748639223,0.0,0.0,0.0,0.0,17.00598111662395,0.0,0.0,0.0,0.0,0.0,0.0,0.0,0.0,1.0023161551823971,0.0,0.0,16.00366496144155,132626,0,0,0,49,UTAH
2689,490473,359.0,1517.4890340515149,4.226988952789735,70.0,1.0,0.0,69.0,121.01168206459494,1.0,0.0,0.0,0.0,7.0,36.0,3.0,23.0,0.0,0.0,0.0,51.01168206459494,92729,0,0,0,49,UTAH
2680,490464,0.0,0.0,0.0,348.0,32.0,47.0,269.0,352.0092646207296,32.0,0.0,0.0,47.0,2.0,223.0,0.0,44.0,4.009264620729589,0.0,0.0,0.0,112892,0,0,2537,49,UTAH
2684,490468,302.0,1112.685463115865,3.684388950714786,37.0,1.0,5.0,31.0,80.00984958387417,1.0,0.0,0.0,5.0,22.0,1.0,2.0,6.0,0.0,0.0,0.0,43.00984958387417,117955,0,0,0,49,UTAH
2685,490469,378.0,1440.9329183046173,3.811991847366712,0.0,0.0,0.0,0.0,54.01236924486523,0.0,0.0,0.0,0.0,0.0,0.0,0.0,0.0,0.0,0.0,0.0,54.01236924486523,85999,0,0,0,49,UTAH
2698,490482,0.0,0.0,0.0,1164.0,0.0,0.0,1164.0,1168.0092646207295,0.0,0.0,0.0,0.0,0.0,330.0,582.0,252.0,4.009264620729589,0.0,0.0,0.0,91242,0,0,0,49,UTAH
2693,490477,300.0,987.8885073092792,3.2929616910309303,0.0,0.0,0.0,0.0,46.01210025974803,0.0,0.0,0.0,0.0,0.0,0.0,0.0,0.0,1.0023161551823971,0.0,1.9999345206914616,43.00984958387417,91242,0,0,0,49,UTAH
2713,490497,419.0,1423.1047817608194,3.3964314600496883,103.0,1.0,8.0,94.0,192.012794155432,1.0,0.0,1.0,7.0,40.0,3.0,20.0,31.0,0.0,0.0,28.999050550026194,60.01374360540581,68889,0,0,0,49,UTAH
2712,490496,387.0,1381.156225187177,3.568879134850586,492.0,2.0,2.0,488.0,556.0123036480669,2.0,0.0,0.0,2.0,5.0,214.0,1.0,268.0,0.0,0.0,8.999705343111577,55.01259830495533,59008,866,0,0,49,UTAH
2696,490480,521.0,1830.0057805251508,3.512487102735414,275.0,6.0,16.0,253.0,355.0191029035782,6.0,0.0,3.0,13.0,44.0,130.0,1.0,78.0,1.0023161551823971,0.0,4.999836301728654,74.01695044666717,80035,0,0,2393,49,UTAH
2699,490483,478.0,2028.2127103356115,4.243122824969898,644.0,133.0,42.0,469.0,727.0197827809858,133.0,0.0,0.0,42.0,64.0,159.0,34.0,212.0,2.0046323103647943,0.0,12.999574384494501,68.01557608612659,117317,576,327,0,49,UTAH
2576,490360,311.0,1099.0521822294315,3.533929846396886,125.0,16.0,9.0,100.0,177.0098167267301,16.0,0.0,0.0,9.0,5.0,1.0,80.0,14.0,0.0,0.0,7.999738082765846,44.01007864396426,71196,0,0,0,49,UTAH
2575,490359,303.0,1056.054911741448,3.4853297417209506,1321.0,433.0,369.0,519.0,1364.0098495838743,107.0,326.0,142.0,227.0,59.0,40.0,5.0,415.0,0.0,0.0,0.0,43.00984958387417,36579,0,0,0,49,UTAH
2704,490488,494.0,1738.7676699774786,3.5197726112904424,328.0,121.0,2.0,205.0,461.0139716080878,90.0,31.0,0.0,2.0,43.0,9.0,86.0,67.0,0.0,0.0,62.99793740178104,70.01603420630678,82722,0,0,0,49,UTAH
2710,490494,225.0,759.2688739829279,3.374528328813013,159.0,3.0,3.0,153.0,198.0071007453032,3.0,0.0,2.0,1.0,4.0,46.0,63.0,40.0,0.0,0.0,6.999770822420116,32.0073299228831,57297,0,0,0,49,UTAH
2711,490495,214.0,615.5950677182026,2.8766124659729093,549.0,77.0,52.0,420.0,579.0068718027029,30.0,47.0,34.0,18.0,22.0,56.0,76.0,266.0,0.0,0.0,0.0,30.006871802702907,38529,453,0,0,49,UTAH
2719,490503,685.0,1931.7310302162336,2.8200452995857423,415.0,30.0,9.0,376.0,576.136654828631,30.0,0.0,1.0,8.0,92.0,63.0,80.0,141.0,0.0,18.115942023988005,45.998493975903614,97.0222188287394,75176,519,22,174,49,UTAH
2703,490487,354.0,1259.5054111236138,3.5579248901797,975.0,335.0,35.0,605.0,1025.0114530045048,205.0,130.0,26.0,9.0,127.0,66.0,53.0,359.0,0.0,0.0,0.0,50.01145300450485,36579,0,0,0,49,UTAH
2708,490492,15.0,30.41270351589076,2.0275135677260505,1141.0,161.0,98.0,882.0,1143.0004581201802,133.0,28.0,13.0,85.0,153.0,133.0,74.0,522.0,0.0,0.0,0.0,2.000458120180194,55929,0,0,0,49,UTAH
2709,490493,148.0,401.65742919262624,2.713901548598826,661.0,58.0,87.0,516.0,688.0046138239665,23.0,35.0,26.0,61.0,39.0,5.0,228.0,244.0,0.0,0.0,5.999803562074385,21.00481026189204,38900,0,0,0,49,UTAH
2718,490502,416.0,1108.490607458501,2.6646408833137043,975.0,368.0,51.0,556.0,1034.0135145453157,2.0,366.0,10.0,41.0,130.0,80.0,166.0,180.0,0.0,0.0,0.0,59.01351454531572,51709,0,0,0,49,UTAH
2705,490489,359.0,1190.2902927771038,3.3155718461757764,373.0,89.0,8.0,276.0,428.01155110597784,70.0,19.0,7.0,1.0,5.0,69.0,23.0,179.0,0.0,0.0,3.999869041382923,51.01168206459494,57339,743,0,0,49,UTAH
2707,490491,62.0,170.9403680375929,2.7571027102837564,669.0,56.0,24.0,589.0,678.0020615408109,50.0,6.0,23.0,1.0,143.0,150.0,41.0,255.0,0.0,0.0,0.0,9.002061540810873,56267,0,0,0,49,UTAH
2714,490498,35.0,90.1893966333312,2.576839903809464,1659.0,270.0,176.0,1213.0,1695.0024792660047,195.0,75.0,90.0,86.0,580.0,288.0,42.0,303.0,1.0023161551823971,0.0,29.999017810371924,5.001145300450485,67267,411,0,100,49,UTAH
2756,490540,2.0,7.340997400387424,3.670498700193712,1543.0,142.0,61.0,1340.0,1552.9996726034574,104.0,38.0,18.0,43.0,946.0,62.0,24.0,308.0,0.0,0.0,9.999672603457308,0.0,60581,0,0,0,49,UTAH
2755,490539,493.0,1223.8491380360178,2.4824526126491238,268.0,116.0,0.0,152.0,359.0176955684037,42.0,74.0,0.0,0.0,46.0,6.0,9.0,91.0,1.0023161551823971,0.0,19.999345206914615,70.01603420630678,58545,0,0,0,49,UTAH
2702,490486,0.0,0.0,0.0,1300.0,1006.0,0.0,294.0,1300.0,564.0,442.0,0.0,0.0,74.0,4.0,11.0,205.0,0.0,0.0,0.0,0.0,36579,0,0,0,49,UTAH
2729,490513,0.0,0.0,0.0,207.0,48.0,1.0,158.0,207.0,48.0,0.0,0.0,1.0,0.0,1.0,0.0,157.0,0.0,0.0,0.0,0.0,80705,0,0,0,49,UTAH
2728,490512,36.0,94.38425229069546,2.621784785852652,0.0,0.0,0.0,0.0,6.003461455632882,0.0,0.0,0.0,0.0,0.0,0.0,0.0,0.0,1.0023161551823971,0.0,0.0,5.001145300450485,83312,0,0,0,49,UTAH
2726,490510,322.0,1308.7949650976436,4.064580636949204,16.0,2.0,3.0,11.0,70.01732153142031,2.0,0.0,0.0,3.0,1.0,2.0,4.0,4.0,3.0069484655471914,0.0,4.999836301728654,46.01053676414446,83312,0,0,0,49,UTAH
2700,490484,97.0,291.54246818681486,3.005592455534174,463.0,365.0,1.0,97.0,496.00258478783024,238.0,127.0,1.0,0.0,2.0,4.0,2.0,89.0,0.0,0.0,18.999377946568885,14.003206841261356,55929,0,0,0,49,UTAH
2721,490505,6.0,13.633280886433788,2.272213481072298,0.0,0.0,0.0,0.0,8.016442146366877,0.0,0.0,0.0,0.0,0.0,0.0,0.0,0.0,7.01621308627678,0.0,0.0,1.000229060090097,83312,0,0,0,49,UTAH
2735,490519,0.0,0.0,0.0,793.0,368.0,295.0,130.0,794.0023161551824,208.0,160.0,75.0,220.0,20.0,18.0,0.0,92.0,1.0023161551823971,0.0,0.0,0.0,83312,0,0,0,49,UTAH
2732,490516,3.0,10.487139143410609,3.495713047803536,9.0,0.0,2.0,7.0,12.006948465547191,0.0,0.0,0.0,2.0,0.0,0.0,0.0,7.0,3.0069484655471914,0.0,0.0,0.0,83312,0,0,0,49,UTAH
2736,490520,0.0,0.0,0.0,723.0,264.0,54.0,405.0,723.0,263.0,1.0,20.0,34.0,82.0,74.0,0.0,249.0,0.0,0.0,0.0,0.0,83312,0,0,0,49,UTAH
2733,490517,0.0,0.0,0.0,2409.0,92.0,450.0,1867.0,2463.0005809535064,92.0,0.0,441.0,9.0,974.0,247.0,0.0,646.0,1.0023161551823971,0.0,52.99826479832373,0.0,83312,0,0,0,49,UTAH
2731,490515,0.0,0.0,0.0,253.0,3.0,153.0,97.0,254.0023161551824,3.0,0.0,71.0,82.0,1.0,14.0,0.0,82.0,1.0023161551823971,0.0,0.0,0.0,83312,0,0,0,49,UTAH
2730,490514,3.0,6.2922834860463634,2.0974278286821213,825.0,27.0,516.0,282.0,832.0162130862768,27.0,0.0,121.0,395.0,0.0,55.0,0.0,227.0,7.01621308627678,0.0,0.0,0.0,83312,0,0,0,49,UTAH
2697,490481,319.0,1283.6258311534582,4.023905426813348,0.0,0.0,0.0,0.0,112.00811414721832,0.0,0.0,0.0,0.0,0.0,0.0,0.0,0.0,0.0,0.0,66.99780644316397,45.01030770405436,79428,0,0,0,49,UTAH
2744,490528,202.0,792.8277192418418,3.924889699217039,0.0,0.0,0.0,0.0,30.00895889779521,0.0,0.0,0.0,0.0,0.0,0.0,0.0,0.0,1.0023161551823971,0.0,0.0,29.00664274261281,85941,0,0,0,49,UTAH
2738,490522,409.0,1323.4769598984185,3.2358849875266955,232.0,7.0,12.0,213.0,290.01328548522565,6.0,1.0,0.0,12.0,56.0,61.0,1.0,95.0,0.0,0.0,0.0,58.01328548522562,67702,820,0,0,49,UTAH
2768,490552,21.0,38.80241483061924,1.8477340395532973,408.0,29.0,115.0,264.0,411.0006871802703,28.0,1.0,114.0,1.0,2.0,17.0,110.0,135.0,0.0,0.0,0.0,3.000687180270291,29406,0,0,0,49,UTAH
2749,490533,355.0,1207.0697154065608,3.400196381426932,143.0,27.0,5.0,111.0,194.01168206459494,27.0,0.0,2.0,3.0,8.0,50.0,6.0,47.0,0.0,0.0,0.0,51.01168206459494,48069,515,0,0,49,UTAH
2739,490523,592.0,1911.8054658437536,3.22940112473607,340.0,62.0,31.0,247.0,507.01652365626376,48.0,14.0,0.0,31.0,7.0,33.0,13.0,194.0,0.0,0.0,82.99728260869566,84.01924104756814,43534,159,0,0,49,UTAH
2769,490553,323.0,776.0482966123849,2.402626305301501,882.0,273.0,33.0,576.0,928.0105367641445,98.0,175.0,6.0,27.0,104.0,234.0,83.0,155.0,0.0,0.0,0.0,46.01053676414446,29406,0,0,0,49,UTAH
2746,490530,596.0,2209.640217516615,3.707450029390293,634.0,93.0,7.0,534.0,796.0169491542795,2.0,91.0,0.0,7.0,93.0,7.0,155.0,279.0,0.0,0.0,76.99747904662127,85.01947010765824,58854,0,0,0,49,UTAH
2747,490531,517.0,1924.3900328158463,3.722224434846898,1192.0,26.0,1.0,1165.0,1369.0135782622774,26.0,0.0,0.0,1.0,28.0,247.0,6.0,884.0,0.0,0.0,102.99662781561027,74.01695044666717,77014,421,0,2239,49,UTAH
2748,490532,529.0,2104.768826082509,3.978769047414951,0.0,0.0,0.0,0.0,75.01717950675727,0.0,0.0,0.0,0.0,0.0,0.0,0.0,0.0,0.0,0.0,0.0,75.01717950675727,82451,0,0,0,49,UTAH
2787,490571,380.0,1431.4944930755478,3.7670907712514414,53.0,4.0,4.0,45.0,108.01468540004763,4.0,0.0,3.0,1.0,15.0,1.0,6.0,23.0,1.0023161551823971,0.0,0.0,54.01236924486523,81368,0,0,0,49,UTAH
2788,490572,343.0,1385.3510808445412,4.0389244339491,0.0,0.0,0.0,0.0,49.01122394441475,0.0,0.0,0.0,0.0,0.0,0.0,0.0,0.0,0.0,0.0,0.0,49.01122394441475,132651,0,0,0,49,UTAH
2782,490566,33.0,94.38425229069546,2.8601288572938017,396.0,66.0,0.0,330.0,402.00111256079623,15.0,51.0,0.0,0.0,25.0,264.0,0.0,41.0,0.0,0.0,0.9999672603457308,5.001145300450485,72724,0,0,0,49,UTAH
2766,490550,548.0,1305.6488233546206,2.3825708455376287,459.0,294.0,28.0,137.0,551.0174083318678,187.0,107.0,0.0,28.0,27.0,19.0,38.0,53.0,0.0,0.0,13.999541644840232,78.01786668702756,58545,0,0,0,49,UTAH
2764,490548,151.0,420.5342796507653,2.784995229475267,714.0,138.0,85.0,491.0,1043.9970426035595,134.0,4.0,78.0,7.0,34.0,49.0,103.0,305.0,1.0023161551823971,0.0,307.98991618648506,21.00481026189204,58545,0,0,0,49,UTAH
2758,490542,1.0,1.0,1.0,490.0,212.0,81.0,197.0,491.00231615518237,211.0,1.0,76.0,5.0,38.0,39.0,41.0,79.0,1.0023161551823971,0.0,0.0,0.0,52957,0,0,0,49,UTAH
2761,490545,674.0,1630.7501368003493,2.419510588724554,2588.0,15.0,200.0,2373.0,2690.0217933307235,15.0,0.0,199.0,1.0,2318.0,1.0,43.0,11.0,0.0,0.0,5.999803562074385,96.0219897686493,52957,0,0,0,49,UTAH
2759,490543,0.0,0.0,0.0,1099.0,108.0,277.0,714.0,1260.9993939656817,108.0,0.0,179.0,98.0,58.0,83.0,9.0,564.0,2.0046323103647943,0.0,159.99476165531692,0.0,60581,317,167,132,49,UTAH
2757,490541,0.0,0.0,0.0,595.0,91.0,62.0,442.0,596.0023161551824,51.0,40.0,58.0,4.0,292.0,25.0,1.0,124.0,1.0023161551823971,0.0,0.0,0.0,60581,0,0,0,49,UTAH
2770,490554,0.0,0.0,0.0,72.0,18.0,33.0,21.0,79.01621308627678,18.0,0.0,0.0,33.0,2.0,0.0,0.0,19.0,7.01621308627678,0.0,0.0,0.0,83312,0,0,0,49,UTAH
2775,490559,1.0,4.194855657364243,4.194855657364243,0.0,0.0,0.0,0.0,3.0069484655471914,0.0,0.0,0.0,0.0,0.0,0.0,0.0,0.0,3.0069484655471914,0.0,0.0,0.0,60581,0,0,0,49,UTAH
2781,490565,44.0,144.72252017906638,3.289148185887872,1170.0,527.0,109.0,534.0,1301.9972491641029,423.0,104.0,41.0,68.0,5.0,69.0,1.0,459.0,0.0,0.0,125.99587480356207,6.001374360540582,60581,0,0,0,49,UTAH
2773,490557,3.0,17.82813654379803,5.94271218126601,952.0,16.0,704.0,232.0,953.0023161551824,16.0,0.0,648.0,56.0,41.0,88.0,0.0,103.0,1.0023161551823971,0.0,0.0,0.0,60581,0,0,0,49,UTAH
2776,490560,26.0,82.84839923294379,3.186476893574761,3295.0,548.0,498.0,2249.0,3327.9999667903867,531.0,17.0,252.0,246.0,1246.0,34.0,0.0,969.0,0.0,0.0,28.999050550026194,4.000916240360388,70574,0,0,0,49,UTAH
2780,490564,139.0,492.8955397402985,3.5460110772683344,212.0,57.0,4.0,151.0,299.0047365398026,17.0,40.0,0.0,4.0,6.0,4.0,15.0,126.0,1.0023161551823971,0.0,65.99783918281824,20.00458120180194,61067,0,0,0,49,UTAH
2811,490595,0.0,0.0,0.0,1154.0,13.0,510.0,631.0,1154.0,9.0,4.0,422.0,88.0,162.0,52.0,1.0,416.0,0.0,0.0,0.0,0.0,76529,0,0,0,49,UTAH
2789,490573,0.0,0.0,0.0,0.0,0.0,0.0,0.0,1.0023161551823971,0.0,0.0,0.0,0.0,0.0,0.0,0.0,0.0,1.0023161551823971,0.0,0.0,0.0,76529,0,0,0,49,UTAH
2807,490591,566.0,1879.2953344991809,3.320309778267104,82.0,10.0,12.0,60.0,222.01662222769596,10.0,0.0,4.0,8.0,15.0,2.0,6.0,37.0,0.0,0.0,58.998068360398115,81.01855386729785,76529,546,0,0,49,UTAH
2809,490593,0.0,0.0,0.0,0.0,0.0,0.0,0.0,0.0,0.0,0.0,0.0,0.0,0.0,0.0,0.0,0.0,0.0,0.0,0.0,0.0,76529,0,0,0,49,UTAH
2805,490589,1171.0,3890.728622205335,3.322569276007972,0.0,0.0,0.0,0.0,167.03825303504618,0.0,0.0,0.0,0.0,0.0,0.0,0.0,0.0,0.0,0.0,0.0,167.03825303504618,76529,0,0,0,49,UTAH
2806,490590,500.0,1601.3861471987996,3.202772294397599,128.0,8.0,45.0,75.0,203.0161323077798,8.0,0.0,45.0,0.0,9.0,21.0,5.0,40.0,0.0,0.0,3.999869041382923,71.01626326639688,76529,0,0,0,49,UTAH
2803,490587,136.0,479.2622588538647,3.5239871974548875,0.0,0.0,0.0,0.0,20.00666829689424,0.0,0.0,0.0,0.0,0.0,0.0,0.0,0.0,1.0023161551823971,0.0,0.0,19.00435214171184,76529,0,0,0,49,UTAH
2799,490583,169.0,557.9158024294443,3.301276937452333,0.0,0.0,0.0,0.0,29.007682638727648,0.0,0.0,0.0,0.0,0.0,0.0,0.0,0.0,1.0023161551823971,0.0,3.999869041382923,24.005497442162326,76529,0,0,0,49,UTAH
2804,490588,677.0,2278.8553358631248,3.3661083247608934,0.0,0.0,0.0,0.0,100.0242077048689,0.0,0.0,0.0,0.0,0.0,0.0,0.0,0.0,1.0023161551823971,0.0,2.9999017810371926,96.0219897686493,76529,0,0,0,49,UTAH
2800,490584,127.0,438.36241619456337,3.4516725684611287,17.0,0.0,0.0,17.0,44.00852621440666,0.0,0.0,0.0,0.0,0.0,15.0,0.0,2.0,2.0046323103647943,0.0,6.999770822420116,18.004123081621746,76529,0,0,0,49,UTAH
2802,490586,324.0,1062.3471952274945,3.278849367986094,87.0,25.0,3.0,59.0,136.01043854518167,3.0,22.0,2.0,1.0,0.0,2.0,1.0,56.0,0.0,0.0,2.9999017810371926,46.01053676414446,76529,0,0,0,49,UTAH
2801,490585,142.0,485.5545423399111,3.419398185492332,311.0,1.0,18.0,292.0,331.00458120180195,1.0,0.0,1.0,17.0,1.0,48.0,32.0,211.0,0.0,0.0,0.0,20.00458120180194,76529,576,0,0,49,UTAH
2860,490644,0.0,0.0,0.0,2272.0,201.0,670.0,1401.0,2272.0,201.0,0.0,236.0,434.0,253.0,132.0,330.0,686.0,0.0,0.0,0.0,0.0,76529,0,0,0,49,UTAH
2831,490615,1.0,2.0974278286821213,2.0974278286821213,1163.0,274.0,659.0,230.0,1163.0,248.0,26.0,545.0,114.0,33.0,36.0,0.0,161.0,0.0,0.0,0.0,0.0,76529,0,0,0,49,UTAH
2835,490619,0.0,0.0,0.0,1860.0,0.0,427.0,1433.0,1860.0,0.0,0.0,163.0,264.0,213.0,376.0,76.0,768.0,0.0,0.0,0.0,0.0,76529,0,0,0,49,UTAH
2880,490664,867.0,2821.0404295774533,3.253795189824052,105.0,0.0,12.0,93.0,230.0328067014467,0.0,0.0,0.0,12.0,14.0,3.0,3.0,73.0,2.0046323103647943,0.0,0.0,123.02817439108192,76529,0,0,0,49,UTAH
2855,490639,207.0,650.2026268914576,3.141075492229264,645.0,9.0,427.0,209.0,674.0066427426128,9.0,0.0,155.0,272.0,6.0,19.0,158.0,26.0,0.0,0.0,0.0,29.00664274261281,74306,0,0,0,49,UTAH
2882,490666,679.0,1981.020584190264,2.917556088645455,1748.0,258.0,231.0,1259.0,1847.022153349431,186.0,72.0,229.0,2.0,187.0,333.0,58.0,681.0,0.0,0.0,1.9999345206914616,97.0222188287394,74306,0,0,0,49,UTAH
2877,490661,2.0,4.194855657364243,2.0974278286821213,2059.0,57.0,1350.0,652.0,2060.0023161551826,57.0,0.0,1289.0,61.0,344.0,78.0,96.0,134.0,1.0023161551823971,0.0,0.0,0.0,76529,0,0,0,49,UTAH
2878,490662,529.0,1688.4294020891075,3.1917380001684457,32.0,12.0,0.0,20.0,138.0185134723116,12.0,0.0,0.0,0.0,2.0,0.0,3.0,15.0,1.0023161551823971,0.0,29.999017810371924,75.01717950675727,45886,0,0,0,49,UTAH
2875,490659,95.0,319.85774387402347,3.366923619726563,0.0,0.0,0.0,0.0,23.021703343066264,0.0,0.0,0.0,0.0,0.0,0.0,0.0,0.0,8.018529241459177,0.0,0.9999672603457308,14.003206841261356,66338,0,0,0,49,UTAH
2876,490660,21.0,66.06897660348682,3.1461417430231817,107.0,2.0,23.0,82.0,200.00008950622274,2.0,0.0,6.0,17.0,1.0,8.0,68.0,5.0,1.0023161551823971,0.0,88.99708617077005,3.000687180270291,45886,0,0,0,49,UTAH
2817,490601,385.0,1411.5689287030675,3.66641280182615,596.0,202.0,177.0,217.0,651.0125983049553,97.0,105.0,175.0,2.0,32.0,11.0,57.0,117.0,0.0,0.0,0.0,55.01259830495533,80931,0,0,0,49,UTAH
2819,490603,202.0,767.6585852976564,3.8002900262260217,516.0,111.0,11.0,394.0,571.0057915116018,15.0,96.0,10.0,1.0,1.0,7.0,202.0,184.0,0.0,0.0,25.999148768989002,29.00664274261281,69686,0,0,0,49,UTAH
2818,490602,290.0,1156.73144751819,3.988729129373069,401.0,173.0,15.0,213.0,442.009391463694,173.0,0.0,3.0,12.0,17.0,99.0,10.0,87.0,0.0,0.0,0.0,41.00939146369397,69942,412,321,308,49,UTAH
2816,490600,486.0,1469.248193991826,3.0231444320819465,236.0,12.0,24.0,200.0,307.01573966690813,12.0,0.0,3.0,21.0,14.0,62.0,7.0,117.0,0.0,0.0,1.9999345206914616,69.01580514621669,81822,560,0,0,49,UTAH
2815,490599,330.0,1013.0576412534646,3.0698716401620136,595.0,14.0,18.0,563.0,642.0107658242346,14.0,0.0,0.0,18.0,344.0,6.0,204.0,9.0,0.0,0.0,0.0,47.01076582423456,37361,0,0,0,49,UTAH
2812,490596,813.0,2514.815966589864,3.0932545714512463,1686.0,356.0,21.0,1309.0,1804.0265054911429,246.0,110.0,13.0,8.0,117.0,74.0,140.0,978.0,0.0,0.0,1.9999345206914616,116.02657097045125,67968,0,0,0,49,UTAH
2833,490617,362.0,1044.5190586836964,2.885411764319603,832.0,24.0,11.0,797.0,884.0119111246851,24.0,0.0,1.0,10.0,32.0,86.0,667.0,12.0,0.0,0.0,0.0,52.01191112468504,66041,666,0,0,49,UTAH
2832,490616,790.0,2284.09890543483,2.8912644372592786,179.0,15.0,61.0,103.0,291.0256547300908,5.0,10.0,0.0,61.0,2.0,16.0,69.0,16.0,0.0,0.0,0.0,112.02565473009084,53100,0,0,0,49,UTAH
2836,490620,678.0,2323.9500341797902,3.427654917669307,450.0,227.0,40.0,183.0,567.0213022359096,156.0,71.0,32.0,8.0,19.0,36.0,17.0,111.0,0.0,0.0,20.999312467260346,96.0219897686493,62461,0,0,0,49,UTAH
2837,490621,536.0,1782.8136543798032,3.32614487757426,500.0,98.0,101.0,301.0,583.0171793892674,98.0,0.0,2.0,99.0,5.0,78.0,44.0,174.0,0.0,0.0,6.999770822420116,76.01740856684737,48398,0,1031,0,49,UTAH
2813,490597,491.0,1480.7840470495776,3.015853456312785,1635.0,216.0,45.0,1374.0,1712.0158050287268,159.0,57.0,15.0,30.0,49.0,74.0,972.0,279.0,0.0,0.0,6.999770822420116,70.01603420630678,62831,0,0,0,49,UTAH
2838,490622,353.0,1166.1698727472594,3.3035973732216983,859.0,276.0,23.0,560.0,917.0111910872706,195.0,81.0,2.0,21.0,56.0,20.0,148.0,336.0,0.0,0.0,7.999738082765846,50.01145300450485,27283,0,0,0,49,UTAH
2834,490618,735.0,2245.2964906042107,3.0548251572846405,1681.0,496.0,62.0,1123.0,1786.0240513094602,312.0,184.0,27.0,35.0,310.0,70.0,162.0,581.0,0.0,0.0,0.0,105.02405130946018,44920,0,0,0,49,UTAH
2827,490611,138.0,548.4773772003747,3.974473747828802,619.0,218.0,13.0,388.0,642.0044829828391,140.0,78.0,0.0,13.0,21.0,6.0,247.0,114.0,0.0,0.0,2.9999017810371926,20.00458120180194,87293,0,0,0,49,UTAH
2830,490614,113.0,349.2217334755732,3.090457818367905,0.0,0.0,0.0,0.0,16.00366496144155,0.0,0.0,0.0,0.0,0.0,0.0,0.0,0.0,0.0,0.0,0.0,16.00366496144155,108177,0,0,0,49,UTAH
2785,490569,345.0,1386.399794758882,4.01855012973589,0.0,0.0,0.0,0.0,49.01122394441475,0.0,0.0,0.0,0.0,0.0,0.0,0.0,0.0,0.0,0.0,0.0,49.01122394441475,127028,0,0,0,49,UTAH
2824,490608,415.0,1590.899008055389,3.833491585675636,549.0,173.0,12.0,364.0,631.0127615332675,147.0,26.0,12.0,0.0,30.0,58.0,41.0,235.0,0.0,0.0,22.999246987951807,59.01351454531572,69546,571,0,0,49,UTAH
2829,490613,566.0,2149.8635243991744,3.798345449468506,4.0,0.0,4.0,0.0,85.01855386729785,0.0,0.0,0.0,4.0,0.0,0.0,0.0,0.0,0.0,0.0,0.0,81.01855386729785,111551,0,0,0,49,UTAH
2825,490609,256.0,985.791079480597,3.850746404221082,851.0,301.0,31.0,519.0,887.0082461632435,297.0,4.0,26.0,5.0,22.0,185.0,0.0,312.0,0.0,0.0,0.0,36.00824616324349,105921,0,0,1519,49,UTAH
2828,490612,513.0,2129.9379600266943,4.151925848005252,196.0,46.0,8.0,142.0,277.0164594693429,46.0,0.0,0.0,8.0,36.0,54.0,11.0,41.0,0.0,0.0,7.999738082765846,73.01672138657707,96584,689,0,0,49,UTAH
2820,490604,668.0,2094.281686939098,3.135152225956733,682.0,272.0,84.0,326.0,793.021236874091,191.0,81.0,9.0,75.0,2.0,77.0,20.0,227.0,0.0,0.0,15.999476165531693,95.0217607085592,40188,0,0,0,49,UTAH
2821,490605,528.0,1698.9165412325185,3.217644964455527,19.0,6.0,0.0,13.0,94.01717950675727,6.0,0.0,0.0,0.0,2.0,0.0,8.0,3.0,0.0,0.0,0.0,75.01717950675727,53757,0,0,0,49,UTAH
2844,490628,788.0,2335.485887237542,2.963814577712617,429.0,25.0,5.0,399.0,552.0252945938939,25.0,0.0,0.0,5.0,4.0,60.0,102.0,233.0,0.0,0.0,10.999639863803038,112.02565473009084,46709,379,0,0,49,UTAH
2846,490630,384.0,1439.8842043902762,3.7496984489330103,328.0,160.0,12.0,156.0,410.0117143342901,155.0,5.0,0.0,12.0,25.0,10.0,9.0,112.0,0.0,0.0,26.999116029334733,55.01259830495533,82695,0,0,0,49,UTAH
2847,490631,62.0,194.01207415309625,3.129227002469294,687.0,194.0,26.0,467.0,703.0018323632311,194.0,0.0,2.0,24.0,26.0,106.0,207.0,128.0,0.0,0.0,6.999770822420116,9.002061540810873,90294,0,0,0,49,UTAH
2843,490627,357.0,1035.0806334546269,2.899385527884109,542.0,200.0,30.0,312.0,593.011682064595,169.0,31.0,0.0,30.0,35.0,7.0,6.0,264.0,0.0,0.0,0.0,51.01168206459494,34572,0,0,0,49,UTAH
2839,490623,232.0,679.5666164930072,2.9291664504008934,490.0,97.0,18.0,375.0,531.0072970657391,12.0,85.0,14.0,4.0,109.0,123.0,105.0,38.0,0.0,0.0,7.999738082765846,33.0075589829732,54061,0,0,0,49,UTAH
2841,490625,458.0,1511.1967505654684,3.2995562239420706,0.0,0.0,0.0,0.0,67.01482342654776,0.0,0.0,0.0,0.0,0.0,0.0,0.0,0.0,0.0,0.0,1.9999345206914616,65.0148889058563,68126,0,0,0,49,UTAH
2842,490626,354.0,1207.0697154065608,3.4098014559507366,133.0,15.0,8.0,110.0,183.01145300450486,15.0,0.0,0.0,8.0,17.0,42.0,8.0,43.0,0.0,0.0,0.0,50.01145300450485,93981,721,0,0,49,UTAH
2861,490645,604.0,1952.705308503055,3.2329558087798924,256.0,1.0,0.0,255.0,363.01901163500867,1.0,0.0,0.0,0.0,140.0,1.0,16.0,98.0,0.0,0.0,20.999312467260346,86.01969916774834,64404,0,0,0,49,UTAH
2862,490646,201.0,564.2080859154906,2.8070054025646303,699.0,1.0,5.0,693.0,728.0066427426128,1.0,0.0,2.0,3.0,72.0,144.0,126.0,351.0,0.0,0.0,0.0,29.00664274261281,59238,705,0,1244,49,UTAH
2863,490647,459.0,1510.1480366511273,3.290082868520974,939.0,484.0,1.0,454.0,1004.0148889058563,382.0,102.0,0.0,1.0,38.0,23.0,85.0,308.0,0.0,0.0,0.0,65.0148889058563,53392,0,0,0,49,UTAH
2864,490648,427.0,1385.3510808445412,3.2443819223525554,908.0,267.0,0.0,641.0,969.0139726654959,116.0,151.0,0.0,0.0,57.0,32.0,179.0,373.0,0.0,0.0,0.0,61.01397266549591,53392,0,0,0,49,UTAH
2872,490656,256.0,787.5841496701365,3.076500584648971,1552.0,604.0,5.0,943.0,1593.0080824649722,396.0,208.0,2.0,3.0,40.0,79.0,82.0,742.0,0.0,0.0,4.999836301728654,36.00824616324349,60535,524,0,0,49,UTAH
2858,490642,366.0,1251.1156998088854,3.418348906581654,62.0,2.0,0.0,60.0,141.01102715401976,2.0,0.0,0.0,0.0,29.0,0.0,4.0,27.0,0.0,0.0,26.999116029334733,52.01191112468504,82881,0,0,0,49,UTAH
2859,490643,563.0,1555.242734967793,2.7624204883975008,939.0,99.0,13.0,827.0,1105.0155091969407,67.0,32.0,1.0,12.0,105.0,99.0,222.0,401.0,0.0,0.0,85.99718438973285,80.01832480720776,39896,0,0,0,49,UTAH
2853,490637,650.0,1822.6647831247635,2.80409966634579,22.0,3.0,0.0,19.0,119.02117162976194,3.0,0.0,0.0,0.0,0.0,0.0,6.0,13.0,0.0,0.0,3.999869041382923,93.02130258837902,39474,0,0,0,49,UTAH
2854,490638,26.0,69.21511834651,2.6621199364042307,968.0,51.0,60.0,857.0,1171.9943683095064,17.0,34.0,54.0,6.0,153.0,175.0,162.0,367.0,0.0,0.0,199.99345206914617,4.000916240360388,39474,0,0,0,49,UTAH
2850,490634,0.0,0.0,0.0,1087.0,928.0,3.0,156.0,1087.0,871.0,57.0,0.0,3.0,23.0,28.0,0.0,105.0,0.0,0.0,0.0,0.0,63616,0,0,0,49,UTAH
2852,490636,365.0,1156.73144751819,3.169127253474493,492.0,113.0,59.0,320.0,564.0112563315996,66.0,47.0,2.0,57.0,14.0,131.0,0.0,175.0,0.0,0.0,19.999345206914615,52.01191112468504,63616,464,1226,0,49,UTAH
2851,490635,21.0,41.94855657364243,1.997550313030592,757.0,478.0,3.0,276.0,760.0006871802703,351.0,127.0,3.0,0.0,3.0,8.0,8.0,257.0,0.0,0.0,0.0,3.000687180270291,39474,0,0,0,49,UTAH
2869,490653,79.0,217.08378026859955,2.7478959527670828,808.0,62.0,0.0,746.0,819.0025196609911,61.0,1.0,0.0,0.0,170.0,54.0,11.0,511.0,0.0,0.0,0.0,11.002519660991066,74162,748,0,0,49,UTAH
2870,490654,409.0,1359.1332329860145,3.323064139330109,6.0,2.0,0.0,4.0,64.01328548522562,1.0,1.0,0.0,0.0,1.0,0.0,2.0,1.0,0.0,0.0,0.0,58.01328548522562,74162,0,0,0,49,UTAH
2871,490655,220.0,770.8047270406796,3.5036578501849074,0.0,0.0,0.0,0.0,41.04561724612995,0.0,0.0,0.0,0.0,0.0,0.0,0.0,0.0,0.0,6.038647341954023,3.999869041382923,31.007100862793006,67734,0,0,0,49,UTAH
2866,490650,165.0,527.5030989135535,3.19698847826396,283.0,130.0,2.0,151.0,312.0050719441466,61.0,69.0,2.0,0.0,13.0,9.0,32.0,97.0,0.0,0.0,5.999803562074385,23.00526838207223,52442,0,0,0,49,UTAH
2865,490649,70.0,182.47622109534456,2.6068031585049223,2503.0,1835.0,0.0,668.0,2513.002290600901,1141.0,694.0,0.0,0.0,34.0,40.0,75.0,519.0,0.0,0.0,0.0,10.00229060090097,52442,0,0,0,49,UTAH
2868,490652,256.0,798.0712888135472,3.1174659719279187,837.0,127.0,28.0,682.0,898.0074276718867,73.0,54.0,2.0,26.0,292.0,17.0,25.0,348.0,0.0,0.0,24.99918150864327,36.00824616324349,92203,0,0,0,49,UTAH
2890,490674,409.0,1246.9208441515211,3.048706220419367,1667.0,720.0,13.0,934.0,1725.0132854852257,579.0,141.0,13.0,0.0,117.0,61.0,1.0,755.0,0.0,0.0,0.0,58.01328548522562,63047,0,0,0,49,UTAH
2891,490675,185.0,577.8413668019244,3.12346684757797,479.0,176.0,44.0,259.0,505.00595556234254,83.0,93.0,0.0,44.0,13.0,15.0,32.0,199.0,0.0,0.0,0.0,26.00595556234252,74876,0,0,0,49,UTAH
2892,490676,8.0,27.266561772867576,3.408320221608447,401.0,82.0,0.0,319.0,402.0002290600901,22.0,60.0,0.0,0.0,61.0,20.0,94.0,144.0,0.0,0.0,0.0,1.000229060090097,74876,0,0,0,49,UTAH
2893,490677,0.0,0.0,0.0,2218.0,787.0,3.0,1428.0,2218.0,412.0,375.0,1.0,2.0,45.0,45.0,64.0,1274.0,0.0,0.0,0.0,0.0,43625,0,0,0,49,UTAH
2885,490669,355.0,1181.9005814623754,3.3292974125700714,0.0,0.0,0.0,0.0,53.011616585286404,0.0,0.0,0.0,0.0,0.0,0.0,0.0,0.0,0.0,0.0,1.9999345206914616,51.01168206459494,74787,0,0,0,49,UTAH
2889,490673,819.0,2702.5357572569133,3.2997994594101505,148.0,92.0,2.0,54.0,265.0268000305413,33.0,59.0,2.0,0.0,7.0,1.0,21.0,25.0,0.0,0.0,0.0,117.02680003054134,43625,0,0,0,49,UTAH
2884,490668,285.0,940.6963811639314,3.300689056715549,138.0,13.0,39.0,86.0,179.009391463694,2.0,11.0,0.0,39.0,6.0,7.0,2.0,71.0,0.0,0.0,0.0,41.00939146369397,63047,0,0,0,49,UTAH
2886,490670,396.0,1222.8004241216768,3.0878798588931238,163.0,20.0,29.0,114.0,219.01282736504544,20.0,0.0,0.0,29.0,5.0,60.0,5.0,44.0,0.0,0.0,0.0,56.01282736504543,61585,723,0,0,49,UTAH
2894,490678,173.0,507.57753454107336,2.93397418809869,1162.0,284.0,4.0,874.0,1187.0057265022524,212.0,72.0,0.0,4.0,184.0,20.0,405.0,265.0,0.0,0.0,0.0,25.005726502252426,54433,0,0,0,49,UTAH
2897,490681,0.0,0.0,0.0,1567.0,11.0,1.0,1555.0,1567.0,11.0,0.0,0.0,1.0,424.0,146.0,884.0,101.0,0.0,0.0,0.0,0.0,67334,0,0,0,49,UTAH
2896,490680,96.0,292.59118210115594,3.047824813553708,901.0,354.0,6.0,541.0,915.0032068412613,141.0,213.0,6.0,0.0,191.0,118.0,11.0,221.0,0.0,0.0,0.0,14.003206841261356,67334,0,0,0,49,UTAH
2910,490694,346.0,1129.4648857453224,3.264349380766828,188.0,25.0,11.0,152.0,266.01497228411426,25.0,0.0,1.0,10.0,4.0,22.0,1.0,125.0,2.0046323103647943,0.0,26.999116029334733,49.01122394441475,68752,476,0,0,49,UTAH
2898,490682,3.0,9.438425229069546,3.146141743023182,399.0,2.0,40.0,357.0,399.0,0.0,2.0,24.0,16.0,178.0,52.0,20.0,107.0,0.0,0.0,0.0,0.0,67334,0,0,0,49,UTAH
2823,490607,480.0,1968.436017218171,4.1009083692045225,554.0,81.0,6.0,467.0,660.2085508786624,31.0,50.0,3.0,3.0,54.0,62.0,216.0,135.0,0.0,30.19323670977011,7.999738082765846,68.01557608612659,121339,592,0,0,49,UTAH
2911,490695,212.0,741.4407374391299,3.4973619690524997,0.0,0.0,0.0,0.0,65.00572591480349,0.0,0.0,0.0,0.0,0.0,0.0,0.0,0.0,0.0,0.0,34.99885411210058,30.006871802702907,68752,0,0,0,49,UTAH
2903,490687,92.0,284.2014707864274,3.0891464215916025,235.0,51.0,2.0,182.0,314.42809854828766,0.0,51.0,0.0,2.0,134.0,4.0,19.0,25.0,0.0,66.42512076711644,0.0,13.00297778117126,119851,0,0,0,49,UTAH
2901,490685,526.0,1729.329244748409,3.2876981839323367,287.0,13.0,6.0,268.0,385.01642649470904,13.0,0.0,0.0,6.0,1.0,1.0,257.0,9.0,0.0,0.0,22.999246987951807,75.01717950675727,119851,0,0,0,49,UTAH
2902,490686,77.0,247.49648378449032,3.214240049149225,506.0,173.0,0.0,333.0,517.0025196609911,173.0,0.0,0.0,0.0,16.0,78.0,107.0,132.0,0.0,0.0,0.0,11.002519660991066,92556,231,105,90,49,UTAH
2909,490693,305.0,1049.7626282554018,3.441844682804596,0.0,0.0,0.0,0.0,43.00984958387417,0.0,0.0,0.0,0.0,0.0,0.0,0.0,0.0,0.0,0.0,0.0,43.00984958387417,90843,0,0,0,49,UTAH
2899,490683,347.0,1147.2930222891202,3.3063199489600006,1255.0,50.0,5.0,1200.0,1304.0112239444147,49.0,1.0,0.0,5.0,320.0,14.0,206.0,660.0,0.0,0.0,0.0,49.01122394441475,61952,0,0,0,49,UTAH
2900,490684,63.0,171.98908195193394,2.7299854278084754,937.0,120.0,6.0,811.0,957.001701404614,48.0,72.0,5.0,1.0,183.0,40.0,294.0,294.0,0.0,0.0,10.999639863803038,9.002061540810873,79768,0,0,0,49,UTAH
2908,490692,279.0,938.5989533352492,3.364153954606628,122.0,19.0,0.0,103.0,173.0088022674069,19.0,0.0,0.0,0.0,46.0,13.0,29.0,15.0,0.0,0.0,10.999639863803038,40.00916240360388,92556,0,0,0,49,UTAH
2906,490690,429.0,1419.958640017796,3.3099268998083824,691.0,225.0,4.0,462.0,752.0139726654959,207.0,18.0,0.0,4.0,157.0,65.0,82.0,158.0,0.0,0.0,0.0,61.01397266549591,79768,631,0,0,49,UTAH
2904,490688,290.0,1034.0319195402858,3.565627308759606,810.0,358.0,0.0,452.0,859.0091295464598,358.0,0.0,0.0,0.0,204.0,145.0,14.0,89.0,0.0,0.0,7.999738082765846,41.00939146369397,66658,589,1238,0,49,UTAH
2905,490689,460.0,1642.285989858101,3.5701869344741324,0.0,0.0,0.0,0.0,65.0148889058563,0.0,0.0,0.0,0.0,0.0,0.0,0.0,0.0,0.0,0.0,0.0,65.0148889058563,74414,0,0,0,49,UTAH
2936,490720,633.0,1921.243891072823,3.0351404282351075,866.0,87.0,414.0,365.0,956.0206154081087,20.0,67.0,414.0,0.0,36.0,30.0,24.0,275.0,0.0,0.0,0.0,90.02061540810872,35406,0,0,0,49,UTAH
2935,490719,71.0,202.4017854678247,2.8507293727862635,613.0,332.0,0.0,281.0,666.0008827957674,29.0,303.0,0.0,0.0,129.0,3.0,70.0,79.0,0.0,0.0,42.998592194866426,10.00229060090097,94314,0,0,0,49,UTAH
2932,490716,323.0,1034.0319195402858,3.201337212199028,73.0,0.0,0.0,73.0,137.00994745036763,0.0,0.0,0.0,0.0,9.0,0.0,56.0,8.0,0.0,0.0,17.999410686223154,46.01053676414446,63478,0,0,0,49,UTAH
2933,490717,426.0,1357.0358051573326,3.1855300590547717,480.0,207.0,0.0,273.0,550.0136780086075,155.0,52.0,0.0,0.0,59.0,40.0,13.0,161.0,0.0,0.0,8.999705343111577,61.01397266549591,43774,0,0,0,49,UTAH
2928,490712,444.0,1395.8382199879518,3.1437797747476397,313.0,3.0,1.0,309.0,379.0143325667133,3.0,0.0,0.0,1.0,35.0,1.0,142.0,131.0,0.0,0.0,2.9999017810371926,63.014430785676105,38974,0,0,0,49,UTAH
2887,490671,549.0,1766.0342317503462,3.2168200942629257,503.0,106.0,8.0,389.0,581.0178666870275,69.0,37.0,8.0,0.0,19.0,18.0,129.0,223.0,0.0,0.0,0.0,78.01786668702756,45634,0,0,0,49,UTAH
2929,490713,84.0,251.69133944185452,2.996325469545888,1062.0,189.0,1.0,872.0,1074.0027487210812,169.0,20.0,1.0,0.0,32.0,15.0,5.0,820.0,0.0,0.0,0.0,12.002748721081163,31017,0,0,0,49,UTAH
2934,490718,41.0,120.60210014922195,2.9415146377859016,335.0,235.0,0.0,100.0,341.0013743605406,230.0,5.0,0.0,0.0,7.0,4.0,17.0,72.0,0.0,0.0,0.0,6.001374360540582,65401,0,0,0,49,UTAH
2930,490714,213.0,679.5666164930072,3.19045359855872,1078.0,456.0,67.0,555.0,1108.006871802703,211.0,245.0,11.0,56.0,93.0,33.0,154.0,275.0,0.0,0.0,0.0,30.006871802702907,65401,0,0,0,49,UTAH
2940,490724,159.0,522.2595293418482,3.284651127936152,107.0,4.0,1.0,102.0,130.00526838207225,4.0,0.0,0.0,1.0,0.0,2.0,2.0,98.0,0.0,0.0,0.0,23.00526838207223,60375,0,0,0,49,UTAH
2941,490725,327.0,1169.316014490283,3.575889952569672,13.0,0.0,0.0,13.0,66.01056938630894,0.0,0.0,0.0,0.0,0.0,0.0,0.0,13.0,0.0,0.0,5.999803562074385,47.01076582423456,60254,0,0,0,49,UTAH
2931,490715,414.0,1183.9980092910575,2.859898573166806,994.0,331.0,33.0,630.0,1152.010273319543,64.0,267.0,33.0,0.0,16.0,65.0,213.0,336.0,0.0,0.0,98.99675877422735,59.01351454531572,26552,0,0,0,49,UTAH
2938,490722,108.0,288.3963264437917,2.6703363559610342,552.0,219.0,13.0,320.0,567.0034359013515,66.0,153.0,3.0,10.0,2.0,11.0,3.0,304.0,0.0,0.0,0.0,15.003435901351454,26552,0,0,0,49,UTAH
2937,490721,181.0,591.4746476883582,3.267815733084852,260.0,171.0,1.0,88.0,286.00595556234254,8.0,163.0,1.0,0.0,2.0,4.0,13.0,69.0,0.0,0.0,0.0,26.00595556234252,31913,0,0,0,49,UTAH
2944,490728,826.0,2049.1869886224326,2.480855918429095,0.0,0.0,0.0,0.0,118.02702909063144,0.0,0.0,0.0,0.0,0.0,0.0,0.0,0.0,0.0,0.0,0.0,118.02702909063144,19032,0,0,0,49,UTAH
2939,490723,2.0,10.487139143410609,5.243569571705304,16528.0,0.0,0.0,16528.0,16528.0,0.0,0.0,0.0,0.0,0.0,16528.0,0.0,0.0,0.0,0.0,0.0,0.0,40443,0,0,0,49,UTAH
2990,490774,462.0,1566.7785880255449,3.3912956450769363,0.0,0.0,0.0,0.0,66.0151179659464,0.0,0.0,0.0,0.0,0.0,0.0,0.0,0.0,0.0,0.0,0.0,66.0151179659464,29733,0,0,0,49,UTAH
2992,490776,780.0,2425.675283870873,3.109840107526761,829.0,91.0,27.0,711.0,940.0254256700008,39.0,52.0,4.0,23.0,9.0,12.0,17.0,673.0,0.0,0.0,0.0,111.02542567000076,29586,0,0,0,49,UTAH
2993,490777,578.0,1895.0260432142968,3.278591770266949,77.0,57.0,0.0,20.0,159.01878292738795,5.0,52.0,0.0,0.0,0.0,1.0,0.0,19.0,0.0,0.0,0.0,82.01878292738795,24705,0,0,0,49,UTAH
2942,490726,462.0,1498.6121835933757,3.243749315137177,187.0,18.0,4.0,165.0,279.0142667349354,8.0,10.0,0.0,4.0,45.0,72.0,35.0,13.0,0.0,0.0,25.999148768989002,66.0151179659464,42678,744,0,0,49,UTAH
2994,490778,465.0,1602.4348611131406,3.4460964755121304,94.0,7.0,0.0,87.0,329.0095849643749,3.0,4.0,0.0,0.0,4.0,26.0,0.0,57.0,0.0,0.0,168.9944669984285,66.0151179659464,50328,0,0,0,49,UTAH
2995,490779,399.0,1403.179217388339,3.5167398932038574,0.0,0.0,0.0,0.0,83.01220519412452,0.0,0.0,0.0,0.0,0.0,0.0,0.0,0.0,0.0,0.0,25.999148768989002,57.01305642513552,53384,0,0,0,49,UTAH
2988,490772,415.0,1348.646093842604,3.249749623717118,0.0,0.0,0.0,0.0,59.01351454531572,0.0,0.0,0.0,0.0,0.0,0.0,0.0,0.0,0.0,0.0,0.0,59.01351454531572,26013,0,0,0,49,UTAH
2989,490773,301.0,982.644937737574,3.2646011220517406,70.0,26.0,0.0,44.0,113.00984958387417,3.0,23.0,0.0,0.0,9.0,5.0,0.0,30.0,0.0,0.0,0.0,43.00984958387417,40869,0,0,0,49,UTAH
2984,490768,408.0,1392.6920782449286,3.4134609760905112,232.0,22.0,0.0,210.0,290.01328548522565,3.0,19.0,0.0,0.0,0.0,2.0,178.0,30.0,0.0,0.0,0.0,58.01328548522562,30736,0,0,0,49,UTAH
2986,490770,326.0,1065.4933369705177,3.268384469234717,348.0,54.0,0.0,294.0,394.0105367641445,34.0,20.0,0.0,0.0,177.0,30.0,8.0,79.0,0.0,0.0,0.0,46.01053676414446,33068,0,0,0,49,UTAH
2980,490764,110.0,264.27590641394727,2.402508240126793,1100.0,146.0,8.0,946.0,1116.0036649614415,21.0,125.0,6.0,2.0,420.0,36.0,25.0,465.0,0.0,0.0,0.0,16.00366496144155,33951,0,0,0,49,UTAH
2981,490765,187.0,508.6262484554144,2.71992646232842,63.0,0.0,0.0,63.0,92.00611914312408,0.0,0.0,0.0,0.0,9.0,17.0,5.0,32.0,0.0,0.0,1.9999345206914616,27.006184622432617,30111,0,0,0,49,UTAH
2983,490767,112.0,297.8347516728612,2.659238854221975,0.0,0.0,0.0,0.0,16.00366496144155,0.0,0.0,0.0,0.0,0.0,0.0,0.0,0.0,0.0,0.0,0.0,16.00366496144155,22568,0,0,0,49,UTAH
2985,490769,0.0,0.0,0.0,1741.0,5.0,2.0,1734.0,1741.0,5.0,0.0,0.0,2.0,4.0,346.0,865.0,519.0,0.0,0.0,0.0,0.0,57005,15,13,20,49,UTAH
2926,490710,296.0,939.6476672495904,3.174485362329697,228.0,113.0,0.0,115.0,341.00729600833097,113.0,0.0,0.0,0.0,0.0,60.0,11.0,44.0,0.0,0.0,70.99767548454689,42.00962052378407,76985,718,0,0,49,UTAH
2927,490711,352.0,1093.808612657726,3.1074108314139948,92.0,0.0,1.0,91.0,142.01145300450486,0.0,0.0,0.0,1.0,17.0,42.0,0.0,32.0,0.0,0.0,0.0,50.01145300450485,76440,0,0,0,49,UTAH
2925,490709,446.0,1518.5377479658555,3.404793156874116,351.0,111.0,5.0,235.0,426.0140379098249,16.0,95.0,0.0,5.0,11.0,93.0,81.0,50.0,0.0,0.0,11.99960712414877,63.014430785676105,45835,840,374,146,49,UTAH
2977,490761,238.0,725.710028724014,3.0492018013614035,1419.0,3.0,2.0,1414.0,1453.0077880430633,3.0,0.0,0.0,2.0,2.0,18.0,1379.0,15.0,0.0,0.0,0.0,34.00778804306329,30043,0,0,0,49,UTAH
2924,490708,307.0,1072.834334370905,3.4945743790583226,0.0,0.0,0.0,0.0,54.00975124742157,0.0,0.0,0.0,0.0,0.0,0.0,0.0,0.0,0.0,0.0,9.999672603457308,44.01007864396426,71344,0,0,0,49,UTAH
2920,490704,0.0,0.0,0.0,644.0,9.0,137.0,498.0,644.0,9.0,0.0,136.0,1.0,99.0,191.0,11.0,197.0,0.0,0.0,0.0,0.0,45835,0,0,190,49,UTAH
2973,490757,362.0,1092.7598987433853,3.018673753434766,0.0,0.0,0.0,0.0,54.0118456453765,0.0,0.0,0.0,0.0,0.0,0.0,0.0,0.0,0.0,0.0,1.9999345206914616,52.01191112468504,31051,0,0,0,49,UTAH
2974,490758,297.0,914.4785333054048,3.079052300691599,195.0,5.0,0.0,190.0,237.00962052378406,5.0,0.0,0.0,0.0,1.0,0.0,168.0,21.0,0.0,0.0,0.0,42.00962052378407,30043,0,0,0,49,UTAH
2969,490753,497.0,1470.296907906167,2.958343879086855,0.0,0.0,0.0,0.0,71.01626326639688,0.0,0.0,0.0,0.0,0.0,0.0,0.0,0.0,0.0,0.0,0.0,71.01626326639688,48606,0,0,0,49,UTAH
2970,490754,207.0,654.3974825488218,3.161340495404936,356.0,103.0,20.0,233.0,385.0066427426128,103.0,0.0,0.0,20.0,2.0,120.0,20.0,91.0,0.0,0.0,0.0,29.00664274261281,50388,629,988,0,49,UTAH
2971,490755,515.0,1295.1616842112098,2.514877056720796,218.0,60.0,0.0,158.0,293.0166559072685,9.0,51.0,0.0,0.0,8.0,30.0,92.0,28.0,0.0,0.0,1.9999345206914616,73.01672138657707,27768,0,0,0,49,UTAH
2976,490760,385.0,944.8912368212956,2.454262952782586,367.0,3.0,0.0,364.0,422.0125983049553,1.0,2.0,0.0,0.0,8.0,9.0,153.0,194.0,0.0,0.0,0.0,55.01259830495533,23990,0,0,0,49,UTAH
2972,490756,191.0,477.1648310251826,2.498245188613521,1003.0,314.0,5.0,684.0,1030.0061846224326,157.0,157.0,3.0,2.0,55.0,30.0,85.0,514.0,0.0,0.0,0.0,27.006184622432617,27768,0,0,0,49,UTAH
2966,490750,260.0,792.8277192418418,3.049337381699392,358.0,110.0,0.0,248.0,395.00847522333356,108.0,2.0,0.0,0.0,9.0,165.0,22.0,52.0,0.0,0.0,0.0,37.00847522333358,49829,0,0,0,49,UTAH
2968,490752,9.0,35.65627308759606,3.961808120844007,2317.0,493.0,54.0,1770.0,2320.0001635807816,60.0,433.0,32.0,22.0,584.0,113.0,23.0,1050.0,0.0,0.0,1.9999345206914616,1.000229060090097,37024,0,0,0,49,UTAH
2918,490702,121.0,397.462573535262,3.2848146573162147,0.0,0.0,0.0,0.0,164.0108257665374,0.0,0.0,0.0,0.0,0.0,0.0,0.0,0.0,5.011580775911986,0.0,141.99535096909378,17.003894021531647,65974,0,0,0,49,UTAH
2919,490703,272.0,945.9399507356368,3.4777204071163115,172.0,20.0,110.0,42.0,233.0129108607932,20.0,0.0,19.0,91.0,14.0,5.0,0.0,23.0,2.0046323103647943,0.0,19.999345206914615,39.00893334351378,73053,0,0,0,49,UTAH
2915,490699,370.0,1260.554125037955,3.406903040643121,200.0,5.0,14.0,181.0,268.01399798479775,5.0,0.0,0.0,14.0,17.0,69.0,11.0,84.0,1.0023161551823971,0.0,13.999541644840232,53.012140184775134,65974,791,0,0,49,UTAH
2916,490700,338.0,1176.65701189067,3.481233762990148,0.0,0.0,0.0,0.0,49.01331103950705,0.0,0.0,0.0,0.0,0.0,0.0,0.0,0.0,1.0023161551823971,0.0,0.0,48.01099488432465,73053,0,0,0,49,UTAH
2913,490697,512.0,1759.7419482642997,3.4369959927037104,0.0,0.0,0.0,0.0,203.01481412635874,0.0,0.0,0.0,0.0,0.0,0.0,0.0,0.0,1.0023161551823971,0.0,128.99577658459927,73.01672138657707,57576,0,0,0,49,UTAH
2914,490698,128.0,472.9699753678184,3.6950779325610807,0.0,0.0,0.0,0.0,50.003075412685135,0.0,0.0,0.0,0.0,0.0,0.0,0.0,0.0,0.0,0.0,31.998952331063386,18.004123081621746,57544,0,0,0,49,UTAH
2953,490737,26.0,79.70225748992061,3.065471441920024,33.0,0.0,0.0,33.0,41.01018086108998,0.0,0.0,0.0,0.0,0.0,27.0,6.0,0.0,4.009264620729589,0.0,0.0,4.000916240360388,55528,0,0,0,49,UTAH
2949,490733,1.0,4.194855657364243,4.194855657364243,266.0,10.0,230.0,26.0,269.00694846554717,1.0,9.0,0.0,230.0,0.0,26.0,0.0,0.0,3.0069484655471914,0.0,0.0,0.0,55528,0,0,0,49,UTAH
2951,490735,47.0,177.23265152363925,3.770907479226367,176.0,6.0,6.0,164.0,291.0051142224796,6.0,0.0,0.0,6.0,0.0,97.0,28.0,39.0,3.0069484655471914,0.0,104.99656233630174,7.001603420630678,58209,485,0,0,49,UTAH
2947,490731,0.0,0.0,0.0,0.0,0.0,0.0,0.0,8.018529241459177,0.0,0.0,0.0,0.0,0.0,0.0,0.0,0.0,8.018529241459177,0.0,0.0,0.0,58209,0,0,0,49,UTAH
2955,490739,85.0,275.81175947169896,3.2448442290788115,50.0,0.0,0.0,50.0,172.00854293845822,0.0,0.0,0.0,0.0,0.0,0.0,45.0,5.0,4.009264620729589,0.0,105.99652959664746,12.002748721081163,58209,0,0,0,49,UTAH
2961,490745,437.0,1620.2629976569388,3.707695646812217,86.0,41.0,0.0,45.0,161.01377611008053,16.0,25.0,0.0,0.0,5.0,0.0,5.0,35.0,0.0,0.0,12.999574384494501,62.01420172558601,62082,0,0,0,49,UTAH
2962,490746,265.0,948.0373785643188,3.5774995417521467,144.0,12.0,9.0,123.0,195.0082786679182,12.0,0.0,0.0,9.0,12.0,58.0,3.0,50.0,0.0,0.0,12.999574384494501,38.00870428342368,68175,583,0,0,49,UTAH
3002,490786,339.0,1062.3471952274945,3.1337675375442315,235.0,11.0,192.0,32.0,289.01079844639906,11.0,0.0,85.0,107.0,1.0,5.0,0.0,26.0,0.0,0.0,5.999803562074385,48.01099488432465,47376,0,0,0,49,UTAH
3006,490790,259.0,810.6558557856399,3.129945389133745,108.0,36.0,0.0,72.0,145.0084752233336,25.0,11.0,0.0,0.0,12.0,1.0,0.0,59.0,0.0,0.0,0.0,37.00847522333358,52639,0,0,0,49,UTAH
3008,490792,104.0,244.35034204146717,2.349522519629492,2364.0,56.0,728.0,1580.0,2379.0034359013516,27.0,29.0,7.0,721.0,1321.0,90.0,25.0,144.0,0.0,0.0,0.0,15.003435901351454,37024,0,0,0,49,UTAH
3003,490787,206.0,600.9130729174277,2.917053752026348,348.0,93.0,7.0,248.0,377.0066427426128,93.0,0.0,5.0,2.0,15.0,70.0,6.0,157.0,0.0,0.0,0.0,29.00664274261281,52639,349,0,0,49,UTAH
3001,490785,24.0,63.9715487748047,2.665481198950196,204.0,105.0,5.0,94.0,207.0006871802703,104.0,1.0,5.0,0.0,2.0,2.0,47.0,43.0,0.0,0.0,0.0,3.000687180270291,56681,0,0,0,49,UTAH
3005,490789,169.0,406.9009987643315,2.407698217540424,609.0,78.0,37.0,494.0,635.0054319628538,68.0,10.0,29.0,8.0,155.0,58.0,1.0,280.0,0.0,0.0,1.9999345206914616,24.005497442162326,37024,0,0,0,49,UTAH
3004,490788,246.0,729.9048843813782,2.967093025940562,249.0,25.0,23.0,201.0,288.0078861445363,24.0,1.0,20.0,3.0,31.0,5.0,0.0,165.0,0.0,0.0,3.999869041382923,35.00801710315339,48426,0,0,0,49,UTAH
2996,490780,310.0,1014.1063551678056,3.271310823121954,0.0,0.0,0.0,0.0,92.00850714055935,0.0,0.0,0.0,0.0,0.0,0.0,0.0,0.0,0.0,0.0,47.99842849659508,44.01007864396426,56681,0,0,0,49,UTAH
2999,490783,773.0,2530.5466753049795,3.2736696963841907,0.0,0.0,0.0,0.0,110.02519660991068,0.0,0.0,0.0,0.0,0.0,0.0,0.0,0.0,0.0,0.0,0.0,110.02519660991068,29954,0,0,0,49,UTAH
2957,490741,529.0,2080.6484060526645,3.933172790269688,65.0,1.0,7.0,57.0,147.01929922401405,1.0,0.0,6.0,1.0,0.0,1.0,20.0,36.0,1.0023161551823971,0.0,5.999803562074385,75.01717950675727,63296,0,0,0,49,UTAH
2958,490742,161.0,614.5463538038615,3.817058098160631,0.0,0.0,0.0,0.0,39.00709344244059,0.0,0.0,0.0,0.0,0.0,0.0,0.0,0.0,1.0023161551823971,0.0,14.999508905185962,23.00526838207223,61242,0,0,0,49,UTAH
2998,490782,0.0,0.0,0.0,1011.0,730.0,1.0,280.0,1011.0,512.0,218.0,1.0,0.0,22.0,35.0,1.0,222.0,0.0,0.0,0.0,0.0,56681,0,0,0,49,UTAH
3014,490798,237.0,622.93606511859,2.628422215690253,1407.0,3.0,9.0,1395.0,1465.0070022913608,3.0,0.0,5.0,4.0,285.0,696.0,147.0,267.0,0.0,0.0,23.99921424829754,34.00778804306329,34871,0,0,0,49,UTAH
3015,490799,238.0,630.2770625189775,2.6482229517604097,169.0,1.0,0.0,168.0,203.0077880430633,0.0,1.0,0.0,0.0,27.0,22.0,84.0,35.0,0.0,0.0,0.0,34.00778804306329,24843,0,0,0,49,UTAH
3016,490800,325.0,908.1862498193584,2.794419230213411,281.0,74.0,0.0,207.0,327.0105367641445,73.0,1.0,0.0,0.0,3.0,6.0,23.0,175.0,0.0,0.0,0.0,46.01053676414446,33291,0,0,0,49,UTAH
3030,490814,374.0,1063.3959091418355,2.843304569897956,24.0,4.0,6.0,14.0,88.01178004857817,4.0,0.0,5.0,1.0,3.0,0.0,0.0,11.0,0.0,0.0,10.999639863803038,53.012140184775134,38899,0,0,0,49,UTAH
3013,490797,240.0,672.2256190926199,2.800940079552583,314.0,128.0,14.0,172.0,348.0077880430633,90.0,38.0,12.0,2.0,2.0,5.0,14.0,151.0,0.0,0.0,0.0,34.00778804306329,35287,0,0,0,49,UTAH
3027,490811,267.0,720.4664591523086,2.6983762515067737,229.0,9.0,0.0,220.0,267.0087042834237,9.0,0.0,0.0,0.0,2.0,134.0,74.0,10.0,0.0,0.0,0.0,38.00870428342368,37198,0,0,0,49,UTAH
3010,490794,386.0,1368.5716582150842,3.5455224306090263,253.0,6.0,100.0,147.0,308.0125983049553,6.0,0.0,91.0,9.0,3.0,10.0,24.0,110.0,0.0,0.0,0.0,55.01259830495533,33097,0,0,0,49,UTAH
3028,490812,401.0,1308.7949650976436,3.2638278431362684,206.0,83.0,5.0,118.0,263.0130564251355,83.0,0.0,0.0,5.0,3.0,55.0,11.0,49.0,0.0,0.0,0.0,57.01305642513552,43524,464,0,0,49,UTAH
3021,490805,0.0,0.0,0.0,909.0,88.0,472.0,349.0,909.0,88.0,0.0,295.0,177.0,5.0,73.0,32.0,239.0,0.0,0.0,0.0,0.0,56681,0,0,0,49,UTAH
3022,490806,0.0,0.0,0.0,832.0,15.0,223.0,594.0,832.0,14.0,1.0,159.0,64.0,68.0,162.0,2.0,362.0,0.0,0.0,0.0,0.0,56681,0,0,0,49,UTAH
3023,490807,0.0,0.0,0.0,55.0,0.0,55.0,0.0,55.0,0.0,0.0,0.0,55.0,0.0,0.0,0.0,0.0,0.0,0.0,0.0,0.0,33097,0,0,0,49,UTAH
3019,490803,0.0,0.0,0.0,3424.0,95.0,15.0,3314.0,3424.0,13.0,82.0,13.0,2.0,2481.0,359.0,273.0,201.0,0.0,0.0,0.0,0.0,56681,0,0,0,49,UTAH
3024,490808,109.0,366.0011561050302,3.3578087716057814,240.0,94.0,88.0,58.0,274.0030756476647,93.0,1.0,74.0,14.0,8.0,17.0,0.0,33.0,0.0,0.0,17.999410686223154,16.00366496144155,33097,461,0,0,49,UTAH
3018,490802,0.0,0.0,0.0,13.0,3.0,6.0,4.0,15.004632310364794,3.0,0.0,2.0,4.0,0.0,1.0,0.0,3.0,2.0046323103647943,0.0,0.0,0.0,129892,0,0,0,49,UTAH
3033,490817,401.0,1439.8842043902762,3.590733676783731,431.0,49.0,28.0,354.0,488.0130564251355,49.0,0.0,12.0,16.0,45.0,192.0,32.0,85.0,0.0,0.0,0.0,57.01305642513552,60746,401,0,13,49,UTAH
3031,490815,0.0,0.0,0.0,713.0,73.0,390.0,250.0,823.9963658983761,25.0,48.0,298.0,92.0,53.0,143.0,0.0,54.0,0.0,0.0,110.99636589837611,0.0,129892,0,0,0,49,UTAH
3057,490841,0.0,0.0,0.0,464.0,295.0,26.0,143.0,467.00694846554717,208.0,87.0,1.0,25.0,0.0,22.0,0.0,121.0,3.0069484655471914,0.0,0.0,0.0,75945,0,0,0,49,UTAH
3035,490819,0.0,0.0,0.0,511.0,0.0,489.0,22.0,511.0,0.0,0.0,397.0,92.0,20.0,1.0,0.0,1.0,0.0,0.0,0.0,0.0,75945,0,0,0,49,UTAH
3037,490821,0.0,0.0,0.0,725.0,5.0,634.0,86.0,727.0046323103647,5.0,0.0,365.0,269.0,0.0,53.0,0.0,33.0,2.0046323103647943,0.0,0.0,0.0,129892,0,0,0,49,UTAH
3039,490823,321.0,1155.6827336038489,3.6002577370836413,445.0,127.0,71.0,247.0,491.0105367641445,127.0,0.0,44.0,27.0,11.0,47.0,20.0,169.0,0.0,0.0,0.0,46.01053676414446,54799,0,0,0,49,UTAH
3036,490820,0.0,0.0,0.0,1755.0,35.0,1390.0,330.0,1755.0,35.0,0.0,1152.0,238.0,173.0,23.0,39.0,95.0,0.0,0.0,0.0,0.0,75945,0,0,0,49,UTAH
3056,490840,0.0,0.0,0.0,339.0,126.0,114.0,99.0,342.00694846554717,126.0,0.0,27.0,87.0,6.0,41.0,0.0,52.0,3.0069484655471914,0.0,0.0,0.0,75945,0,0,0,49,UTAH
3063,490847,0.0,0.0,0.0,25.0,0.0,25.0,0.0,27.004632310364794,0.0,0.0,3.0,22.0,0.0,0.0,0.0,0.0,2.0046323103647943,0.0,0.0,0.0,75945,0,0,0,49,UTAH
3054,490838,1.0,1.0,1.0,169.0,64.0,95.0,10.0,171.0046323103648,64.0,0.0,40.0,55.0,1.0,5.0,0.0,4.0,2.0046323103647943,0.0,0.0,0.0,75945,0,0,0,49,UTAH
3061,490845,375.0,1352.8409494999682,3.607575865333249,129.0,16.0,32.0,81.0,182.01214018477515,7.0,9.0,0.0,32.0,9.0,50.0,0.0,22.0,0.0,0.0,0.0,53.012140184775134,75945,696,0,0,49,UTAH
3051,490835,0.0,0.0,0.0,140.0,91.0,7.0,42.0,144.00456683105625,52.0,39.0,0.0,7.0,0.0,0.0,0.0,42.0,2.0046323103647943,0.0,1.9999345206914616,0.0,51304,0,0,0,49,UTAH
3052,490836,0.0,0.0,0.0,70.0,58.0,0.0,12.0,228.99949218464454,58.0,0.0,0.0,0.0,0.0,2.0,0.0,10.0,2.0046323103647943,0.0,156.99485987427974,0.0,45247,0,0,0,49,UTAH
3058,490842,229.0,762.4150157259511,3.329323212777079,122.0,2.0,3.0,117.0,295.00767322104883,2.0,0.0,0.0,3.0,2.0,104.0,0.0,11.0,2.0046323103647943,0.0,137.99548192771084,33.0075589829732,45247,558,123,0,49,UTAH
3059,490843,378.0,1403.179217388339,3.712114331715183,314.0,0.0,3.0,311.0,368.0123692448652,0.0,0.0,3.0,0.0,3.0,9.0,245.0,54.0,0.0,0.0,0.0,54.01236924486523,45247,0,0,0,49,UTAH
3038,490822,0.0,0.0,0.0,1538.0,0.0,1156.0,382.0,1539.0023161551824,0.0,0.0,1097.0,59.0,0.0,0.0,0.0,382.0,1.0023161551823971,0.0,0.0,0.0,129892,0,0,0,49,UTAH
3042,490826,212.0,743.538165267812,3.507255496546283,203.0,48.0,95.0,60.0,234.0091879578853,48.0,0.0,93.0,2.0,0.0,32.0,0.0,28.0,1.0023161551823971,0.0,0.0,30.006871802702907,54799,0,0,0,49,UTAH
3076,490860,286.0,898.7478245902889,3.1424749111548564,1010.0,252.0,447.0,311.0,1113.0097104999659,145.0,107.0,238.0,209.0,62.0,100.0,0.0,149.0,1.0023161551823971,0.0,60.998002881089576,41.00939146369397,51304,0,0,0,49,UTAH
3079,490863,0.0,0.0,0.0,1285.0,767.0,2.0,516.0,1287.0046323103647,505.0,262.0,1.0,1.0,1.0,105.0,24.0,386.0,2.0046323103647943,0.0,0.0,0.0,55124,0,0,0,49,UTAH
3080,490864,10.0,26.217847858526515,2.6217847858526517,0.0,0.0,0.0,0.0,131.00067069470845,0.0,0.0,0.0,0.0,0.0,0.0,0.0,0.0,2.0046323103647943,0.0,127.99580932425354,1.000229060090097,73772,0,0,0,49,UTAH
3078,490862,160.0,599.8643590030867,3.749152243769292,0.0,0.0,0.0,0.0,26.00751905794609,0.0,0.0,0.0,0.0,0.0,0.0,0.0,0.0,1.0023161551823971,0.0,1.9999345206914616,23.00526838207223,73772,0,0,0,49,UTAH
3082,490866,250.0,926.0143863631564,3.704057545452626,255.0,24.0,13.0,218.0,293.0128784736083,7.0,17.0,8.0,5.0,47.0,18.0,26.0,127.0,2.0046323103647943,0.0,0.0,36.00824616324349,73772,0,0,0,49,UTAH
3084,490868,11.0,29.363989601549697,2.6694536001408817,3.0,0.0,3.0,0.0,11.014355051274578,0.0,0.0,2.0,1.0,0.0,0.0,0.0,0.0,6.013896931094383,0.0,0.0,2.000458120180194,73772,0,0,0,49,UTAH
3083,490867,333.0,1273.1386920100476,3.823239315345488,0.0,0.0,0.0,0.0,49.01539813459935,0.0,0.0,0.0,0.0,0.0,0.0,0.0,0.0,2.0046323103647943,0.0,0.0,47.01076582423456,73772,0,0,0,49,UTAH
3142,490926,0.0,0.0,0.0,5.0,2.0,1.0,2.0,10.011580775911986,2.0,0.0,0.0,1.0,0.0,0.0,0.0,2.0,5.011580775911986,0.0,0.0,0.0,58032,0,0,0,49,UTAH
3064,490848,104.0,391.1702900492156,3.761252788934766,132.0,48.0,0.0,84.0,147.00343590135145,47.0,1.0,0.0,0.0,5.0,10.0,4.0,65.0,0.0,0.0,0.0,15.003435901351454,44865,0,0,10,49,UTAH
3065,490849,227.0,632.3744903476596,2.7857907063773557,767.0,80.0,11.0,676.0,799.0073299228831,43.0,37.0,11.0,0.0,7.0,109.0,248.0,312.0,0.0,0.0,0.0,32.0073299228831,48735,511,0,0,49,UTAH
3095,490879,332.0,965.8655151081168,2.909233479241316,193.0,107.0,0.0,86.0,246.01056938630896,107.0,0.0,0.0,0.0,0.0,28.0,0.0,58.0,0.0,0.0,5.999803562074385,47.01076582423456,44214,481,0,0,49,UTAH
3096,490880,204.0,734.0997400387424,3.598528137444816,239.0,23.0,36.0,180.0,346.0040890495798,23.0,0.0,0.0,36.0,2.0,101.0,13.0,64.0,0.0,0.0,77.997446306967,29.00664274261281,71157,0,0,1504,49,UTAH
3098,490882,132.0,505.4801067123912,3.8293947478211456,0.0,0.0,0.0,0.0,31.003959265860612,0.0,0.0,0.0,0.0,0.0,0.0,0.0,0.0,0.0,0.0,11.99960712414877,19.00435214171184,104790,0,0,0,49,UTAH
3094,490878,197.0,744.5868791821531,3.7796288283358015,63.0,5.0,10.0,48.0,91.00641368252272,5.0,0.0,0.0,10.0,1.0,24.0,3.0,20.0,0.0,0.0,0.0,28.006413682522712,49443,676,0,0,49,UTAH
3093,490877,194.0,716.2716034949444,3.6921216674997135,3.0,2.0,0.0,1.0,31.006413682522712,2.0,0.0,0.0,0.0,0.0,0.0,0.0,1.0,0.0,0.0,0.0,28.006413682522712,63108,0,0,0,49,UTAH
3092,490876,188.0,727.8074565526961,3.8713162582590215,0.0,0.0,0.0,0.0,30.00608640346981,0.0,0.0,0.0,0.0,0.0,0.0,0.0,0.0,0.0,0.0,2.9999017810371926,27.006184622432617,55995,0,0,0,49,UTAH
3111,490895,73.0,255.8861950992188,3.5052903438249152,0.0,0.0,0.0,0.0,11.004606756083367,0.0,0.0,0.0,0.0,0.0,0.0,0.0,0.0,1.0023161551823971,0.0,0.0,10.00229060090097,112744,0,0,0,49,UTAH
3101,490885,307.0,1041.3729169406731,3.3920941919891634,0.0,0.0,0.0,0.0,48.009947685347186,0.0,0.0,0.0,0.0,0.0,0.0,0.0,0.0,0.0,0.0,3.999869041382923,44.01007864396426,62140,0,0,0,49,UTAH
3091,490875,78.0,249.5939116131724,3.199921943758621,30.0,5.0,20.0,5.0,41.00251966099107,5.0,0.0,0.0,20.0,0.0,1.0,0.0,4.0,0.0,0.0,0.0,11.002519660991066,66133,0,0,0,49,UTAH
3107,490891,51.0,174.08650978061607,3.4134609760905112,77.0,3.0,5.0,69.0,87.00855188617787,3.0,0.0,5.0,0.0,26.0,5.0,31.0,7.0,3.0069484655471914,0.0,0.0,7.001603420630678,90129,0,0,0,49,UTAH
3117,490901,179.0,670.1281912639378,3.7437329120890377,0.0,0.0,0.0,0.0,72.01123442301177,0.0,0.0,0.0,0.0,0.0,0.0,0.0,0.0,3.0069484655471914,0.0,43.99855945521215,25.005726502252426,91005,0,0,0,49,UTAH
3116,490900,164.0,623.9847790329311,3.804785238005677,416.0,33.0,85.0,298.0,453.0048100269125,33.0,0.0,73.0,12.0,28.0,81.0,7.0,182.0,0.0,0.0,13.999541644840232,23.00526838207223,91005,780,0,0,49,UTAH
3106,490890,305.0,1262.651552866637,4.139841156939793,9.0,0.0,1.0,8.0,83.01588133910182,0.0,0.0,0.0,1.0,4.0,0.0,0.0,4.0,3.0069484655471914,0.0,27.999083289680463,43.00984958387417,91005,0,0,0,49,UTAH
3118,490902,212.0,814.8507114430041,3.843635431334925,205.0,1.0,12.0,192.0,247.01352561136167,1.0,0.0,6.0,6.0,9.0,16.0,150.0,17.0,3.0069484655471914,0.0,8.999705343111577,30.006871802702907,91005,0,0,0,49,UTAH
3119,490903,113.0,449.898269252315,3.981400612852345,183.0,0.0,47.0,136.0,205.00581741835262,0.0,0.0,17.0,30.0,5.0,22.0,72.0,37.0,1.0023161551823971,0.0,4.999836301728654,16.00366496144155,113111,0,0,0,49,UTAH
3182,490966,179.0,704.7357504371928,3.937071231492697,0.0,0.0,0.0,0.0,33.00781347985494,0.0,0.0,0.0,0.0,0.0,0.0,0.0,0.0,1.0023161551823971,0.0,6.999770822420116,25.005726502252426,99112,0,0,0,49,UTAH
3127,490911,21.0,76.55611574689743,3.64552932128083,0.0,0.0,0.0,0.0,4.0030033354526875,0.0,0.0,0.0,0.0,0.0,0.0,0.0,0.0,1.0023161551823971,0.0,0.0,3.000687180270291,99112,0,0,0,49,UTAH
3122,490906,50.0,162.5506567228644,3.251013134457288,0.0,0.0,0.0,0.0,25.01275858103717,0.0,0.0,0.0,0.0,0.0,0.0,0.0,0.0,5.011580775911986,0.0,12.999574384494501,7.001603420630678,103707,0,0,0,49,UTAH
3085,490869,0.0,0.0,0.0,0.0,0.0,0.0,0.0,4.009264620729589,0.0,0.0,0.0,0.0,0.0,0.0,0.0,0.0,4.009264620729589,0.0,0.0,0.0,58032,0,0,0,49,UTAH
3143,490927,0.0,0.0,0.0,981.0,142.0,335.0,504.0,981.0,142.0,0.0,329.0,6.0,13.0,112.0,0.0,379.0,0.0,0.0,0.0,0.0,58032,0,0,0,49,UTAH
3086,490870,6.0,22.022992201162275,3.6704987001937126,170.0,6.0,155.0,9.0,173.0048613704549,6.0,0.0,60.0,95.0,0.0,8.0,0.0,1.0,2.0046323103647943,0.0,0.0,1.000229060090097,58032,0,0,0,49,UTAH
3087,490871,59.0,217.08378026859955,3.67938610624745,4.0,0.0,4.0,0.0,18.00868272730516,0.0,0.0,2.0,2.0,0.0,0.0,0.0,0.0,3.0069484655471914,0.0,2.9999017810371926,8.001832480720775,58032,0,0,0,49,UTAH
3144,490928,0.0,0.0,0.0,997.0,443.0,246.0,308.0,1017.9993124672603,365.0,78.0,246.0,0.0,76.0,77.0,39.0,116.0,0.0,0.0,20.999312467260346,0.0,58032,0,0,0,49,UTAH
3145,490929,0.0,0.0,0.0,1236.0,806.0,8.0,422.0,1316.9973480880042,528.0,278.0,8.0,0.0,26.0,129.0,3.0,264.0,0.0,0.0,80.9973480880042,0.0,58032,0,0,0,49,UTAH
3088,490872,24.0,82.84839923294379,3.4520166347059917,0.0,0.0,0.0,0.0,4.0030033354526875,0.0,0.0,0.0,0.0,0.0,0.0,0.0,0.0,1.0023161551823971,0.0,0.0,3.000687180270291,58032,0,0,0,49,UTAH
3146,490930,290.0,1030.8857777972626,3.554778544128492,75.0,28.0,20.0,27.0,120.01395829475024,28.0,0.0,15.0,5.0,5.0,0.0,4.0,18.0,2.0046323103647943,0.0,1.9999345206914616,41.00939146369397,58032,0,0,0,49,UTAH
3179,490963,91.0,341.8807360751858,3.756931165661382,0.0,0.0,0.0,0.0,40.00679160017933,0.0,0.0,0.0,0.0,0.0,0.0,0.0,0.0,2.0046323103647943,0.0,24.99918150864327,13.00297778117126,91005,0,0,0,49,UTAH
3178,490962,113.0,432.070132708517,3.8236294929957255,182.0,82.0,2.0,98.0,204.0128641028626,82.0,0.0,0.0,2.0,16.0,45.0,0.0,37.0,4.009264620729589,0.0,1.9999345206914616,16.00366496144155,91005,667,0,0,49,UTAH
3180,490964,195.0,741.4407374391299,3.8022601919955377,0.0,0.0,0.0,0.0,87.0068309377575,0.0,0.0,0.0,0.0,0.0,0.0,0.0,0.0,1.0023161551823971,0.0,57.99810110005239,28.006413682522712,91005,0,0,0,49,UTAH
3147,490931,409.0,1609.7758585135282,3.935882294654103,259.0,170.0,0.0,89.0,366.01168124216645,68.0,102.0,0.0,0.0,15.0,0.0,1.0,73.0,0.0,0.0,48.99839575694081,58.01328548522562,61129,0,0,0,49,UTAH
3177,490961,406.0,1626.555281142985,4.006293795918682,112.0,45.0,0.0,67.0,185.0322162803514,45.0,0.0,0.0,0.0,15.0,30.0,11.0,11.0,0.0,3.0193236709770117,11.99960712414877,58.01328548522562,99112,833,0,0,49,UTAH
3183,490967,131.0,513.8698180271197,3.922670366619234,565.0,136.0,22.0,407.0,585.0066682968942,119.0,17.0,0.0,22.0,11.0,246.0,2.0,148.0,1.0023161551823971,0.0,0.0,19.00435214171184,99112,0,0,1602,49,UTAH
3191,490975,141.0,519.113387598825,3.681655231197341,159.0,142.0,0.0,17.0,179.00458120180195,142.0,0.0,0.0,0.0,0.0,4.0,0.0,13.0,0.0,0.0,0.0,20.00458120180194,99112,0,0,0,49,UTAH
3184,490968,340.0,1338.1589546991934,3.935761631468216,0.0,0.0,0.0,0.0,93.01421938955588,0.0,0.0,0.0,0.0,0.0,0.0,0.0,0.0,2.0046323103647943,0.0,42.998592194866426,48.01099488432465,99112,0,0,0,49,UTAH
3185,490969,40.0,142.62509235038425,3.5656273087596064,0.0,0.0,0.0,0.0,113.0096156917171,0.0,0.0,0.0,0.0,0.0,0.0,0.0,0.0,5.011580775911986,0.0,101.99666055526454,6.001374360540582,99112,0,0,0,49,UTAH
3186,490970,25.0,67.11769051782788,2.684707620713115,102.0,0.0,0.0,102.0,109.00786470590758,0.0,0.0,0.0,0.0,0.0,0.0,102.0,0.0,3.0069484655471914,0.0,0.0,4.000916240360388,99112,0,0,0,49,UTAH
3187,490971,4.0,14.681994800774849,3.670498700193712,24.0,3.0,5.0,16.0,26.002545215272495,3.0,0.0,0.0,5.0,1.0,1.0,0.0,14.0,1.0023161551823971,0.0,0.0,1.000229060090097,113111,0,0,0,49,UTAH
3222,491006,0.0,0.0,0.0,406.0,209.0,56.0,141.0,406.0,209.0,0.0,0.0,56.0,50.0,68.0,0.0,23.0,0.0,0.0,0.0,0.0,69330,0,0,0,49,UTAH
3221,491005,141.0,543.2338076286694,3.852722039919642,38.0,12.0,0.0,26.0,61.01152966734913,2.0,10.0,0.0,0.0,0.0,0.0,2.0,24.0,3.0069484655471914,0.0,0.0,20.00458120180194,78353,0,0,0,49,UTAH
3188,490972,512.0,2100.5739704251446,4.1026835359866105,0.0,0.0,0.0,0.0,262.0105335919202,0.0,0.0,0.0,0.0,0.0,0.0,0.0,0.0,0.0,0.0,188.99381220534312,73.01672138657707,87780,0,0,0,49,UTAH
3192,490976,91.0,325.1013134457288,3.57254190599702,18.0,6.0,1.0,11.0,41.0073481743019,6.0,0.0,0.0,1.0,2.0,2.0,0.0,7.0,2.0046323103647943,0.0,7.999738082765846,13.00297778117126,99112,0,0,0,49,UTAH
3193,490977,381.0,1549.9991653960876,4.068239279254823,159.0,13.0,29.0,117.0,213.01236924486523,13.0,0.0,0.0,29.0,22.0,36.0,0.0,59.0,0.0,0.0,0.0,54.01236924486523,93258,740,0,0,49,UTAH
3197,490981,363.0,1310.8923929263258,3.611273809714396,290.0,41.0,10.0,239.0,342.01191112468507,39.0,2.0,0.0,10.0,75.0,54.0,16.0,94.0,0.0,0.0,0.0,52.01191112468504,104274,543,0,0,49,UTAH
3194,490978,398.0,1599.2887193701174,4.018313365251552,0.0,0.0,0.0,0.0,123.01324450279041,0.0,0.0,0.0,0.0,0.0,0.0,0.0,0.0,1.0023161551823971,0.0,64.9978719224725,57.01305642513552,101106,0,0,0,49,UTAH
3219,491003,1.0,1.0,1.0,0.0,0.0,0.0,0.0,7.01621308627678,0.0,0.0,0.0,0.0,0.0,0.0,0.0,0.0,7.01621308627678,0.0,0.0,0.0,107346,0,0,0,49,UTAH
3214,490998,7.0,12.584566972092729,1.7977952817275324,0.0,0.0,0.0,0.0,11.023390611914069,0.0,0.0,0.0,0.0,0.0,0.0,0.0,0.0,10.023161551823971,0.0,0.0,1.000229060090097,88338,0,0,0,49,UTAH
3408,491192,14.0,51.38698180271197,3.670498700193712,0.0,0.0,0.0,0.0,4.005090430544988,0.0,0.0,0.0,0.0,0.0,0.0,0.0,0.0,2.0046323103647943,0.0,0.0,2.000458120180194,69330,0,0,0,49,UTAH
3215,490999,47.0,138.43023669302,2.945324184957872,2.0,0.0,0.0,2.0,191.00504038290038,0.0,0.0,0.0,0.0,0.0,0.0,0.0,2.0,4.009264620729589,0.0,177.9941723415401,7.001603420630678,69330,0,0,0,49,UTAH
3213,490997,19.0,42.997270487983485,2.263014236209657,30.0,2.0,14.0,14.0,130.00455811831617,2.0,0.0,0.0,14.0,1.0,4.0,0.0,9.0,3.0069484655471914,0.0,93.9969224724987,3.000687180270291,60557,0,0,0,49,UTAH
3151,490935,0.0,0.0,0.0,1028.0,784.0,0.0,244.0,1028.0,483.0,301.0,0.0,0.0,66.0,20.0,28.0,130.0,0.0,0.0,0.0,0.0,44074,0,0,0,49,UTAH
3150,490934,44.0,138.43023669302,3.1461417430231817,193.0,142.0,4.0,47.0,199.00137436054058,102.0,40.0,1.0,3.0,3.0,2.0,3.0,39.0,0.0,0.0,0.0,6.001374360540582,44074,0,0,0,49,UTAH
3152,490936,71.0,232.81448898371548,3.279077309629796,476.0,77.0,1.0,398.0,497.001930464704,71.0,6.0,1.0,0.0,48.0,12.0,64.0,274.0,0.0,0.0,10.999639863803038,10.00229060090097,44074,0,0,0,49,UTAH
3153,490937,247.0,847.360842787577,3.430610699544846,168.0,71.0,0.0,97.0,203.0080171031534,35.0,36.0,0.0,0.0,4.0,5.0,52.0,36.0,0.0,0.0,0.0,35.00801710315339,44074,0,0,0,49,UTAH
3149,490933,304.0,1091.7111848290442,3.591155213253435,113.0,40.0,0.0,73.0,156.00984958387417,38.0,2.0,0.0,0.0,13.0,1.0,7.0,52.0,0.0,0.0,0.0,43.00984958387417,48351,0,0,0,49,UTAH
3148,490932,164.0,553.72094677208,3.3763472364151217,276.0,90.0,0.0,186.0,299.00526838207225,21.0,69.0,0.0,0.0,56.0,2.0,10.0,118.0,0.0,0.0,0.0,23.00526838207223,48351,0,0,0,49,UTAH
3169,490953,238.0,758.2201600685869,3.185798991884819,138.0,49.0,2.0,87.0,172.0077880430633,49.0,0.0,0.0,2.0,1.0,27.0,0.0,59.0,0.0,0.0,0.0,34.00778804306329,45450,412,0,0,49,UTAH
3168,490952,235.0,709.9793200088981,3.021188595782545,637.0,163.0,4.0,470.0,674.0074280243562,55.0,108.0,1.0,3.0,121.0,34.0,46.0,269.0,0.0,0.0,3.999869041382923,33.0075589829732,45450,0,0,0,49,UTAH
3195,490979,560.0,2162.448091371267,3.861514448877262,406.0,134.0,7.0,265.0,627.0160574107924,103.0,31.0,2.0,5.0,7.0,44.0,118.0,96.0,1.0023161551823971,0.0,139.99541644840232,80.01832480720776,75801,425,0,0,49,UTAH
3176,490960,216.0,843.1659871302128,3.903546236713948,17.0,6.0,0.0,11.0,57.00680620590458,6.0,0.0,0.0,0.0,0.0,8.0,0.0,3.0,0.0,0.0,8.999705343111577,31.007100862793006,62215,0,1212,0,49,UTAH
3172,490956,80.0,287.3476125294506,3.5918451566181324,857.0,23.0,133.0,701.0,1032.9994665128734,16.0,7.0,129.0,4.0,37.0,168.0,23.0,473.0,1.0023161551823971,0.0,163.99463069669986,11.002519660991066,51785,0,0,0,49,UTAH
3171,490955,167.0,480.3109727682058,2.876113609390454,108.0,43.0,0.0,65.0,136.00536648354526,17.0,26.0,0.0,0.0,22.0,4.0,0.0,39.0,0.0,0.0,3.999869041382923,24.005497442162326,58353,0,0,0,49,UTAH
3170,490954,191.0,572.5977972302192,2.997894226336226,29.0,9.0,1.0,19.0,60.006053663815536,9.0,0.0,0.0,1.0,0.0,4.0,10.0,5.0,0.0,0.0,3.999869041382923,27.006184622432617,58353,0,0,0,49,UTAH
3175,490959,256.0,934.404097677885,3.6500160065542384,21.0,0.0,0.0,21.0,59.00818068393495,0.0,0.0,0.0,0.0,0.0,5.0,11.0,5.0,0.0,0.0,1.9999345206914616,36.00824616324349,60125,0,0,0,49,UTAH
3173,490957,230.0,823.2404227577326,3.579306185903185,272.0,7.0,8.0,257.0,305.0075589829732,7.0,0.0,0.0,8.0,2.0,69.0,0.0,186.0,0.0,0.0,0.0,33.0075589829732,51785,0,1255,0,49,UTAH
3198,490982,206.0,708.930606094557,3.4414107091968784,0.0,0.0,0.0,0.0,29.00664274261281,0.0,0.0,0.0,0.0,0.0,0.0,0.0,0.0,0.0,0.0,0.0,29.00664274261281,102351,0,0,0,49,UTAH
3154,490938,210.0,744.5868791821531,3.5456518056293005,647.0,175.0,1.0,471.0,680.0261954736799,0.0,175.0,1.0,0.0,48.0,10.0,128.0,285.0,0.0,3.0193236709770117,0.0,30.006871802702907,58209,0,0,0,49,UTAH
3161,490945,330.0,1138.9033109743918,3.451222154467854,88.0,0.0,88.0,0.0,135.01076582423457,0.0,0.0,87.0,1.0,0.0,0.0,0.0,0.0,0.0,0.0,0.0,47.01076582423456,83918,0,0,0,49,UTAH
3163,490947,275.0,949.08609247866,3.451222154467854,125.0,18.0,20.0,87.0,223.00935059874857,18.0,0.0,1.0,19.0,18.0,11.0,0.0,58.0,1.0023161551823971,0.0,57.99810110005239,39.00893334351378,56042,0,0,0,49,UTAH
3155,490939,129.0,432.070132708517,3.349380873709434,143.0,5.0,5.0,133.0,161.00412308162174,5.0,0.0,0.0,5.0,14.0,38.0,2.0,79.0,0.0,0.0,0.0,18.004123081621746,58209,619,0,0,49,UTAH
3164,490948,54.0,180.37879326666243,3.340348023456712,257.0,34.0,32.0,191.0,265.0018324807208,34.0,0.0,0.0,32.0,0.0,85.0,0.0,106.0,0.0,0.0,0.0,8.001832480720775,56042,0,0,1442,49,UTAH
3162,490946,330.0,1181.9005814623754,3.581516913522349,169.0,35.0,18.0,116.0,321.009677055373,35.0,0.0,0.0,18.0,9.0,57.0,4.0,46.0,1.0023161551823971,0.0,103.99659507595601,47.01076582423456,83918,852,0,0,49,UTAH
3165,490949,325.0,1164.0724449185773,3.5817613689802377,202.0,13.0,7.0,182.0,248.01053676414446,13.0,0.0,0.0,7.0,5.0,3.0,146.0,28.0,0.0,0.0,0.0,46.01053676414446,50048,0,0,0,49,UTAH
3167,490951,184.0,616.6437816325437,3.351324900176868,474.0,93.0,14.0,367.0,505.00579186407117,80.0,13.0,0.0,14.0,68.0,20.0,29.0,250.0,0.0,0.0,4.999836301728654,26.00595556234252,56042,0,0,0,49,UTAH
3166,490950,137.0,447.8008414236329,3.2686192804644736,787.0,49.0,0.0,738.0,806.0043521417118,11.0,38.0,0.0,0.0,29.0,584.0,46.0,79.0,0.0,0.0,0.0,19.00435214171184,50625,0,0,0,49,UTAH
3203,490987,99.0,390.12157613487454,3.940621981160349,1.0,0.0,0.0,1.0,16.00552299644375,0.0,0.0,0.0,0.0,0.0,0.0,0.0,1.0,1.0023161551823971,0.0,0.0,14.003206841261356,105921,0,0,0,49,UTAH
3211,490995,142.0,456.19055273836136,3.2126095263264887,631.0,78.0,190.0,363.0,653.0045157224934,45.0,33.0,127.0,63.0,44.0,53.0,21.0,245.0,0.0,0.0,1.9999345206914616,20.00458120180194,49164,0,7,265,49,UTAH
3207,490991,44.0,125.84566972092728,2.8601288572938017,0.0,0.0,0.0,0.0,443.99408107648065,0.0,0.0,0.0,0.0,0.0,0.0,0.0,0.0,3.0069484655471914,0.0,434.9857582503929,6.001374360540582,105921,0,0,0,49,UTAH
3205,490989,95.0,282.1040429577453,2.969516241660477,0.0,0.0,0.0,0.0,173.00504792074256,0.0,0.0,0.0,0.0,0.0,0.0,0.0,0.0,3.0069484655471914,0.0,155.994892613934,14.003206841261356,105921,0,0,0,49,UTAH
3208,490992,12.0,45.09469831666561,3.7578915263888,0.0,0.0,0.0,0.0,62.01023821510737,0.0,0.0,0.0,0.0,0.0,0.0,0.0,0.0,5.011580775911986,0.0,54.99819931901519,2.000458120180194,105921,0,0,0,49,UTAH
3209,490993,125.0,500.2365371406859,4.001892297125488,418.0,11.0,54.0,353.0,436.00412308162174,11.0,0.0,14.0,40.0,4.0,246.0,1.0,102.0,0.0,0.0,0.0,18.004123081621746,105921,921,438,414,49,UTAH
3210,490994,177.0,697.3947530368054,3.9400833504904256,87.0,11.0,4.0,72.0,113.00804265743483,11.0,0.0,0.0,4.0,8.0,1.0,18.0,45.0,1.0023161551823971,0.0,0.0,25.005726502252426,105921,0,0,0,49,UTAH
3206,490990,40.0,132.13795320697363,3.3034488301743408,0.0,0.0,0.0,0.0,8.006006670905375,0.0,0.0,0.0,0.0,0.0,0.0,0.0,0.0,2.0046323103647943,0.0,0.0,6.001374360540582,105921,0,0,0,49,UTAH
3212,490996,51.0,184.57364892402668,3.619091155373072,140.0,18.0,12.0,110.0,411.995276307086,18.0,0.0,11.0,1.0,1.0,18.0,0.0,91.0,1.0023161551823971,0.0,263.99135673127296,7.001603420630678,105921,0,0,0,49,UTAH
3225,491009,15.0,40.89984265930136,2.726656177286757,0.0,0.0,0.0,0.0,29.062994310104916,0.0,0.0,0.0,0.0,0.0,0.0,0.0,0.0,27.06253618992472,0.0,0.0,2.000458120180194,62476,0,0,0,49,UTAH
3075,490859,260.0,809.6071418712988,3.113873622581919,81.0,8.0,68.0,5.0,120.01310753369839,8.0,0.0,28.0,40.0,1.0,0.0,0.0,4.0,2.0046323103647943,0.0,0.0,37.00847522333358,51304,0,0,0,49,UTAH
3134,490918,0.0,0.0,0.0,486.0,100.0,183.0,203.0,490.0092646207296,100.0,0.0,128.0,55.0,105.0,39.0,0.0,59.0,4.009264620729589,0.0,0.0,0.0,51304,0,0,0,49,UTAH
3232,491016,12.0,26.217847858526515,2.1848206548772096,0.0,0.0,0.0,0.0,7.01203889609218,0.0,0.0,0.0,0.0,0.0,0.0,0.0,0.0,5.011580775911986,0.0,0.0,2.000458120180194,51304,0,0,0,49,UTAH
3132,490916,1.0,2.0974278286821213,2.0974278286821213,429.0,13.0,269.0,147.0,436.01621308627676,13.0,0.0,34.0,235.0,94.0,43.0,0.0,10.0,7.01621308627678,0.0,0.0,0.0,51304,0,0,0,49,UTAH
3135,490919,0.0,0.0,0.0,775.0,72.0,568.0,135.0,775.0,72.0,0.0,456.0,112.0,22.0,76.0,0.0,37.0,0.0,0.0,0.0,0.0,51304,0,0,0,49,UTAH
3141,490925,0.0,0.0,0.0,721.0,3.0,565.0,153.0,721.0,3.0,0.0,545.0,20.0,81.0,25.0,35.0,12.0,0.0,0.0,0.0,0.0,51304,0,0,0,49,UTAH
3230,491014,9.0,19.925564372480157,2.2139515969422394,0.0,0.0,0.0,0.0,7.01412599118448,0.0,0.0,0.0,0.0,0.0,0.0,0.0,0.0,6.013896931094383,0.0,0.0,1.000229060090097,51304,0,0,0,49,UTAH
3228,491012,12.0,24.1204200298444,2.010035002487033,0.0,0.0,0.0,0.0,8.014355051274578,0.0,0.0,0.0,0.0,0.0,0.0,0.0,0.0,6.013896931094383,0.0,0.0,2.000458120180194,51304,0,0,0,49,UTAH
3229,491013,9.0,19.925564372480157,2.2139515969422394,0.0,0.0,0.0,0.0,5.009493680819686,0.0,0.0,0.0,0.0,0.0,0.0,0.0,0.0,4.009264620729589,0.0,0.0,1.000229060090097,51304,0,0,0,49,UTAH
3139,490923,11.0,26.217847858526515,2.3834407144115013,10.0,0.0,5.0,5.0,17.01203889609218,0.0,0.0,0.0,5.0,0.0,0.0,0.0,5.0,5.011580775911986,0.0,0.0,2.000458120180194,51304,0,0,0,49,UTAH
3233,491017,5.0,15.73070871511591,3.1461417430231817,0.0,0.0,0.0,0.0,6.011809836002083,0.0,0.0,0.0,0.0,0.0,0.0,0.0,0.0,5.011580775911986,0.0,0.0,1.000229060090097,51304,0,0,0,49,UTAH
3138,490922,39.0,106.9688192627882,2.7427902375073896,0.0,0.0,0.0,0.0,10.01063898127017,0.0,0.0,0.0,0.0,0.0,0.0,0.0,0.0,4.009264620729589,0.0,0.0,6.001374360540582,51304,0,0,0,49,UTAH
3237,491021,4.0,8.389711314728485,2.0974278286821213,0.0,0.0,0.0,0.0,7.01412599118448,0.0,0.0,0.0,0.0,0.0,0.0,0.0,0.0,6.013896931094383,0.0,0.0,1.000229060090097,51304,0,0,0,49,UTAH
3235,491019,3.0,7.340997400387424,2.4469991334624748,0.0,0.0,0.0,0.0,4.009264620729589,0.0,0.0,0.0,0.0,0.0,0.0,0.0,0.0,4.009264620729589,0.0,0.0,0.0,51304,0,0,0,49,UTAH
3238,491022,3.0,7.340997400387424,2.4469991334624748,0.0,0.0,0.0,0.0,2.0046323103647943,0.0,0.0,0.0,0.0,0.0,0.0,0.0,0.0,2.0046323103647943,0.0,0.0,0.0,51304,0,0,0,49,UTAH
3158,490942,16.0,44.04598440232455,2.7528740251452843,0.0,0.0,0.0,0.0,134.00553206516332,0.0,0.0,0.0,0.0,0.0,0.0,0.0,0.0,4.009264620729589,0.0,127.99580932425354,2.000458120180194,51304,0,0,0,49,UTAH
3156,490940,3.0,7.340997400387424,2.4469991334624748,0.0,0.0,0.0,0.0,1.0023161551823971,0.0,0.0,0.0,0.0,0.0,0.0,0.0,0.0,1.0023161551823971,0.0,0.0,0.0,51304,0,0,0,49,UTAH
3160,490944,18.0,62.92283486046364,3.495713047803536,0.0,0.0,0.0,0.0,131.00119429419715,0.0,0.0,0.0,0.0,0.0,0.0,0.0,0.0,2.0046323103647943,0.0,125.99587480356207,3.000687180270291,51304,0,0,0,49,UTAH
3262,491046,8.0,19.925564372480157,2.490695546560019,0.0,0.0,0.0,0.0,5.009493680819686,0.0,0.0,0.0,0.0,0.0,0.0,0.0,0.0,4.009264620729589,0.0,0.0,1.000229060090097,76841,0,0,0,49,UTAH
3291,491075,9.0,19.925564372480157,2.2139515969422394,0.0,0.0,0.0,0.0,34.07666218110921,0.0,0.0,0.0,0.0,0.0,0.0,0.0,0.0,33.07643312101911,0.0,0.0,1.000229060090097,76841,0,0,0,49,UTAH
3200,490984,40.0,121.65081406356305,3.041270351589076,9.0,2.0,2.0,5.0,18.008322826087774,2.0,0.0,0.0,2.0,0.0,1.0,0.0,4.0,3.0069484655471914,0.0,0.0,6.001374360540582,75589,0,0,0,49,UTAH
3199,490983,36.0,94.38425229069546,2.621784785852652,0.0,0.0,0.0,0.0,10.01272607636247,0.0,0.0,0.0,0.0,0.0,0.0,0.0,0.0,5.011580775911986,0.0,0.0,5.001145300450485,75589,0,0,0,49,UTAH
3201,490985,51.0,158.35580106550017,3.105015707166669,0.0,0.0,0.0,0.0,12.013184196542664,0.0,0.0,0.0,0.0,0.0,0.0,0.0,0.0,5.011580775911986,0.0,0.0,7.001603420630678,75589,0,0,0,49,UTAH
3272,491056,12.0,39.85112874496031,3.3209273954133587,2.0,1.0,0.0,1.0,7.007406585727385,1.0,0.0,0.0,0.0,0.0,0.0,0.0,1.0,3.0069484655471914,0.0,0.0,2.000458120180194,75589,0,0,0,49,UTAH
3308,491092,21.0,59.77669311744046,2.846509196068593,0.0,0.0,0.0,0.0,137.0033467511082,0.0,0.0,0.0,0.0,0.0,0.0,0.0,0.0,3.0069484655471914,0.0,130.99571110529072,3.000687180270291,75589,0,0,0,49,UTAH
3331,491115,2.0,4.194855657364243,2.0974278286821213,0.0,0.0,0.0,0.0,2.0046323103647943,0.0,0.0,0.0,0.0,0.0,0.0,0.0,0.0,2.0046323103647943,0.0,0.0,0.0,75589,0,0,0,49,UTAH
3333,491117,73.0,227.57091941201017,3.1174098549590434,0.0,0.0,0.0,0.0,269.00555550462855,0.0,0.0,0.0,0.0,0.0,0.0,0.0,0.0,5.011580775911986,0.0,253.99168412781563,10.00229060090097,75589,0,0,0,49,UTAH
3315,491099,57.0,173.03779586627502,3.0357508046714914,0.0,0.0,0.0,0.0,10.00646479108557,0.0,0.0,0.0,0.0,0.0,0.0,0.0,0.0,2.0046323103647943,0.0,0.0,8.001832480720775,56564,0,0,0,49,UTAH
3319,491103,7.0,14.681994800774849,2.0974278286821213,0.0,0.0,0.0,0.0,8.016442146366877,0.0,0.0,0.0,0.0,0.0,0.0,0.0,0.0,7.01621308627678,0.0,0.0,1.000229060090097,56564,0,0,0,49,UTAH
3320,491104,12.0,28.31527568720864,2.3596063072673865,29.0,2.0,26.0,1.0,36.01203889609218,2.0,0.0,0.0,26.0,0.0,0.0,0.0,1.0,5.011580775911986,0.0,0.0,2.000458120180194,56564,0,0,0,49,UTAH
3322,491106,25.0,78.65354357557955,3.1461417430231817,0.0,0.0,0.0,0.0,63.01072907494184,0.0,0.0,0.0,0.0,0.0,0.0,0.0,0.0,5.011580775911986,0.0,53.998232058669466,4.000916240360388,56564,0,0,0,49,UTAH
3321,491105,16.0,40.89984265930136,2.556240166206335,0.0,0.0,0.0,0.0,6.009722740909782,0.0,0.0,0.0,0.0,0.0,0.0,0.0,0.0,4.009264620729589,0.0,0.0,2.000458120180194,56564,0,0,0,49,UTAH
3341,491125,0.0,0.0,0.0,699.0,47.0,593.0,59.0,731.0013012259001,15.0,32.0,37.0,556.0,57.0,2.0,0.0,0.0,1.0023161551823971,0.0,30.998985070717655,0.0,56564,0,0,0,49,UTAH
3339,491123,0.0,0.0,0.0,573.0,0.0,573.0,0.0,574.0023161551824,0.0,0.0,573.0,0.0,0.0,0.0,0.0,0.0,1.0023161551823971,0.0,0.0,0.0,56564,0,0,0,49,UTAH
3340,491124,40.0,126.89438363526834,3.1723595908817086,45.0,6.0,39.0,0.0,203.00579351243834,6.0,0.0,39.0,0.0,0.0,0.0,0.0,0.0,4.009264620729589,0.0,147.99515453116817,6.001374360540582,56564,0,0,0,49,UTAH
3324,491108,13.0,33.55884525891394,2.5814496353010723,0.0,0.0,0.0,0.0,4.005090430544988,0.0,0.0,0.0,0.0,0.0,0.0,0.0,0.0,2.0046323103647943,0.0,0.0,2.000458120180194,56564,0,0,0,49,UTAH
3323,491107,38.0,138.43023669302,3.642900965605789,54.0,30.0,1.0,23.0,68.02199069709206,30.0,0.0,0.0,1.0,2.0,4.0,2.0,15.0,9.020845396641574,0.0,0.0,5.001145300450485,57510,0,0,0,49,UTAH
3325,491109,29.0,98.5791079480597,3.399279584415852,0.0,0.0,0.0,0.0,13.021761637001962,0.0,0.0,0.0,0.0,0.0,0.0,0.0,0.0,9.020845396641574,0.0,0.0,4.000916240360388,56564,0,0,0,49,UTAH
3430,491214,11.0,29.363989601549697,2.6694536001408817,12.0,5.0,4.0,3.0,23.02130351682177,5.0,0.0,0.0,4.0,0.0,1.0,0.0,2.0,9.020845396641574,0.0,0.0,2.000458120180194,61056,0,0,0,49,UTAH
3431,491215,10.0,25.16913394418545,2.5169133944185456,46.0,2.0,31.0,13.0,52.01180983600209,2.0,0.0,1.0,30.0,0.0,2.0,0.0,11.0,5.011580775911986,0.0,0.0,1.000229060090097,56564,0,0,0,49,UTAH
3382,491166,36.0,105.92010534844712,2.942225148567976,0.0,0.0,0.0,0.0,74.01063073848924,0.0,0.0,0.0,0.0,0.0,0.0,0.0,0.0,5.011580775911986,0.0,63.99790466212677,5.001145300450485,105921,0,0,0,49,UTAH
3332,491116,5.0,10.487139143410609,2.0974278286821213,0.0,0.0,0.0,0.0,7.01412599118448,0.0,0.0,0.0,0.0,0.0,0.0,0.0,0.0,6.013896931094383,0.0,0.0,1.000229060090097,75589,0,0,0,49,UTAH
3383,491167,3.0,8.389711314728485,2.796570438242828,276.0,9.0,201.0,66.0,280.0092646207296,9.0,0.0,2.0,199.0,3.0,42.0,11.0,10.0,4.009264620729589,0.0,0.0,0.0,105921,0,0,0,49,UTAH
3384,491168,0.0,0.0,0.0,402.0,9.0,312.0,81.0,402.0,8.0,1.0,0.0,312.0,0.0,65.0,0.0,16.0,0.0,0.0,0.0,0.0,105921,0,0,0,49,UTAH
3385,491169,77.0,305.17574907324865,3.9633214165356967,21.0,0.0,21.0,0.0,35.00946812653825,0.0,0.0,21.0,0.0,0.0,0.0,0.0,0.0,3.0069484655471914,0.0,0.0,11.002519660991066,105921,0,0,0,49,UTAH
3380,491164,29.0,79.70225748992061,2.7483537065489867,1.0,0.0,1.0,0.0,11.01481317145477,0.0,0.0,0.0,1.0,0.0,0.0,0.0,0.0,6.013896931094383,0.0,0.0,4.000916240360388,105921,0,0,0,49,UTAH
3387,491171,20.0,63.9715487748047,3.198577438740235,0.0,0.0,0.0,0.0,10.01690026654707,0.0,0.0,0.0,0.0,0.0,0.0,0.0,0.0,7.01621308627678,0.0,0.0,3.000687180270291,105921,0,0,0,49,UTAH
3394,491178,84.0,328.247455188752,3.907707799866095,587.0,81.0,49.0,457.0,600.0050648762635,78.0,3.0,11.0,38.0,23.0,189.0,43.0,202.0,1.0023161551823971,0.0,0.0,12.002748721081163,85315,0,0,1374,49,UTAH
3326,491110,0.0,0.0,0.0,0.0,0.0,0.0,0.0,5.011580775911986,0.0,0.0,0.0,0.0,0.0,0.0,0.0,0.0,5.011580775911986,0.0,0.0,0.0,30043,0,0,0,49,UTAH
3395,491179,41.0,133.1866671213147,3.2484552956418224,57.0,8.0,3.0,46.0,65.00600667090538,8.0,0.0,0.0,3.0,0.0,13.0,3.0,30.0,2.0046323103647943,0.0,0.0,6.001374360540582,75991,0,0,0,49,UTAH
3412,491196,62.0,192.9633602387552,3.112312261915406,0.0,0.0,0.0,0.0,13.011326161540461,0.0,0.0,0.0,0.0,0.0,0.0,0.0,0.0,4.009264620729589,0.0,0.0,9.002061540810873,69330,0,0,0,49,UTAH
3410,491194,60.0,207.64535503953,3.4607559173255003,0.0,0.0,0.0,0.0,230.00657055140073,0.0,0.0,0.0,0.0,0.0,0.0,0.0,0.0,5.011580775911986,0.0,215.99292823467786,9.002061540810873,69330,0,0,0,49,UTAH
3413,491197,12.0,41.94855657364243,3.495713047803536,0.0,0.0,0.0,0.0,15.007079189184694,0.0,0.0,0.0,0.0,0.0,0.0,0.0,0.0,3.0069484655471914,0.0,9.999672603457308,2.000458120180194,104591,0,0,0,49,UTAH
3402,491186,288.0,1104.295751801137,3.834360249309503,0.0,0.0,0.0,0.0,42.01170761887637,0.0,0.0,0.0,0.0,0.0,0.0,0.0,0.0,1.0023161551823971,0.0,0.0,41.00939146369397,75108,0,0,0,49,UTAH
3409,491193,34.0,94.38425229069546,2.7760074203145724,0.0,0.0,0.0,0.0,27.012169502239896,0.0,0.0,0.0,0.0,0.0,0.0,0.0,0.0,5.011580775911986,0.0,16.999443425877423,5.001145300450485,72269,0,0,0,49,UTAH
3403,491187,169.0,678.5179025786663,4.014898831826428,0.0,0.0,0.0,0.0,25.00781359734472,0.0,0.0,0.0,0.0,0.0,0.0,0.0,0.0,1.0023161551823971,0.0,0.0,24.005497442162326,75108,0,0,0,49,UTAH
3401,491185,135.0,529.6005267422356,3.922966864757301,17.0,2.0,0.0,15.0,109.01370662113354,2.0,0.0,0.0,0.0,1.0,1.0,6.0,7.0,5.011580775911986,0.0,67.9977737035097,19.00435214171184,89915,0,0,0,49,UTAH
3405,491189,97.0,355.5140169616196,3.665092958367212,461.0,205.0,0.0,256.0,475.0032068412614,205.0,0.0,0.0,0.0,1.0,184.0,32.0,39.0,0.0,0.0,0.0,14.003206841261356,85315,528,0,0,49,UTAH
3404,491188,198.0,759.2688739829279,3.83469128274206,24.0,0.0,0.0,24.0,52.00641368252271,0.0,0.0,0.0,0.0,20.0,0.0,1.0,3.0,0.0,0.0,0.0,28.006413682522712,85315,0,0,0,49,UTAH
3369,491153,6.0,12.584566972092729,2.0974278286821213,0.0,0.0,0.0,0.0,4.007177525637289,0.0,0.0,0.0,0.0,0.0,0.0,0.0,0.0,3.0069484655471914,0.0,0.0,1.000229060090097,109773,0,0,0,49,UTAH
3424,491208,195.0,739.3433096104477,3.7915041518484496,0.0,0.0,0.0,0.0,55.00552971185745,0.0,0.0,0.0,0.0,0.0,0.0,0.0,0.0,0.0,0.0,26.999116029334733,28.006413682522712,83427,0,0,0,49,UTAH
3368,491152,51.0,179.33007935232138,3.5162760657317915,21.0,1.0,0.0,20.0,30.00623573099547,1.0,0.0,0.0,0.0,4.0,1.0,1.0,14.0,2.0046323103647943,0.0,0.0,7.001603420630678,109773,0,0,0,49,UTAH
3426,491210,238.0,895.6016828472658,3.7630322808708647,43.0,0.0,15.0,28.0,165.00490695348762,0.0,0.0,1.0,14.0,2.0,1.0,23.0,2.0,0.0,0.0,87.9971189104243,34.00778804306329,83427,0,0,0,49,UTAH
3428,491212,148.0,567.3542276585138,3.833474511206174,0.0,0.0,0.0,0.0,34.00438464638654,0.0,0.0,0.0,0.0,0.0,0.0,0.0,0.0,0.0,0.0,12.999574384494501,21.00481026189204,114538,0,0,0,49,UTAH
3349,491133,88.0,269.5194759856526,3.06272131801878,69.0,14.0,3.0,52.0,181.00208545023528,14.0,0.0,0.0,3.0,0.0,16.0,35.0,1.0,1.0023161551823971,0.0,97.99679151388162,13.00297778117126,30043,0,0,0,49,UTAH
3348,491132,104.0,369.14729784805337,3.5494932485389747,0.0,0.0,0.0,0.0,18.010384366898645,0.0,0.0,0.0,0.0,0.0,0.0,0.0,0.0,3.0069484655471914,0.0,0.0,15.003435901351454,30043,0,0,0,49,UTAH
3344,491128,76.0,277.90918730038106,3.656699832899751,81.0,76.0,0.0,5.0,95.00946812653827,76.0,0.0,0.0,0.0,1.0,1.0,0.0,3.0,3.0069484655471914,0.0,0.0,11.002519660991066,30043,0,0,0,49,UTAH
3329,491113,29.0,80.75097140426168,2.7845162553193683,0.0,0.0,0.0,0.0,110.01153920602785,0.0,0.0,0.0,0.0,0.0,0.0,0.0,0.0,6.013896931094383,0.0,99.99672603457309,4.000916240360388,30043,0,0,0,49,UTAH
3345,491129,0.0,0.0,0.0,371.0,210.0,89.0,72.0,372.00231615518237,181.0,29.0,1.0,88.0,1.0,29.0,0.0,42.0,1.0023161551823971,0.0,0.0,0.0,30043,0,0,0,49,UTAH
3347,491131,105.0,386.97543439185137,3.6854803275414416,361.0,292.0,6.0,63.0,376.00343590135145,287.0,5.0,6.0,0.0,0.0,39.0,2.0,22.0,0.0,0.0,0.0,15.003435901351454,30043,454,0,0,49,UTAH
3350,491134,224.0,813.801997528663,3.6330446318243887,240.0,115.0,36.0,89.0,272.0073299228831,77.0,38.0,1.0,35.0,2.0,16.0,18.0,53.0,0.0,0.0,0.0,32.0073299228831,56620,0,0,0,49,UTAH
3351,491135,179.0,643.9103434054113,3.597264488298387,137.0,53.0,4.0,80.0,162.00572650225243,49.0,4.0,0.0,4.0,3.0,7.0,0.0,70.0,0.0,0.0,0.0,25.005726502252426,56620,0,0,0,49,UTAH
3366,491150,171.0,586.231078116653,3.428251918810836,217.0,45.0,7.0,165.0,248.00526826458244,45.0,0.0,7.0,0.0,59.0,16.0,26.0,64.0,0.0,0.0,6.999770822420116,24.005497442162326,77634,0,0,0,49,UTAH
3372,491156,14.0,30.41270351589076,2.172335965420769,841.0,20.0,1.0,820.0,900.0009408547235,20.0,0.0,1.0,0.0,0.0,71.0,747.0,2.0,1.0023161551823971,0.0,55.99816657936093,2.000458120180194,89915,0,0,0,49,UTAH
3371,491155,272.0,966.914229022458,3.554831724347272,0.0,0.0,0.0,0.0,45.0134346952615,0.0,0.0,0.0,0.0,0.0,0.0,0.0,0.0,2.0046323103647943,0.0,3.999869041382923,39.00893334351378,71171,0,0,0,49,UTAH
3370,491154,33.0,105.92010534844712,3.209700162074155,0.0,0.0,0.0,0.0,11.015042231544868,0.0,0.0,0.0,0.0,0.0,0.0,0.0,0.0,6.013896931094383,0.0,0.0,5.001145300450485,82941,0,0,0,49,UTAH
3367,491151,148.0,541.1363797999873,3.6563268905404542,13.0,2.0,1.0,10.0,43.0627812757601,2.0,0.0,0.0,1.0,2.0,1.0,7.0,0.0,0.0,9.057971013868064,0.0,21.00481026189204,82148,0,0,0,49,UTAH
3363,491147,299.0,1069.6881926278818,3.5775524837052903,20.0,1.0,14.0,5.0,72.00955492698574,1.0,0.0,14.0,0.0,2.0,0.0,3.0,0.0,0.0,0.0,8.999705343111577,43.00984958387417,77834,0,0,0,49,UTAH
3364,491148,356.0,1295.1616842112098,3.6380946185708143,304.0,126.0,3.0,175.0,358.0115838456321,78.0,48.0,1.0,2.0,3.0,45.0,46.0,81.0,0.0,0.0,2.9999017810371926,51.01168206459494,60420,447,0,0,49,UTAH
3362,491146,221.0,772.9021548693617,3.497294818413401,425.0,88.0,49.0,288.0,456.007100862793,87.0,1.0,1.0,48.0,5.0,126.0,4.0,153.0,0.0,0.0,0.0,31.007100862793006,77052,0,1224,1459,49,UTAH
3379,491163,38.0,133.1866671213147,3.5049122926661767,0.0,0.0,0.0,0.0,9.010409921180074,0.0,0.0,0.0,0.0,0.0,0.0,0.0,0.0,4.009264620729589,0.0,0.0,5.001145300450485,67250,0,0,0,49,UTAH
3374,491158,415.0,1617.1168559139155,3.896667122684134,111.0,5.0,5.0,101.0,183.01543782464688,5.0,0.0,0.0,5.0,7.0,52.0,5.0,37.0,1.0023161551823971,0.0,11.99960712414877,59.01351454531572,67250,631,0,0,49,UTAH
3373,491157,178.0,717.3203174092855,4.029889423647671,0.0,0.0,0.0,0.0,27.01035881261722,0.0,0.0,0.0,0.0,0.0,0.0,0.0,0.0,2.0046323103647943,0.0,0.0,25.005726502252426,67250,0,0,0,49,UTAH
3346,491130,397.0,1451.420057448028,3.6559699180051086,116.0,104.0,5.0,7.0,180.01282724755563,24.0,80.0,3.0,2.0,0.0,0.0,0.0,7.0,0.0,0.0,6.999770822420116,57.01305642513552,55219,0,0,0,49,UTAH
3365,491149,173.0,612.4489259751795,3.5401672021686674,779.0,301.0,14.0,464.0,808.0055955436353,234.0,67.0,14.0,0.0,18.0,119.0,4.0,323.0,0.0,0.0,3.999869041382923,25.005726502252426,54104,0,0,0,49,UTAH
3352,491136,268.0,883.0171158751731,3.294839984608855,388.0,76.0,1.0,311.0,430.0085733248066,8.0,68.0,0.0,1.0,2.0,183.0,6.0,120.0,0.0,0.0,3.999869041382923,38.00870428342368,43532,470,0,0,49,UTAH
3353,491137,278.0,909.2349637336996,3.27062936594856,373.0,246.0,0.0,127.0,413.0091624036039,243.0,3.0,0.0,0.0,1.0,56.0,11.0,59.0,0.0,0.0,0.0,40.00916240360388,67233,408,0,0,49,UTAH
3354,491138,286.0,936.5015255065672,3.2744808584145706,458.0,87.0,278.0,93.0,499.009391463694,87.0,0.0,0.0,278.0,1.0,67.0,5.0,20.0,0.0,0.0,0.0,41.00939146369397,65557,0,713,0,49,UTAH
3355,491139,46.0,135.2840949499968,2.940958585869496,189.0,57.0,6.0,126.0,200.00147246201362,23.0,34.0,0.0,6.0,36.0,21.0,20.0,49.0,0.0,0.0,3.999869041382923,7.001603420630678,74447,0,0,0,49,UTAH
3357,491141,318.0,1038.22677519765,3.264864072948585,118.0,3.0,0.0,115.0,163.01030770405436,3.0,0.0,0.0,0.0,9.0,0.0,86.0,20.0,0.0,0.0,0.0,45.01030770405436,64531,0,0,0,49,UTAH
3358,491142,166.0,647.0564851484344,3.8979306334243033,0.0,0.0,0.0,0.0,25.00781359734472,0.0,0.0,0.0,0.0,0.0,0.0,0.0,0.0,1.0023161551823971,0.0,0.0,24.005497442162326,79681,0,0,0,49,UTAH
3360,491144,92.0,359.7088726189838,3.9098790502063454,0.0,0.0,0.0,0.0,13.00297778117126,0.0,0.0,0.0,0.0,0.0,0.0,0.0,0.0,0.0,0.0,0.0,13.00297778117126,76922,0,0,0,49,UTAH
3359,491143,3.0,4.0,1.3333333333333333,0.0,0.0,0.0,0.0,3.0069484655471914,0.0,0.0,0.0,0.0,0.0,0.0,0.0,0.0,3.0069484655471914,0.0,0.0,0.0,79681,0,0,0,49,UTAH
3376,491160,1.0,2.0974278286821213,2.0974278286821213,0.0,0.0,0.0,0.0,3.0069484655471914,0.0,0.0,0.0,0.0,0.0,0.0,0.0,0.0,3.0069484655471914,0.0,0.0,0.0,79681,0,0,0,49,UTAH
3378,491162,18.0,62.92283486046364,3.495713047803536,0.0,0.0,0.0,0.0,18.004893875129586,0.0,0.0,0.0,0.0,0.0,0.0,0.0,0.0,2.0046323103647943,0.0,12.999574384494501,3.000687180270291,79681,0,0,0,49,UTAH
3442,491226,5.0,12.584566972092729,2.5169133944185456,0.0,0.0,0.0,0.0,6.011809836002083,0.0,0.0,0.0,0.0,0.0,0.0,0.0,0.0,5.011580775911986,0.0,0.0,1.000229060090097,79681,0,0,0,49,UTAH
3443,491227,154.0,614.5463538038615,3.9905607389861135,184.0,145.0,4.0,35.0,206.00503932198214,55.0,90.0,0.0,4.0,0.0,32.0,0.0,3.0,0.0,0.0,0.0,22.00503932198213,93711,320,0,0,49,UTAH
3441,491225,86.0,321.9551717027056,3.743664787240763,9.0,0.0,2.0,7.0,26.01432949699315,0.0,0.0,0.0,2.0,3.0,2.0,0.0,2.0,5.011580775911986,0.0,0.0,12.002748721081163,67250,0,0,0,49,UTAH
3436,491220,4.0,8.389711314728485,2.0974278286821213,0.0,0.0,0.0,0.0,7.01412599118448,0.0,0.0,0.0,0.0,0.0,0.0,0.0,0.0,6.013896931094383,0.0,0.0,1.000229060090097,56564,0,0,0,49,UTAH
3440,491224,18.0,45.09469831666561,2.5052610175925336,0.0,0.0,0.0,0.0,83.00746358727542,0.0,0.0,0.0,0.0,0.0,0.0,0.0,0.0,4.009264620729589,0.0,75.99751178627554,3.000687180270291,79681,0,0,0,49,UTAH
3438,491222,1.0,2.0974278286821213,2.0974278286821213,0.0,0.0,0.0,0.0,2.0046323103647943,0.0,0.0,0.0,0.0,0.0,0.0,0.0,0.0,2.0046323103647943,0.0,0.0,0.0,56564,0,0,0,49,UTAH
3439,491223,6.0,11.535853057751668,1.9226421762919448,0.0,0.0,0.0,0.0,5.009493680819686,0.0,0.0,0.0,0.0,0.0,0.0,0.0,0.0,4.009264620729589,0.0,0.0,1.000229060090097,56564,0,0,0,49,UTAH
3454,491238,61.0,219.18120809728168,3.59313455897183,0.0,0.0,0.0,0.0,11.006693851175667,0.0,0.0,0.0,0.0,0.0,0.0,0.0,0.0,2.0046323103647943,0.0,0.0,9.002061540810873,47060,0,0,0,49,UTAH
3455,491239,220.0,675.371760835643,3.0698716401620136,109.0,71.0,3.0,35.0,209.14079506184933,34.0,37.0,0.0,3.0,0.0,2.0,5.0,28.0,0.0,21.13526570246127,47.99842849659508,31.007100862793006,46734,0,0,0,49,UTAH
3457,491241,149.0,583.0849363736297,3.913321720628388,0.0,0.0,0.0,0.0,21.00481026189204,0.0,0.0,0.0,0.0,0.0,0.0,0.0,0.0,0.0,0.0,0.0,21.00481026189204,93711,0,0,0,49,UTAH
3459,491243,118.0,515.9672458558018,4.372603778438998,0.0,0.0,0.0,0.0,19.00852633189644,0.0,0.0,0.0,0.0,0.0,0.0,0.0,0.0,2.0046323103647943,0.0,0.0,17.003894021531647,74183,0,0,0,49,UTAH
3461,491245,239.0,746.6843070108351,3.1242021213842475,352.0,109.0,4.0,239.0,386.0077880430633,93.0,16.0,0.0,4.0,16.0,150.0,26.0,47.0,0.0,0.0,0.0,34.00778804306329,52410,512,0,0,49,UTAH
3463,491247,1.0,1.0,1.0,0.0,0.0,0.0,0.0,2.0046323103647943,0.0,0.0,0.0,0.0,0.0,0.0,0.0,0.0,2.0046323103647943,0.0,0.0,0.0,52410,0,0,0,49,UTAH
3464,491248,4.0,11.535853057751668,2.883963264437917,0.0,0.0,0.0,0.0,51.0079876567233,0.0,0.0,0.0,0.0,0.0,0.0,0.0,0.0,4.009264620729589,0.0,45.998493975903614,1.000229060090097,52410,0,0,0,49,UTAH
3462,491246,5.0,8.389711314728485,1.677942262945697,0.0,0.0,0.0,0.0,4.007177525637289,0.0,0.0,0.0,0.0,0.0,0.0,0.0,0.0,3.0069484655471914,0.0,0.0,1.000229060090097,52410,0,0,0,49,UTAH
3460,491244,101.0,271.6169038143347,2.689276275389453,24.0,6.0,17.0,1.0,40.00783915162615,6.0,0.0,0.0,17.0,0.0,1.0,0.0,0.0,2.0046323103647943,0.0,0.0,14.003206841261356,52410,0,0,0,49,UTAH
3467,491251,0.0,0.0,0.0,28.0,17.0,0.0,11.0,31.00694846554719,17.0,0.0,0.0,0.0,11.0,0.0,0.0,0.0,3.0069484655471914,0.0,0.0,0.0,52410,0,0,0,49,UTAH
3465,491249,9.0,17.82813654379803,1.9809040604220036,0.0,0.0,0.0,0.0,122.00566314127018,0.0,0.0,0.0,0.0,0.0,0.0,0.0,0.0,4.009264620729589,0.0,116.9961694604505,1.000229060090097,52410,0,0,0,49,UTAH
3469,491253,1.0,1.0,1.0,0.0,0.0,0.0,0.0,130.99571110529072,0.0,0.0,0.0,0.0,0.0,0.0,0.0,0.0,0.0,0.0,130.99571110529072,0.0,52410,0,0,0,49,UTAH
3475,491259,1.0,1.0,1.0,0.0,0.0,0.0,0.0,6.013896931094383,0.0,0.0,0.0,0.0,0.0,0.0,0.0,0.0,6.013896931094383,0.0,0.0,0.0,67754,0,0,0,49,UTAH
3435,491219,2.0,4.194855657364243,2.0974278286821213,0.0,0.0,0.0,0.0,3.0069484655471914,0.0,0.0,0.0,0.0,0.0,0.0,0.0,0.0,3.0069484655471914,0.0,0.0,0.0,56564,0,0,0,49,UTAH
3434,491218,0.0,0.0,0.0,0.0,0.0,0.0,0.0,6.013896931094383,0.0,0.0,0.0,0.0,0.0,0.0,0.0,0.0,6.013896931094383,0.0,0.0,0.0,56564,0,0,0,49,UTAH
3450,491234,39.0,101.72524969108288,2.608339735668792,76.0,14.0,4.0,58.0,84.00600667090538,14.0,0.0,0.0,4.0,0.0,48.0,0.0,10.0,2.0046323103647943,0.0,0.0,6.001374360540582,75166,661,0,0,49,UTAH
3445,491229,0.0,0.0,0.0,0.0,0.0,0.0,0.0,2.0046323103647943,0.0,0.0,0.0,0.0,0.0,0.0,0.0,0.0,2.0046323103647943,0.0,0.0,0.0,76443,0,0,0,49,UTAH
3444,491228,3.0,12.584566972092729,4.194855657364243,0.0,0.0,0.0,0.0,5.011580775911986,0.0,0.0,0.0,0.0,0.0,0.0,0.0,0.0,5.011580775911986,0.0,0.0,0.0,74530,0,0,0,49,UTAH
3452,491236,120.0,479.2622588538647,3.993852157115539,17.0,3.0,8.0,6.0,35.00621017671405,3.0,0.0,0.0,8.0,2.0,0.0,0.0,4.0,1.0023161551823971,0.0,0.0,17.003894021531647,70232,0,0,0,49,UTAH
3446,491230,591.0,2305.0731837216517,3.900293035062016,0.0,0.0,0.0,0.0,85.02155720275054,0.0,0.0,0.0,0.0,0.0,0.0,0.0,0.0,1.0023161551823971,0.0,0.0,84.01924104756814,76443,0,0,0,49,UTAH
3448,491232,152.0,580.9875085449476,3.822286240427287,45.0,6.0,35.0,4.0,173.00626670830295,6.0,0.0,0.0,35.0,1.0,1.0,0.0,2.0,2.0046323103647943,0.0,103.99659507595601,22.00503932198213,55079,0,0,0,49,UTAH
3447,491231,2.0,3.0,1.5,0.0,0.0,0.0,0.0,4.009264620729589,0.0,0.0,0.0,0.0,0.0,0.0,0.0,0.0,4.009264620729589,0.0,0.0,0.0,74530,0,0,0,49,UTAH
3449,491233,139.0,529.6005267422356,3.8100757319585297,74.0,35.0,1.0,38.0,98.00445024318486,8.0,27.0,0.0,1.0,0.0,6.0,29.0,3.0,0.0,0.0,3.999869041382923,20.00458120180194,55079,0,0,0,49,UTAH
3484,491268,43.0,161.50194280852335,3.7558591350819386,0.0,0.0,0.0,0.0,32.06159439528291,0.0,0.0,0.0,0.0,0.0,0.0,0.0,0.0,26.06022003474233,0.0,0.0,6.001374360540582,74530,0,0,0,49,UTAH
3482,491266,89.0,318.80902995968245,3.5821239321312635,47.0,1.0,23.0,23.0,112.12341785065593,1.0,0.0,23.0,0.0,0.0,21.0,2.0,0.0,52.12044006948465,0.0,0.0,13.00297778117126,74530,0,0,0,49,UTAH
3478,491262,5.0,11.535853057751668,2.3071706115503336,0.0,0.0,0.0,0.0,2.002545215272494,0.0,0.0,0.0,0.0,0.0,0.0,0.0,0.0,1.0023161551823971,0.0,0.0,1.000229060090097,73175,0,0,0,49,UTAH
3480,491264,21.0,69.21511834651,3.295958016500476,1.0,0.0,0.0,1.0,6.005319490635085,0.0,0.0,0.0,0.0,0.0,0.0,0.0,1.0,2.0046323103647943,0.0,0.0,3.000687180270291,74530,0,0,0,49,UTAH
3494,491278,3.0,8.389711314728485,2.796570438242828,0.0,0.0,0.0,0.0,55.12738853503184,0.0,0.0,0.0,0.0,0.0,0.0,0.0,0.0,55.12738853503184,0.0,0.0,0.0,74530,0,0,0,49,UTAH
3486,491270,85.0,302.0296073302255,3.553289498002653,263.0,181.0,1.0,81.0,334.1394018768426,181.0,0.0,0.0,1.0,0.0,68.0,0.0,13.0,59.13665315576143,0.0,0.0,12.002748721081163,67985,318,0,0,49,UTAH
3490,491274,12.0,35.65627308759606,2.971356090633005,0.0,0.0,0.0,0.0,52.10921919479004,0.0,0.0,0.0,0.0,0.0,0.0,0.0,0.0,47.10885929357266,0.0,2.9999017810371926,2.000458120180194,67754,0,0,0,49,UTAH
3488,491272,75.0,276.86047338604,3.691472978480533,0.0,0.0,0.0,0.0,21.020983423141704,0.0,0.0,0.0,0.0,0.0,0.0,0.0,0.0,8.018529241459177,0.0,1.9999345206914616,11.002519660991066,67754,0,0,0,49,UTAH
3487,491271,163.0,610.3514981464973,3.744487718690168,7.0,4.0,0.0,3.0,34.01453300280182,4.0,0.0,0.0,0.0,0.0,0.0,3.0,0.0,4.009264620729589,0.0,0.0,23.00526838207223,67754,0,0,0,49,UTAH
3523,491307,7.0,13.633280886433788,1.9476115552048268,0.0,0.0,0.0,0.0,158.30279415797312,0.0,0.0,0.0,0.0,0.0,0.0,0.0,0.0,131.30341632889403,0.0,25.999148768989002,1.000229060090097,91516,0,0,0,49,UTAH
2771,490555,0.0,0.0,0.0,1586.0,100.0,1189.0,297.0,1774.2003837894902,99.0,1.0,838.0,351.0,116.0,42.0,0.0,139.0,1.0023161551823971,187.19806763430785,0.0,0.0,83312,0,0,0,49,UTAH
3524,491308,1.0,1.0,1.0,0.0,0.0,0.0,0.0,48.30917874312844,0.0,0.0,0.0,0.0,0.0,0.0,0.0,0.0,0.0,48.30917874312844,0.0,0.0,66402,0,0,0,49,UTAH
3531,491315,11.0,27.266561772867576,2.4787783429879613,0.0,0.0,0.0,0.0,255.99214224799582,0.0,0.0,0.0,0.0,0.0,0.0,0.0,0.0,0.0,0.0,253.99168412781563,2.000458120180194,109972,0,0,0,49,UTAH
2664,490448,442.0,1676.893549031356,3.793876807763249,0.0,0.0,0.0,0.0,110.02463649610878,0.0,0.0,0.0,0.0,0.0,0.0,0.0,0.0,5.011580775911986,0.0,41.99862493452069,63.014430785676105,128261,0,0,0,49,UTAH
3491,491275,22.0,77.60482966123848,3.527492257329022,0.0,0.0,0.0,0.0,125.27856032284942,0.0,0.0,0.0,0.0,0.0,0.0,0.0,0.0,120.27793862188766,0.0,1.9999345206914616,3.000687180270291,67754,0,0,0,49,UTAH
2888,490672,371.0,1094.8573265720672,2.951097915288591,684.0,109.0,4.0,571.0,780.0107323796416,103.0,6.0,3.0,1.0,196.0,8.0,9.0,358.0,0.0,0.0,42.998592194866426,53.012140184775134,54433,0,0,0,49,UTAH
2959,490743,74.0,288.3963264437917,3.8972476546458337,49.0,0.0,0.0,49.0,95.00607156276499,0.0,0.0,0.0,0.0,0.0,3.0,42.0,4.0,2.0046323103647943,0.0,32.99891959140912,11.002519660991066,58209,0,0,0,49,UTAH
2960,490744,141.0,554.769660686421,3.934536600612915,67.0,1.0,3.0,63.0,87.00458120180194,1.0,0.0,3.0,0.0,0.0,6.0,44.0,13.0,0.0,0.0,0.0,20.00458120180194,60368,0,0,0,49,UTAH
2364,490148,563.0,2294.5860445782405,4.075641286995099,0.0,0.0,0.0,0.0,80.01832480720776,0.0,0.0,0.0,0.0,0.0,0.0,0.0,0.0,0.0,0.0,0.0,80.01832480720776,70511,0,0,0,49,UTAH
2478,490262,400.0,1689.4781160034488,4.223695290008622,0.0,0.0,0.0,0.0,631.998928913604,0.0,0.0,0.0,0.0,0.0,0.0,0.0,0.0,2.0046323103647943,0.0,572.9812401781038,57.01305642513552,96951,0,0,0,49,UTAH
2661,490445,209.0,846.3121288732359,4.049340329537014,817.0,79.0,92.0,646.0,849.0115041130676,48.0,31.0,66.0,26.0,95.0,164.0,68.0,319.0,2.0046323103647943,0.0,0.0,30.006871802702907,100384,648,1442,0,49,UTAH
2660,490444,76.0,275.81175947169896,3.629102098311829,0.0,0.0,0.0,0.0,49.00362444896551,0.0,0.0,0.0,0.0,0.0,0.0,0.0,0.0,1.0023161551823971,0.0,36.99878863279204,11.002519660991066,100384,0,0,0,49,UTAH
2765,490549,799.0,1928.5848884732104,2.413748295961465,242.0,118.0,0.0,124.0,452.02296984346117,89.0,29.0,0.0,0.0,48.0,0.0,3.0,73.0,0.0,0.0,95.99685699319016,114.02611285027103,58545,0,0,0,49,UTAH
2717,490501,422.0,1044.5190586836964,2.4751636461698965,247.0,64.0,17.0,166.0,370.01168100718684,64.0,0.0,0.0,17.0,18.0,5.0,40.0,103.0,0.0,0.0,62.99793740178104,60.01374360540581,58545,0,0,0,49,UTAH
2845,490629,398.0,1460.8584826770975,3.670498700193712,398.0,46.0,0.0,352.0,455.0130564251355,0.0,46.0,0.0,0.0,61.0,93.0,63.0,135.0,0.0,0.0,0.0,57.01305642513552,71786,0,0,0,49,UTAH
3418,491202,276.0,1070.7369065422229,3.879481545442837,1.0,0.0,1.0,0.0,41.01124949869618,0.0,0.0,0.0,1.0,0.0,0.0,0.0,0.0,1.0023161551823971,0.0,0.0,39.00893334351378,97392,0,0,0,49,UTAH
2242,490026,9.0,27.266561772867576,3.029617974763064,11.0,7.0,3.0,1.0,16.009493680819684,7.0,0.0,0.0,3.0,0.0,0.0,0.0,1.0,4.009264620729589,0.0,0.0,1.000229060090097,81720,0,0,0,49,UTAH
2403,490187,97.0,407.9497126786726,4.205667141017243,0.0,0.0,0.0,0.0,16.00783915162615,0.0,0.0,0.0,0.0,0.0,0.0,0.0,0.0,2.0046323103647943,0.0,0.0,14.003206841261356,79647,0,0,0,49,UTAH
2460,490244,482.0,1845.7364892402668,3.829328815851176,0.0,0.0,0.0,0.0,192.01177816874159,0.0,0.0,0.0,0.0,0.0,0.0,0.0,0.0,0.0,0.0,122.9959730225249,69.01580514621669,91516,0,0,0,49,UTAH
2464,490248,297.0,1204.972287577879,4.057145749420467,0.0,0.0,0.0,0.0,168.00549532734615,0.0,0.0,0.0,0.0,0.0,0.0,0.0,0.0,0.0,0.0,125.99587480356207,42.00962052378407,106764,0,0,0,49,UTAH
2558,490342,105.0,420.5342796507653,4.005088377626336,12.0,6.0,2.0,4.0,27.00343590135145,6.0,0.0,0.0,2.0,2.0,1.0,0.0,1.0,0.0,0.0,0.0,15.003435901351454,77253,0,0,0,49,UTAH
2561,490345,177.0,755.0740183255637,4.265954905794145,124.0,28.0,7.0,89.0,154.00791169881776,28.0,0.0,0.0,7.0,7.0,69.0,0.0,13.0,1.0023161551823971,0.0,3.999869041382923,25.005726502252426,77253,903,0,0,49,UTAH
2607,490391,0.0,0.0,0.0,3445.0,125.0,264.0,3056.0,3445.0,66.0,59.0,116.0,148.0,2651.0,1.0,0.0,404.0,0.0,0.0,0.0,0.0,75570,0,0,0,49,UTAH
2637,490421,283.0,1059.2010534844712,3.742759906305552,196.0,117.0,1.0,78.0,236.00916240360388,114.0,3.0,1.0,0.0,16.0,40.0,16.0,6.0,0.0,0.0,0.0,40.00916240360388,109972,0,0,0,49,UTAH
2663,490447,249.0,965.8655151081168,3.878977972321754,0.0,0.0,0.0,0.0,35.00801710315339,0.0,0.0,0.0,0.0,0.0,0.0,0.0,0.0,0.0,0.0,0.0,35.00801710315339,113023,0,0,0,49,UTAH
2659,490443,177.0,692.1511834651001,3.910458663644633,0.0,0.0,0.0,0.0,69.00663485230125,0.0,0.0,0.0,0.0,0.0,0.0,0.0,0.0,1.0023161551823971,0.0,42.998592194866426,25.005726502252426,145664,0,0,0,49,UTAH
2653,490437,208.0,762.4150157259511,3.665456806374765,0.0,0.0,0.0,0.0,30.006871802702907,0.0,0.0,0.0,0.0,0.0,0.0,0.0,0.0,0.0,0.0,0.0,30.006871802702907,141611,0,0,0,49,UTAH
2676,490460,170.0,769.7560131263385,4.527976547801991,107.0,26.0,9.0,72.0,192.0035003232519,26.0,0.0,0.0,9.0,12.0,50.0,0.0,10.0,0.0,0.0,60.998002881089576,24.005497442162326,140311,774,0,0,49,UTAH
2677,490461,220.0,789.6815774988187,3.589461715903721,49.0,1.0,3.0,45.0,87.00687168521313,1.0,0.0,0.0,3.0,0.0,18.0,0.0,27.0,0.0,0.0,6.999770822420116,31.007100862793006,132959,0,0,0,49,UTAH
2671,490455,224.0,1006.7653577674182,4.494488204318832,207.0,16.0,19.0,172.0,253.0115693573967,16.0,0.0,2.0,17.0,9.0,74.0,4.0,85.0,2.0046323103647943,0.0,11.99960712414877,32.0073299228831,127440,905,0,0,49,UTAH
2672,490456,230.0,1005.7166438530772,4.37268106023077,0.0,0.0,0.0,0.0,65.01355799854659,0.0,0.0,0.0,0.0,0.0,0.0,0.0,0.0,3.0069484655471914,0.0,28.999050550026194,33.0075589829732,119970,0,0,0,49,UTAH
2694,490478,414.0,1753.4496647782537,4.235385663715588,79.0,4.0,11.0,64.0,139.01583070049813,4.0,0.0,1.0,10.0,11.0,8.0,14.0,31.0,1.0023161551823971,0.0,0.0,59.01351454531572,105558,0,0,0,49,UTAH
2706,490490,578.0,1729.329244748409,2.991919108561261,648.0,318.0,37.0,293.0,746.0182590929197,72.0,246.0,8.0,29.0,5.0,2.0,205.0,81.0,0.0,0.0,15.999476165531693,82.01878292738795,67267,0,0,0,49,UTAH
2716,490500,1093.0,3471.2430564689107,3.175885687528738,1653.0,338.0,99.0,1216.0,1961.030756946606,117.0,221.0,4.0,95.0,214.0,124.0,95.0,783.0,0.0,0.0,151.99502357255108,156.03573337405513,67267,469,140,64,49,UTAH
2734,490518,44.0,123.74824189224516,2.812460043005572,648.0,408.0,25.0,215.0,659.0129551364525,408.0,0.0,4.0,21.0,3.0,3.0,13.0,196.0,5.011580775911986,0.0,0.0,6.001374360540582,83312,0,0,0,49,UTAH
2754,490538,368.0,1450.371343533687,3.941226476993714,0.0,0.0,0.0,0.0,70.01367070574486,0.0,0.0,0.0,0.0,0.0,0.0,0.0,0.0,1.0023161551823971,0.0,16.999443425877423,52.01191112468504,105591,0,0,0,49,UTAH
2742,490526,273.0,1129.4648857453224,4.137234013719129,93.0,3.0,11.0,79.0,132.00893334351377,3.0,0.0,0.0,11.0,7.0,41.0,3.0,28.0,0.0,0.0,0.0,39.00893334351378,85941,643,0,0,49,UTAH
2760,490544,5.0,10.487139143410609,2.0974278286821213,724.0,222.0,23.0,479.0,725.0002290600901,147.0,75.0,4.0,19.0,70.0,31.0,32.0,346.0,0.0,0.0,0.0,1.000229060090097,60581,0,0,0,49,UTAH
2763,490547,154.0,373.3421535054176,2.424299698087127,380.0,35.0,2.0,343.0,402.0050393219821,16.0,19.0,2.0,0.0,8.0,19.0,67.0,249.0,0.0,0.0,0.0,22.00503932198213,29406,0,0,0,49,UTAH
2810,490594,40.0,138.43023669302,3.4607559173255,305.0,11.0,35.0,259.0,588.9922727366537,0.0,11.0,31.0,4.0,127.0,45.0,2.0,85.0,0.0,0.0,277.99089837611314,6.001374360540582,76529,0,0,0,49,UTAH
2840,490624,360.0,1029.8370638829217,2.860658510785893,371.0,120.0,12.0,239.0,434.0112891887437,120.0,0.0,3.0,9.0,28.0,9.0,38.0,164.0,0.0,0.0,11.99960712414877,51.01168206459494,54061,0,0,0,49,UTAH
2907,490691,506.0,1660.114126401899,3.280857957316006,1126.0,307.0,5.0,814.0,1203.0163286282157,307.0,0.0,4.0,1.0,57.0,150.0,21.0,586.0,0.0,0.0,4.999836301728654,72.01649232648698,96732,0,0,2270,49,UTAH
2945,490729,301.0,1010.9602134247824,3.358671805397948,0.0,0.0,0.0,0.0,66.00909657182598,0.0,0.0,0.0,0.0,0.0,0.0,0.0,0.0,0.0,0.0,22.999246987951807,43.00984958387417,73742,0,0,0,49,UTAH
2982,490766,107.0,275.81175947169896,2.5776799950626077,123.0,12.0,2.0,109.0,138.00343590135145,12.0,0.0,0.0,2.0,0.0,67.0,3.0,39.0,0.0,0.0,0.0,15.003435901351454,22568,496,0,0,49,UTAH
2923,490707,310.0,1002.570502110054,3.2340983939034,0.0,0.0,0.0,0.0,44.01007864396426,0.0,0.0,0.0,0.0,0.0,0.0,0.0,0.0,0.0,0.0,0.0,44.01007864396426,64980,0,0,0,49,UTAH
2978,490762,1.0,2.0974278286821213,2.0974278286821213,7292.0,112.0,14.0,7166.0,7292.0,44.0,68.0,0.0,14.0,143.0,698.0,6112.0,213.0,0.0,0.0,0.0,0.0,22498,0,0,0,49,UTAH
2979,490763,323.0,792.8277192418418,2.454574982172885,81.0,0.0,0.0,81.0,127.01053676414446,0.0,0.0,0.0,0.0,5.0,44.0,11.0,21.0,0.0,0.0,0.0,46.01053676414446,22498,0,0,1915,49,UTAH
2975,490759,109.0,272.6656177286758,2.5015194287034475,1124.0,4.0,0.0,1120.0,1140.0036649614415,4.0,0.0,0.0,0.0,14.0,97.0,18.0,991.0,0.0,0.0,0.0,16.00366496144155,23990,0,0,0,49,UTAH
2967,490751,98.0,238.0580585554208,2.429163862810416,2122.0,106.0,19.0,1997.0,2136.0032068412615,91.0,15.0,17.0,2.0,434.0,41.0,22.0,1500.0,0.0,0.0,0.0,14.003206841261356,37024,0,0,0,49,UTAH
2954,490738,425.0,1459.8097687627564,3.4348465147358973,55.0,5.0,14.0,36.0,128.01331798990032,5.0,0.0,14.0,0.0,6.0,16.0,7.0,7.0,0.0,0.0,12.999574384494501,60.01374360540581,55528,0,0,0,49,UTAH
2952,490736,253.0,857.8479819309877,3.390703485893232,6.0,2.0,1.0,3.0,230.00444000307755,2.0,0.0,0.0,1.0,1.0,0.0,0.0,2.0,1.0023161551823971,0.0,186.99387768465166,36.00824616324349,62082,0,0,0,49,UTAH
2948,490732,15.0,51.38698180271197,3.425798786847465,0.0,0.0,0.0,0.0,5.007406585727385,0.0,0.0,0.0,0.0,0.0,0.0,0.0,0.0,3.0069484655471914,0.0,0.0,2.000458120180194,58209,0,0,0,49,UTAH
2956,490740,64.0,218.1324941829406,3.408320221608447,0.0,0.0,0.0,0.0,12.009010006358064,0.0,0.0,0.0,0.0,0.0,0.0,0.0,0.0,3.0069484655471914,0.0,0.0,9.002061540810873,58209,0,0,0,49,UTAH
3007,490791,161.0,479.2622588538647,2.976784216483632,1093.0,67.0,3.0,1023.0,1116.0052683820722,26.0,41.0,1.0,2.0,203.0,462.0,7.0,351.0,0.0,0.0,0.0,23.00526838207223,48358,0,0,0,49,UTAH
3000,490784,202.0,627.1309207759542,3.1046085186928427,55.0,2.0,52.0,1.0,126.0052676771335,2.0,0.0,52.0,0.0,0.0,0.0,0.0,1.0,0.0,0.0,41.99862493452069,29.00664274261281,56681,0,0,0,49,UTAH
2997,490781,2.0,3.0,1.5,2264.0,1031.0,29.0,1204.0,2264.0,786.0,245.0,14.0,15.0,140.0,253.0,5.0,806.0,0.0,0.0,0.0,0.0,56681,0,0,0,49,UTAH
3032,490816,26.0,81.79968531860273,3.1461417430231817,408.0,5.0,221.0,182.0,412.00091624036037,5.0,0.0,213.0,8.0,160.0,18.0,0.0,4.0,0.0,0.0,0.0,4.000916240360388,129892,0,0,0,49,UTAH
3090,490874,22.0,61.87412094612258,2.812460043005572,30.0,13.0,2.0,15.0,59.002184844095964,13.0,0.0,0.0,2.0,7.0,1.0,0.0,7.0,1.0023161551823971,0.0,24.99918150864327,3.000687180270291,69079,0,0,0,49,UTAH
3097,490881,269.0,1084.370187428657,4.031115938396493,100.0,28.0,5.0,67.0,165.0078203127584,28.0,0.0,2.0,3.0,10.0,22.0,19.0,16.0,0.0,0.0,26.999116029334733,38.00870428342368,102613,0,0,0,49,UTAH
3099,490883,317.0,1256.3592693805906,3.9632784523047024,0.0,0.0,0.0,0.0,74.00935825408055,0.0,0.0,0.0,0.0,0.0,0.0,0.0,0.0,0.0,0.0,28.999050550026194,45.01030770405436,114395,0,0,0,49,UTAH
3100,490884,176.0,643.9103434054113,3.658581496621655,0.0,0.0,0.0,0.0,25.005726502252426,0.0,0.0,0.0,0.0,0.0,0.0,0.0,0.0,0.0,0.0,0.0,25.005726502252426,71157,0,0,0,49,UTAH
3104,490888,187.0,715.2228895806034,3.824721334655633,0.0,0.0,0.0,0.0,32.00602092416127,0.0,0.0,0.0,0.0,0.0,0.0,0.0,0.0,0.0,0.0,4.999836301728654,27.006184622432617,90129,0,0,0,49,UTAH
3190,490974,342.0,1353.889663414309,3.958741705889793,0.0,0.0,0.0,0.0,49.01122394441475,0.0,0.0,0.0,0.0,0.0,0.0,0.0,0.0,0.0,0.0,0.0,49.01122394441475,78865,0,0,0,49,UTAH
3189,490973,186.0,752.9765904968815,4.048261239230546,89.0,6.0,13.0,70.0,128.0078788416737,6.0,0.0,0.0,13.0,5.0,36.0,1.0,28.0,1.0023161551823971,0.0,11.99960712414877,26.00595556234252,78783,432,0,0,49,UTAH
3217,491001,24.0,92.28682446201334,3.845284352583889,0.0,0.0,0.0,0.0,4.0030033354526875,0.0,0.0,0.0,0.0,0.0,0.0,0.0,0.0,1.0023161551823971,0.0,0.0,3.000687180270291,69330,0,0,0,49,UTAH
3411,491195,49.0,134.23538103565576,2.73949757215624,0.0,0.0,0.0,0.0,15.020132662089855,0.0,0.0,0.0,0.0,0.0,0.0,0.0,0.0,8.018529241459177,0.0,0.0,7.001603420630678,69330,0,0,0,49,UTAH
3133,490917,0.0,0.0,0.0,1703.0,18.0,281.0,1404.0,1704.0023161551824,17.0,1.0,270.0,11.0,4.0,1130.0,0.0,270.0,1.0023161551823971,0.0,0.0,0.0,51304,0,0,0,49,UTAH
3137,490921,4.0,9.438425229069546,2.3596063072673865,0.0,0.0,0.0,0.0,5.009493680819686,0.0,0.0,0.0,0.0,0.0,0.0,0.0,0.0,4.009264620729589,0.0,0.0,1.000229060090097,51304,0,0,0,49,UTAH
3140,490924,0.0,0.0,0.0,572.0,100.0,423.0,49.0,573.0023161551824,100.0,0.0,372.0,51.0,2.0,2.0,6.0,39.0,1.0023161551823971,0.0,0.0,0.0,51304,0,0,0,49,UTAH
3268,491052,16.0,38.80241483061924,2.4251509269137026,0.0,0.0,0.0,0.0,7.01203889609218,0.0,0.0,0.0,0.0,0.0,0.0,0.0,0.0,5.011580775911986,0.0,0.0,2.000458120180194,51304,0,0,0,49,UTAH
3271,491055,8.0,24.1204200298444,3.0150525037305496,0.0,0.0,0.0,0.0,7.01412599118448,0.0,0.0,0.0,0.0,0.0,0.0,0.0,0.0,6.013896931094383,0.0,0.0,1.000229060090097,51304,0,0,0,49,UTAH
3269,491053,8.0,17.82813654379803,2.228517067974754,0.0,0.0,0.0,0.0,5.009493680819686,0.0,0.0,0.0,0.0,0.0,0.0,0.0,0.0,4.009264620729589,0.0,0.0,1.000229060090097,51304,0,0,0,49,UTAH
3337,491121,280.0,1039.2754891119912,3.711698175399969,77.0,45.0,30.0,2.0,121.01842702433348,45.0,0.0,0.0,30.0,0.0,2.0,0.0,0.0,4.009264620729589,0.0,0.0,40.00916240360388,56564,0,0,0,49,UTAH
3336,491120,1.0,1.0,1.0,109.0,66.0,29.0,14.0,247.00017971738419,66.0,0.0,0.0,29.0,0.0,0.0,1.0,13.0,2.0046323103647943,0.0,135.9955474070194,0.0,75589,0,0,0,49,UTAH
3338,491122,34.0,118.50467232053984,3.4854315388394075,148.0,62.0,34.0,52.0,155.00577761081527,62.0,0.0,30.0,4.0,30.0,11.0,0.0,11.0,2.0046323103647943,0.0,0.0,5.001145300450485,56564,0,0,0,49,UTAH
3386,491170,10.0,29.363989601549697,2.93639896015497,3.0,0.0,1.0,2.0,7.007177525637289,0.0,0.0,0.0,1.0,0.0,2.0,0.0,0.0,3.0069484655471914,0.0,0.0,1.000229060090097,105921,0,0,0,49,UTAH
3414,491198,47.0,161.50194280852335,3.4362115491175182,42.0,15.0,15.0,12.0,53.01086804136027,15.0,0.0,0.0,15.0,0.0,0.0,0.0,12.0,4.009264620729589,0.0,0.0,7.001603420630678,104591,0,0,0,49,UTAH
3417,491201,96.0,376.4882952484408,3.9217530755045913,107.0,7.0,13.0,87.0,123.00783915162616,7.0,0.0,0.0,13.0,7.0,47.0,0.0,33.0,2.0046323103647943,0.0,0.0,14.003206841261356,97392,761,0,0,49,UTAH
3421,491205,55.0,189.817218495732,3.451222154467854,0.0,0.0,0.0,0.0,24.00130864625247,0.0,0.0,0.0,0.0,0.0,0.0,0.0,0.0,0.0,0.0,15.999476165531693,8.001832480720775,120577,0,0,0,49,UTAH
3400,491184,123.0,455.14183882402034,3.700340153040816,127.0,1.0,0.0,126.0,149.01338770235134,1.0,0.0,0.0,0.0,4.0,65.0,2.0,55.0,4.009264620729589,0.0,0.0,18.004123081621746,89915,409,126,0,49,UTAH
3399,491183,9.0,30.41270351589076,3.379189279543417,0.0,0.0,0.0,0.0,6.011809836002083,0.0,0.0,0.0,0.0,0.0,0.0,0.0,0.0,5.011580775911986,0.0,0.0,1.000229060090097,89915,0,0,0,49,UTAH
3361,491145,273.0,900.8452524189712,3.2997994594101505,0.0,0.0,0.0,0.0,39.00893334351378,0.0,0.0,0.0,0.0,0.0,0.0,0.0,0.0,0.0,0.0,0.0,39.00893334351378,62024,0,0,0,49,UTAH
3377,491161,2.0,3.0,1.5,0.0,0.0,0.0,0.0,3.0069484655471914,0.0,0.0,0.0,0.0,0.0,0.0,0.0,0.0,3.0069484655471914,0.0,0.0,0.0,79681,0,0,0,49,UTAH
3375,491159,128.0,509.67496236975546,3.9818356435137146,0.0,0.0,0.0,0.0,20.00875539198654,0.0,0.0,0.0,0.0,0.0,0.0,0.0,0.0,2.0046323103647943,0.0,0.0,18.004123081621746,79681,0,0,0,49,UTAH
3437,491221,13.0,36.70498700193712,2.823460538610548,0.0,0.0,0.0,0.0,5.007406585727385,0.0,0.0,0.0,0.0,0.0,0.0,0.0,0.0,3.0069484655471914,0.0,0.0,2.000458120180194,56564,0,0,0,49,UTAH
3451,491235,23.0,72.36126008953319,3.146141743023182,17.0,0.0,12.0,5.0,25.012267956182278,0.0,0.0,0.0,12.0,2.0,1.0,0.0,2.0,5.011580775911986,0.0,0.0,3.000687180270291,47060,0,0,0,49,UTAH
3453,491237,204.0,766.6098713833153,3.7578915263888,75.0,30.0,2.0,43.0,136.0055950736762,13.0,17.0,0.0,2.0,0.0,5.0,11.0,27.0,0.0,0.0,31.998952331063386,29.00664274261281,54114,0,0,0,49,UTAH
2751,490535,465.0,1878.2466205848395,4.039240044268472,0.0,0.0,0.0,0.0,89.01671384873487,0.0,0.0,0.0,0.0,0.0,0.0,0.0,0.0,1.0023161551823971,0.0,21.999279727606076,66.0151179659464,97527,0,0,0,49,UTAH
3029,490813,211.0,695.2973252081232,3.295247986768356,0.0,0.0,0.0,0.0,30.006871802702907,0.0,0.0,0.0,0.0,0.0,0.0,0.0,0.0,0.0,0.0,0.0,30.006871802702907,57005,0,0,0,49,UTAH
2358,490142,0.0,0.0,0.0,0.0,0.0,0.0,0.0,1.0023161551823971,0.0,0.0,0.0,0.0,0.0,0.0,0.0,0.0,1.0023161551823971,0.0,0.0,0.0,74211,0,0,0,49,UTAH
2510,490294,0.0,0.0,0.0,613.0,414.0,0.0,199.0,614.0023161551824,310.0,104.0,0.0,0.0,1.0,49.0,22.0,127.0,1.0023161551823971,0.0,0.0,0.0,70166,0,0,0,49,UTAH
2512,490296,85.0,252.7400533561956,2.9734123924258307,0.0,0.0,0.0,0.0,237.00242898338058,0.0,0.0,0.0,0.0,0.0,0.0,0.0,0.0,3.0069484655471914,0.0,221.99273179675222,12.002748721081163,70166,0,0,0,49,UTAH
2515,490299,0.0,0.0,0.0,0.0,0.0,0.0,0.0,33.005966275919114,0.0,0.0,0.0,0.0,0.0,0.0,0.0,0.0,3.0069484655471914,0.0,29.999017810371924,0.0,102760,0,0,0,49,UTAH
2613,490397,0.0,0.0,0.0,2673.0,137.0,9.0,2527.0,2676.999869041383,87.0,50.0,7.0,2.0,882.0,341.0,267.0,1037.0,0.0,0.0,3.999869041382923,0.0,51324,0,0,0,49,UTAH
2632,490416,0.0,0.0,0.0,1539.0,153.0,0.0,1386.0,1539.0,153.0,0.0,0.0,0.0,1385.0,1.0,0.0,0.0,0.0,0.0,0.0,0.0,100955,0,0,0,49,UTAH
2634,490418,0.0,0.0,0.0,821.0,607.0,0.0,214.0,821.0,227.0,380.0,0.0,0.0,77.0,64.0,8.0,65.0,0.0,0.0,0.0,0.0,109972,488,57,0,49,UTAH
2635,490419,59.0,158.35580106550017,2.683996628228816,1832.0,9.0,0.0,1823.0,1887.0002937169702,0.0,9.0,0.0,0.0,1658.0,151.0,2.0,12.0,0.0,0.0,46.99846123624935,8.001832480720775,109972,0,0,0,49,UTAH
2654,490438,134.0,488.7006840829343,3.6470200304696583,561.0,34.0,38.0,489.0,580.0043521417118,34.0,0.0,7.0,31.0,89.0,118.0,75.0,207.0,0.0,0.0,0.0,19.00435214171184,104445,559,99,0,49,UTAH
2658,490442,191.0,690.0537556364179,3.612846888148785,0.0,0.0,0.0,0.0,27.006184622432617,0.0,0.0,0.0,0.0,0.0,0.0,0.0,0.0,0.0,0.0,0.0,27.006184622432617,125256,0,0,0,49,UTAH
2655,490439,233.0,881.968401960832,3.78527211141988,238.0,81.0,20.0,137.0,271.0075589829732,67.0,14.0,14.0,6.0,8.0,66.0,4.0,59.0,0.0,0.0,0.0,33.0075589829732,93816,639,0,0,49,UTAH
2692,490476,225.0,868.3351210743982,3.859267204775103,0.0,0.0,0.0,0.0,33.0096460780655,0.0,0.0,0.0,0.0,0.0,0.0,0.0,0.0,1.0023161551823971,0.0,0.0,32.0073299228831,82291,0,0,0,49,UTAH
2683,490467,519.0,1896.0747571286377,3.6533232314617297,750.0,77.0,31.0,642.0,832.0190374242696,77.0,0.0,4.0,27.0,22.0,148.0,129.0,343.0,1.0023161551823971,0.0,6.999770822420116,74.01695044666717,112636,1397,0,0,49,UTAH
2686,490470,190.0,804.3635722995936,4.233492485787335,554.0,311.0,3.0,240.0,581.0061846224327,263.0,48.0,0.0,3.0,17.0,41.0,77.0,105.0,0.0,0.0,0.0,27.006184622432617,109118,0,0,0,49,UTAH
2745,490529,287.0,1231.1901354364052,4.289861099081551,251.0,8.0,23.0,220.0,309.0158815740814,8.0,0.0,1.0,22.0,21.0,71.0,26.0,102.0,3.0069484655471914,0.0,13.999541644840232,41.00939146369397,173787,626,27,0,49,UTAH
2740,490524,112.0,417.3881379077421,3.7266798027476975,1845.0,67.0,1.0,1777.0,1861.0036649614415,67.0,0.0,1.0,0.0,60.0,234.0,1450.0,33.0,0.0,0.0,0.0,16.00366496144155,79428,0,0,0,49,UTAH
2737,490521,551.0,1842.590347497244,3.3440841152400065,540.0,3.0,0.0,537.0,618.0178666870275,3.0,0.0,0.0,0.0,25.0,1.0,314.0,197.0,0.0,0.0,0.0,78.01786668702756,51088,0,0,0,49,UTAH
2752,490536,359.0,1252.1644137232263,3.4879231580034165,512.0,23.0,41.0,448.0,581.0110927508182,14.0,9.0,0.0,41.0,7.0,135.0,0.0,306.0,0.0,0.0,17.999410686223154,51.01168206459494,79314,730,1420,0,49,UTAH
2753,490537,457.0,1693.672971660813,3.70606777168668,0.0,0.0,0.0,0.0,71.01469246793069,0.0,0.0,0.0,0.0,0.0,0.0,0.0,0.0,0.0,0.0,5.999803562074385,65.0148889058563,83251,0,0,0,49,UTAH
2767,490551,135.0,332.44231084611624,2.462535635897157,436.0,147.0,58.0,231.0,455.0043521417118,21.0,126.0,28.0,30.0,40.0,25.0,24.0,142.0,0.0,0.0,0.0,19.00435214171184,52957,0,0,0,49,UTAH
2762,490546,0.0,0.0,0.0,716.0,27.0,248.0,441.0,716.0,27.0,0.0,169.0,79.0,54.0,63.0,33.0,291.0,0.0,0.0,0.0,0.0,52957,0,0,0,49,UTAH
2826,490610,99.0,360.75758653332485,3.64401602558914,2464.0,373.0,21.0,2070.0,2484.003010403336,373.0,0.0,16.0,5.0,1260.0,23.0,6.0,781.0,0.0,0.0,5.999803562074385,14.003206841261356,105921,0,0,0,49,UTAH
2964,490748,1.0,2.0974278286821213,2.0974278286821213,82.0,12.0,35.0,35.0,111.99901781037192,11.0,1.0,28.0,7.0,23.0,2.0,0.0,10.0,0.0,0.0,29.999017810371924,0.0,48606,0,0,0,49,UTAH
2963,490747,233.0,829.532706243779,3.5602262070548454,27.0,20.0,0.0,7.0,60.0075589829732,3.0,17.0,0.0,0.0,0.0,0.0,0.0,7.0,0.0,0.0,0.0,33.0075589829732,55528,0,0,0,49,UTAH
3011,490795,155.0,437.3137022802223,2.821378724388531,215.0,83.0,14.0,118.0,237.00503932198214,48.0,35.0,12.0,2.0,14.0,4.0,2.0,98.0,0.0,0.0,0.0,22.00503932198213,34038,0,0,0,49,UTAH
3009,490793,5.0,8.389711314728485,1.677942262945697,664.0,155.0,178.0,331.0,669.000098101473,113.0,42.0,140.0,38.0,4.0,24.0,50.0,253.0,0.0,0.0,3.999869041382923,1.000229060090097,56681,0,0,0,49,UTAH
3025,490809,495.0,1785.9597961228262,3.607999588126922,207.0,15.0,40.0,152.0,277.0160342063068,15.0,0.0,9.0,31.0,77.0,8.0,9.0,58.0,0.0,0.0,0.0,70.01603420630678,78781,0,0,0,49,UTAH
3026,490810,459.0,1601.3861471987996,3.4888587084941167,0.0,0.0,0.0,0.0,65.0148889058563,0.0,0.0,0.0,0.0,0.0,0.0,0.0,0.0,0.0,0.0,0.0,65.0148889058563,77600,0,0,0,49,UTAH
3034,490818,172.0,599.8643590030867,3.4875834825760856,188.0,95.0,15.0,78.0,248.00431881460864,84.0,11.0,5.0,10.0,43.0,4.0,0.0,31.0,0.0,0.0,35.99882137244631,24.005497442162326,78781,0,0,0,49,UTAH
3041,490825,408.0,1448.2739157050048,3.549690969865208,0.0,0.0,0.0,0.0,74.01276165075731,0.0,0.0,0.0,0.0,0.0,0.0,0.0,0.0,0.0,0.0,15.999476165531693,58.01328548522562,77159,0,0,0,49,UTAH
3040,490824,420.0,1385.3510808445412,3.2984549543917647,314.0,101.0,11.0,202.0,572.0072611538606,72.0,29.0,11.0,0.0,14.0,10.0,100.0,78.0,0.0,0.0,197.9935175484547,60.01374360540581,62782,0,0,0,49,UTAH
3089,490873,24.0,88.0919688046491,3.6704987001937126,41.0,9.0,27.0,5.0,47.00763564581748,1.0,8.0,1.0,26.0,0.0,3.0,0.0,2.0,3.0069484655471914,0.0,0.0,3.000687180270291,61179,0,0,0,49,UTAH
3196,490980,352.0,1461.9071965914386,4.153145444862042,0.0,0.0,0.0,0.0,122.01144464423413,0.0,0.0,0.0,0.0,0.0,0.0,0.0,0.0,1.0023161551823971,0.0,70.99767548454689,50.01145300450485,98650,0,0,0,49,UTAH
3174,490958,172.0,650.2026268914576,3.7802478307642886,0.0,0.0,0.0,0.0,91.00330388532629,0.0,0.0,0.0,0.0,0.0,0.0,0.0,0.0,0.0,0.0,66.99780644316397,24.005497442162326,106471,0,0,0,49,UTAH
3236,491020,6.0,13.633280886433788,2.272213481072298,0.0,0.0,0.0,0.0,8.016442146366877,0.0,0.0,0.0,0.0,0.0,0.0,0.0,0.0,7.01621308627678,0.0,0.0,1.000229060090097,51304,0,0,0,49,UTAH
3226,491010,5.0,10.487139143410609,2.0974278286821213,0.0,0.0,0.0,0.0,11.023390611914069,0.0,0.0,0.0,0.0,0.0,0.0,0.0,0.0,10.023161551823971,0.0,0.0,1.000229060090097,51304,0,0,0,49,UTAH
3240,491024,5.0,17.82813654379803,3.5656273087596064,0.0,0.0,0.0,0.0,6.011809836002083,0.0,0.0,0.0,0.0,0.0,0.0,0.0,0.0,5.011580775911986,0.0,0.0,1.000229060090097,51304,0,0,0,49,UTAH
3342,491126,272.0,934.404097677885,3.4353091826392834,0.0,0.0,0.0,0.0,199.0107416833407,0.0,0.0,0.0,0.0,0.0,0.0,0.0,0.0,3.0069484655471914,0.0,156.99485987427974,39.00893334351378,56564,0,0,0,49,UTAH
3406,491190,98.0,380.683150905805,3.8845219480184174,165.0,60.0,4.0,101.0,179.00320684126135,36.0,24.0,0.0,4.0,53.0,10.0,5.0,33.0,0.0,0.0,0.0,14.003206841261356,75108,0,0,0,49,UTAH
3407,491191,63.0,249.5939116131724,3.961808120844007,152.0,60.0,12.0,80.0,207.00995109606117,34.0,26.0,0.0,12.0,4.0,8.0,16.0,52.0,4.009264620729589,0.0,41.99862493452069,9.002061540810873,69330,0,0,0,49,UTAH
3419,491203,218.0,830.5814201581201,3.810006514486789,93.0,10.0,12.0,71.0,134.01147125592365,10.0,0.0,0.0,12.0,3.0,53.0,4.0,11.0,2.0046323103647943,0.0,7.999738082765846,31.007100862793006,104591,731,0,0,49,UTAH
3422,491206,111.0,388.0241483061925,3.495713047803536,0.0,0.0,0.0,0.0,18.008297271806345,0.0,0.0,0.0,0.0,0.0,0.0,0.0,0.0,2.0046323103647943,0.0,0.0,16.00366496144155,83722,0,0,0,49,UTAH
3429,491213,277.0,1147.2930222891202,4.141852066025705,0.0,0.0,0.0,0.0,40.01124949869618,0.0,0.0,0.0,0.0,0.0,0.0,0.0,0.0,1.0023161551823971,0.0,0.0,39.00893334351378,120577,0,0,0,49,UTAH
3420,491204,161.0,626.0822068616133,3.888709359388902,0.0,0.0,0.0,0.0,23.00526838207223,0.0,0.0,0.0,0.0,0.0,0.0,0.0,0.0,0.0,0.0,0.0,23.00526838207223,120078,0,0,0,49,UTAH
3425,491209,161.0,613.4976398895204,3.8105443471398783,0.0,0.0,0.0,0.0,102.00268194938496,0.0,0.0,0.0,0.0,0.0,0.0,0.0,0.0,0.0,0.0,78.99741356731273,23.00526838207223,83427,0,0,0,49,UTAH
3356,491140,14.0,34.607559173255,2.471968512375357,840.0,547.0,6.0,287.0,842.0004581201802,408.0,139.0,0.0,6.0,8.0,138.0,60.0,81.0,0.0,0.0,0.0,2.000458120180194,64873,0,0,0,49,UTAH
2338,490122,30.0,93.3355383763544,3.1111846125451463,0.0,0.0,0.0,0.0,4.000916240360388,0.0,0.0,0.0,0.0,0.0,0.0,0.0,0.0,0.0,0.0,0.0,4.000916240360388,66402,0,0,0,49,UTAH
2281,490065,53.0,135.2840949499968,2.5525300933961663,0.0,0.0,0.0,0.0,114.01245544638824,0.0,0.0,0.0,0.0,0.0,0.0,0.0,0.0,6.013896931094383,0.0,99.99672603457309,8.001832480720775,81720,0,0,0,49,UTAH
2285,490069,92.0,261.1297646709241,2.838367007292653,0.0,0.0,0.0,0.0,142.0081499451172,0.0,0.0,0.0,0.0,0.0,0.0,0.0,0.0,4.009264620729589,0.0,124.99590754321635,13.00297778117126,81720,0,0,0,49,UTAH
2245,490029,0.0,0.0,0.0,0.0,0.0,0.0,0.0,0.0,0.0,0.0,0.0,0.0,0.0,0.0,0.0,0.0,0.0,0.0,0.0,0.0,81720,0,0,0,49,UTAH
3265,491049,16.0,37.75370091627818,2.3596063072673865,0.0,0.0,0.0,0.0,5.007406585727385,0.0,0.0,0.0,0.0,0.0,0.0,0.0,0.0,3.0069484655471914,0.0,0.0,2.000458120180194,76841,0,0,0,49,UTAH
3281,491065,16.0,41.94855657364243,2.621784785852652,0.0,0.0,0.0,0.0,6.009722740909782,0.0,0.0,0.0,0.0,0.0,0.0,0.0,0.0,4.009264620729589,0.0,0.0,2.000458120180194,76841,0,0,0,49,UTAH
3470,491254,0.0,0.0,0.0,0.0,0.0,0.0,0.0,0.0,0.0,0.0,0.0,0.0,0.0,0.0,0.0,0.0,0.0,0.0,0.0,0.0,67754,0,0,0,49,UTAH
2438,490222,0.0,0.0,0.0,0.0,0.0,0.0,0.0,54.12507237984944,0.0,0.0,0.0,0.0,0.0,0.0,0.0,0.0,54.12507237984944,0.0,0.0,0.0,81720,0,0,0,49,UTAH
3496,491280,20.0,73.40997400387424,3.670498700193712,0.0,0.0,0.0,0.0,244.55418278955463,0.0,0.0,0.0,0.0,0.0,0.0,0.0,0.0,239.5535610885929,0.0,1.9999345206914616,3.000687180270291,81240,0,0,0,49,UTAH
3495,491279,7.0,16.77942262945697,2.39706037563671,0.0,0.0,0.0,0.0,18.03960369819085,0.0,0.0,0.0,0.0,0.0,0.0,0.0,0.0,17.039374638100753,0.0,0.0,1.000229060090097,74530,0,0,0,49,UTAH
3489,491273,12.0,37.75370091627818,3.146141743023182,0.0,0.0,0.0,0.0,36.0792073963817,0.0,0.0,0.0,0.0,0.0,0.0,0.0,0.0,34.078749276201506,0.0,0.0,2.000458120180194,67754,0,0,0,49,UTAH
2442,490226,1.0,5.243569571705304,5.243569571705304,0.0,0.0,0.0,0.0,0.0,0.0,0.0,0.0,0.0,0.0,0.0,0.0,0.0,0.0,0.0,0.0,0.0,91516,0,0,0,49,UTAH
3525,491309,0.0,0.0,0.0,0.0,0.0,0.0,0.0,0.0,0.0,0.0,0.0,0.0,0.0,0.0,0.0,0.0,0.0,0.0,0.0,0.0,74530,0,0,0,49,UTAH
2643,490427,632.0,2222.2247844887074,3.516178456469474,40.0,5.0,0.0,35.0,424.0109899497536,5.0,0.0,0.0,0.0,10.0,0.0,5.0,20.0,0.0,0.0,293.9903745416449,90.02061540810872,109972,0,0,0,49,UTAH
2651,490435,878.0,3304.497544088682,3.763664628802599,0.0,0.0,0.0,0.0,249.02457279413272,0.0,0.0,0.0,0.0,0.0,0.0,0.0,0.0,0.0,0.0,123.99594028287062,125.02863251126212,144254,0,0,0,49,UTAH
3246,491030,15.0,37.75370091627818,2.5169133944185456,67.0,2.0,1.0,64.0,72.0074065857274,2.0,0.0,0.0,1.0,0.0,13.0,45.0,6.0,3.0069484655471914,0.0,0.0,2.000458120180194,51304,0,0,0,49,UTAH
3254,491038,5.0,12.584566972092729,2.5169133944185456,0.0,0.0,0.0,0.0,5.009493680819686,0.0,0.0,0.0,0.0,0.0,0.0,0.0,0.0,4.009264620729589,0.0,0.0,1.000229060090097,76841,0,0,0,49,UTAH
2298,490082,0.0,0.0,0.0,0.0,0.0,0.0,0.0,5.011580775911986,0.0,0.0,0.0,0.0,0.0,0.0,0.0,0.0,5.011580775911986,0.0,0.0,0.0,66402,0,0,0,49,UTAH
3279,491063,7.0,18.87685045813909,2.696692922591299,0.0,0.0,0.0,0.0,6.011809836002083,0.0,0.0,0.0,0.0,0.0,0.0,0.0,0.0,5.011580775911986,0.0,0.0,1.000229060090097,76841,0,0,0,49,UTAH
3493,491277,19.0,60.82540703178152,3.201337212199028,3.0,1.0,2.0,0.0,59.116396720427346,1.0,0.0,0.0,2.0,0.0,0.0,0.0,0.0,50.11580775911986,0.0,2.9999017810371926,3.000687180270291,68506,0,0,0,49,UTAH
2446,490230,32.0,80.75097140426168,2.5234678563831774,0.0,0.0,0.0,0.0,5.001145300450485,0.0,0.0,0.0,0.0,0.0,0.0,0.0,0.0,0.0,0.0,0.0,5.001145300450485,91516,0,0,0,49,UTAH
2531,490315,29.0,104.87139143410606,3.61625487703814,114.0,14.0,15.0,85.0,155.01144934733577,14.0,0.0,0.0,15.0,1.0,65.0,0.0,19.0,5.011580775911986,0.0,31.998952331063386,4.000916240360388,96089,1041,0,0,49,UTAH
2540,490324,257.0,1010.9602134247824,3.9336973285010983,12.0,0.0,5.0,7.0,74.00765673197685,0.0,0.0,0.0,5.0,4.0,1.0,1.0,1.0,0.0,0.0,24.99918150864327,37.00847522333358,95907,0,0,0,49,UTAH
2596,490380,23.0,49.28955397402985,2.143024085827385,0.0,0.0,0.0,0.0,9.014584111364673,0.0,0.0,0.0,0.0,0.0,0.0,0.0,0.0,6.013896931094383,0.0,0.0,3.000687180270291,85040,0,0,0,49,UTAH
2687,490471,385.0,1666.4064098879453,4.328328337371286,0.0,0.0,0.0,0.0,108.01086310327906,0.0,0.0,0.0,0.0,0.0,0.0,0.0,0.0,0.0,0.0,52.99826479832373,55.01259830495533,87378,0,0,0,49,UTAH
2786,490570,124.0,439.4111301089044,3.543638146039552,390.0,30.0,1.0,359.0,408.00412308162174,5.0,25.0,0.0,1.0,58.0,2.0,124.0,175.0,0.0,0.0,0.0,18.004123081621746,84179,0,0,0,49,UTAH
2778,490562,167.0,580.9875085449476,3.478967117035614,0.0,0.0,0.0,0.0,25.00781359734472,0.0,0.0,0.0,0.0,0.0,0.0,0.0,0.0,1.0023161551823971,0.0,0.0,24.005497442162326,69037,0,0,0,49,UTAH
2793,490577,0.0,0.0,0.0,0.0,0.0,0.0,0.0,0.0,0.0,0.0,0.0,0.0,0.0,0.0,0.0,0.0,0.0,0.0,0.0,0.0,76529,0,0,0,49,UTAH
2808,490592,626.0,2026.115282506929,3.236605882598928,0.0,0.0,0.0,0.0,89.02038634801863,0.0,0.0,0.0,0.0,0.0,0.0,0.0,0.0,0.0,0.0,0.0,89.02038634801863,76529,0,0,0,49,UTAH
2873,490657,357.0,1208.118429320902,3.3840852361930027,406.0,21.0,19.0,366.0,457.01168206459494,21.0,0.0,0.0,19.0,4.0,117.0,28.0,217.0,0.0,0.0,0.0,51.01168206459494,64873,0,0,1299,49,UTAH
2895,490679,0.0,0.0,0.0,4127.0,48.0,246.0,3833.0,4127.0,37.0,11.0,0.0,246.0,3229.0,0.0,0.0,604.0,0.0,0.0,0.0,0.0,67334,0,0,0,49,UTAH
2943,490727,212.0,663.8359077778914,3.131301451782506,0.0,0.0,0.0,0.0,77.00533303895226,0.0,0.0,0.0,0.0,0.0,0.0,0.0,0.0,0.0,0.0,46.99846123624935,30.006871802702907,74472,0,0,0,49,UTAH
2946,490730,6.0,22.022992201162275,3.6704987001937126,299.0,7.0,178.0,114.0,301.00254521527245,7.0,0.0,0.0,178.0,1.0,58.0,0.0,55.0,1.0023161551823971,0.0,0.0,1.000229060090097,58209,0,0,0,49,UTAH
3044,490828,125.0,404.8035709356494,3.238428567485195,123.0,119.0,0.0,4.0,141.00412308162174,80.0,39.0,0.0,0.0,1.0,0.0,0.0,3.0,0.0,0.0,0.0,18.004123081621746,78079,0,0,0,49,UTAH
3043,490827,121.0,399.5600013639441,3.302148771602844,108.0,49.0,0.0,59.0,213.00101293195596,1.0,48.0,0.0,0.0,7.0,4.0,32.0,16.0,0.0,0.0,87.9971189104243,17.003894021531647,62782,0,0,0,49,UTAH
3077,490861,426.0,1589.850294141048,3.7320429439930702,316.0,31.0,150.0,135.0,378.01628882067826,31.0,0.0,133.0,17.0,85.0,27.0,0.0,23.0,1.0023161551823971,0.0,0.0,61.01397266549591,55124,0,0,0,49,UTAH
3102,490886,157.0,572.5977972302192,3.6471197275810137,8.0,2.0,4.0,2.0,30.00503932198213,2.0,0.0,0.0,4.0,0.0,0.0,0.0,2.0,0.0,0.0,0.0,22.00503932198213,87864,0,0,0,49,UTAH
3123,490907,0.0,0.0,0.0,0.0,0.0,0.0,0.0,138.99544918805657,0.0,0.0,0.0,0.0,0.0,0.0,0.0,0.0,0.0,0.0,138.99544918805657,0.0,103707,0,0,0,49,UTAH
3223,491007,120.0,459.3366944813845,3.827805787344871,2.0,0.0,1.0,1.0,66.00235525778099,0.0,0.0,0.0,1.0,0.0,0.0,0.0,1.0,0.0,0.0,46.99846123624935,17.003894021531647,98673,0,0,0,49,UTAH
3204,490988,19.0,57.67926528875834,3.0357508046714914,0.0,0.0,0.0,0.0,19.00721003031198,0.0,0.0,0.0,0.0,0.0,0.0,0.0,0.0,3.0069484655471914,0.0,12.999574384494501,3.000687180270291,105921,0,0,0,49,UTAH
3202,490986,6.0,12.584566972092729,2.0974278286821213,0.0,0.0,0.0,0.0,8.016442146366877,0.0,0.0,0.0,0.0,0.0,0.0,0.0,0.0,7.01621308627678,0.0,0.0,1.000229060090097,51304,0,0,0,49,UTAH
3248,491032,13.0,29.363989601549697,2.258768430888438,0.0,0.0,0.0,0.0,24.051413534192932,0.0,0.0,0.0,0.0,0.0,0.0,0.0,0.0,22.050955414012737,0.0,0.0,2.000458120180194,76841,0,0,0,49,UTAH
3318,491102,53.0,214.98635243991745,4.056346272451272,0.0,0.0,0.0,0.0,17.022677877362348,0.0,0.0,0.0,0.0,0.0,0.0,0.0,0.0,9.020845396641574,0.0,0.0,8.001832480720775,60977,0,0,0,49,UTAH
3433,491217,42.0,118.50467232053984,2.8215398171557107,0.0,0.0,0.0,0.0,527.9936798403587,0.0,0.0,0.0,0.0,0.0,0.0,0.0,0.0,4.009264620729589,0.0,517.9830408590885,6.001374360540582,56564,0,0,0,49,UTAH
3458,491242,318.0,1401.081789559657,4.405917577231626,129.0,19.0,19.0,91.0,226.01095413686903,19.0,0.0,0.0,19.0,4.0,44.0,23.0,20.0,1.0023161551823971,0.0,50.99833027763227,45.01030770405436,78125,516,0,0,49,UTAH
3466,491250,26.0,70.26383226085106,2.70245508695581,48.0,4.0,40.0,4.0,175.0039359473953,4.0,0.0,0.0,40.0,0.0,1.0,0.0,3.0,3.0069484655471914,0.0,119.9960712414877,4.000916240360388,52410,0,0,0,49,UTAH
3474,491258,249.0,940.6963811639314,3.7778971131081582,1.0,0.0,1.0,0.0,36.00801710315339,0.0,0.0,0.0,1.0,0.0,0.0,0.0,0.0,0.0,0.0,0.0,35.00801710315339,67754,0,0,0,49,UTAH
3476,491260,7.0,15.73070871511591,2.247244102159416,0.0,0.0,0.0,0.0,2.002545215272494,0.0,0.0,0.0,0.0,0.0,0.0,0.0,0.0,1.0023161551823971,0.0,0.0,1.000229060090097,67754,0,0,0,49,UTAH
3485,491269,4.0,6.0,1.5,0.0,0.0,0.0,0.0,14.030339077461262,0.0,0.0,0.0,0.0,0.0,0.0,0.0,0.0,13.030110017371165,0.0,0.0,1.000229060090097,74530,0,0,0,49,UTAH
3481,491265,44.0,162.5506567228644,3.6943331073378274,0.0,0.0,0.0,0.0,12.015271291634964,0.0,0.0,0.0,0.0,0.0,0.0,0.0,0.0,6.013896931094383,0.0,0.0,6.001374360540582,74530,0,0,0,49,UTAH
3479,491263,44.0,147.86866192208956,3.3606514073202174,8.0,0.0,4.0,4.0,20.015271291634964,0.0,0.0,0.0,4.0,0.0,0.0,4.0,0.0,6.013896931094383,0.0,0.0,6.001374360540582,74530,0,0,0,49,UTAH
3017,490801,30.0,118.50467232053984,3.9501557440179953,563.0,24.0,90.0,449.0,652.9981006300933,17.0,7.0,85.0,5.0,132.0,188.0,16.0,113.0,0.0,0.0,85.99718438973285,4.000916240360388,56681,0,0,0,49,UTAH
3251,491035,8.0,26.217847858526515,3.2772309823158143,0.0,0.0,0.0,0.0,12.025706767096466,0.0,0.0,0.0,0.0,0.0,0.0,0.0,0.0,11.025477707006369,0.0,0.0,1.000229060090097,76841,0,0,0,49,UTAH
2457,490241,0.0,0.0,0.0,0.0,0.0,0.0,0.0,0.0,0.0,0.0,0.0,0.0,0.0,0.0,0.0,0.0,0.0,0.0,0.0,0.0,106764,0,0,0,49,UTAH
2456,490240,20.0,54.53312354573515,2.726656177286757,0.0,0.0,0.0,0.0,3.000687180270291,0.0,0.0,0.0,0.0,0.0,0.0,0.0,0.0,0.0,0.0,0.0,3.000687180270291,106764,0,0,0,49,UTAH
2333,490117,398.0,1568.8760158542268,3.941899537322178,0.0,0.0,0.0,0.0,89.01435765103557,0.0,0.0,0.0,0.0,0.0,0.0,0.0,0.0,1.0023161551823971,0.0,30.998985070717655,57.01305642513552,66402,0,0,0,49,UTAH
2695,490479,312.0,1265.7976946096603,4.057043892979681,443.0,15.0,15.0,413.0,487.0100786439643,15.0,0.0,0.0,15.0,54.0,219.0,2.0,138.0,0.0,0.0,0.0,44.01007864396426,93584,745,1983,0,49,UTAH
2580,490364,189.0,754.0253044112226,3.989551875191654,0.0,0.0,0.0,0.0,147.00460475875698,0.0,0.0,0.0,0.0,0.0,0.0,0.0,0.0,1.0023161551823971,0.0,118.99610398114197,27.006184622432617,116706,0,0,0,49,UTAH
3231,491015,16.0,40.89984265930136,2.556240166206335,0.0,0.0,0.0,0.0,7.01203889609218,0.0,0.0,0.0,0.0,0.0,0.0,0.0,0.0,5.011580775911986,0.0,0.0,2.000458120180194,51304,0,0,0,49,UTAH
2577,490361,363.0,1299.356539868574,3.5794946001889096,1347.0,753.0,33.0,561.0,1399.011911124685,565.0,188.0,33.0,0.0,230.0,55.0,70.0,206.0,0.0,0.0,0.0,52.01191112468504,105595,0,0,0,49,UTAH
2690,490474,442.0,1677.942262945697,3.796249463678048,10.0,2.0,5.0,3.0,74.0167469408585,2.0,0.0,3.0,2.0,0.0,0.0,0.0,3.0,1.0023161551823971,0.0,0.0,63.014430785676105,99835,0,0,0,49,UTAH
2439,490223,0.0,0.0,0.0,0.0,0.0,0.0,0.0,51.11812391430225,0.0,0.0,0.0,0.0,0.0,0.0,0.0,0.0,51.11812391430225,0.0,0.0,0.0,91516,0,0,0,49,UTAH
3483,491267,141.0,554.769660686421,3.934536600612915,0.0,0.0,0.0,0.0,53.08101432282105,0.0,0.0,0.0,0.0,0.0,0.0,0.0,0.0,33.07643312101911,0.0,0.0,20.00458120180194,74530,0,0,0,49,UTAH
2441,490225,0.0,0.0,0.0,0.0,0.0,0.0,0.0,0.0,0.0,0.0,0.0,0.0,0.0,0.0,0.0,0.0,0.0,0.0,0.0,0.0,91516,0,0,0,49,UTAH
2455,490239,13.0,42.997270487983485,3.307482345229499,0.0,0.0,0.0,0.0,212.99355005312938,0.0,0.0,0.0,0.0,0.0,0.0,0.0,0.0,0.0,0.0,210.9930919329492,2.000458120180194,91516,0,0,0,49,UTAH
2428,490212,0.0,0.0,0.0,119.0,3.0,3.0,113.0,119.0,3.0,0.0,1.0,2.0,1.0,8.0,0.0,104.0,0.0,0.0,0.0,0.0,102760,0,0,0,49,UTAH
2662,490446,387.0,1585.6554384836836,4.097300874634842,0.0,0.0,0.0,0.0,62.01236912737545,0.0,0.0,0.0,0.0,0.0,0.0,0.0,0.0,0.0,0.0,6.999770822420116,55.01259830495533,149585,0,0,0,49,UTAH
2657,490441,287.0,1154.6340196895078,4.023115051182954,193.0,4.0,90.0,99.0,240.01154392060505,4.0,0.0,0.0,90.0,10.0,49.0,0.0,40.0,1.0023161551823971,0.0,4.999836301728654,41.00939146369397,87510,0,0,0,49,UTAH
2656,490440,318.0,1249.0182719802033,3.927730415032086,88.0,1.0,3.0,84.0,152.00968565062325,1.0,0.0,0.0,3.0,15.0,3.0,59.0,7.0,0.0,0.0,18.999377946568885,45.01030770405436,149909,0,0,0,49,UTAH
2874,490658,309.0,1005.7166438530772,3.254746420236496,14.0,0.0,1.0,13.0,70.08737332974637,0.0,0.0,0.0,1.0,7.0,1.0,0.0,5.0,0.0,12.077294685782109,0.0,44.01007864396426,74224,0,0,0,49,UTAH
3113,490897,191.0,740.3920235247888,3.876398028925596,26.0,1.0,0.0,25.0,76.1337074223326,1.0,0.0,0.0,0.0,4.0,0.0,14.0,7.0,5.011580775911986,18.115942023988005,0.0,27.006184622432617,103707,0,0,0,49,UTAH
3112,490896,221.0,793.8764331561829,3.5922010550053525,0.0,0.0,0.0,0.0,35.01636548352259,0.0,0.0,0.0,0.0,0.0,0.0,0.0,0.0,4.009264620729589,0.0,0.0,31.007100862793006,110400,0,0,0,49,UTAH
3247,491031,12.0,34.607559173255,2.8839632644379165,0.0,0.0,0.0,0.0,27.058361999740125,0.0,0.0,0.0,0.0,0.0,0.0,0.0,0.0,25.05790387955993,0.0,0.0,2.000458120180194,74530,0,0,0,49,UTAH
3343,491127,18.0,56.63055137441727,3.1461417430231817,0.0,0.0,0.0,0.0,7.009951800999879,0.0,0.0,0.0,0.0,0.0,0.0,0.0,0.0,4.009264620729589,0.0,0.0,3.000687180270291,56564,0,0,0,49,UTAH
3432,491216,52.0,152.0635175794538,2.924298414989496,0.0,0.0,0.0,0.0,11.010868041360267,0.0,0.0,0.0,0.0,0.0,0.0,0.0,0.0,4.009264620729589,0.0,0.0,7.001603420630678,56564,0,0,0,49,UTAH
3416,491200,36.0,104.87139143410606,2.913094206502946,0.0,0.0,0.0,0.0,258.00460664210374,0.0,0.0,0.0,0.0,0.0,0.0,0.0,0.0,5.011580775911986,0.0,247.99188056574124,5.001145300450485,120577,0,0,0,49,UTAH
3415,491199,22.0,72.36126008953319,3.289148185887872,0.0,0.0,0.0,0.0,55.003682507921624,0.0,0.0,0.0,0.0,0.0,0.0,0.0,0.0,2.0046323103647943,0.0,49.99836301728654,3.000687180270291,120577,0,0,0,49,UTAH
3427,491211,315.0,1290.9668285538455,4.098307392234431,0.0,0.0,0.0,0.0,45.01030770405436,0.0,0.0,0.0,0.0,0.0,0.0,0.0,0.0,0.0,0.0,0.0,45.01030770405436,109773,0,0,0,49,UTAH
3468,491252,0.0,0.0,0.0,0.0,0.0,0.0,0.0,3.0069484655471914,0.0,0.0,0.0,0.0,0.0,0.0,0.0,0.0,3.0069484655471914,0.0,0.0,0.0,52410,0,0,0,49,UTAH
3472,491256,267.0,1067.5907647991996,3.9984672838921336,0.0,0.0,0.0,0.0,44.008507845498066,0.0,0.0,0.0,0.0,0.0,0.0,0.0,0.0,0.0,0.0,5.999803562074385,38.00870428342368,67754,0,0,0,49,UTAH
3473,491257,182.0,708.930606094557,3.895223110409654,0.0,0.0,0.0,0.0,26.00595556234252,0.0,0.0,0.0,0.0,0.0,0.0,0.0,0.0,0.0,0.0,0.0,26.00595556234252,67754,0,0,0,49,UTAH
3477,491261,0.0,0.0,0.0,0.0,0.0,0.0,0.0,0.0,0.0,0.0,0.0,0.0,0.0,0.0,0.0,0.0,0.0,0.0,0.0,0.0,67754,0,0,0,49,UTAH
2516,490300,6.0,20.97427828682121,3.495713047803536,0.0,0.0,0.0,0.0,136.00520478611043,0.0,0.0,0.0,0.0,0.0,0.0,0.0,0.0,4.009264620729589,0.0,130.99571110529072,1.000229060090097,91670,0,0,0,49,UTAH
2691,490475,250.0,960.6219455364115,3.8424877821456462,0.0,0.0,0.0,0.0,36.00824616324349,0.0,0.0,0.0,0.0,0.0,0.0,0.0,0.0,0.0,0.0,0.0,36.00824616324349,80235,0,0,0,49,UTAH
2750,490534,447.0,1518.5377479658555,3.397176169945986,16.0,10.0,0.0,6.0,109.0137103957924,3.0,7.0,0.0,0.0,0.0,0.0,2.0,4.0,0.0,0.0,28.999050550026194,64.0146598457662,68046,0,0,0,49,UTAH
2822,490606,305.0,903.9913941619944,2.9639062103671945,471.0,39.0,161.0,271.0,517.0097513649114,39.0,0.0,0.0,161.0,63.0,138.0,6.0,64.0,0.0,0.0,2.9999017810371926,43.00984958387417,55597,710,1183,0,49,UTAH
2595,490379,0.0,0.0,0.0,79.0,23.0,33.0,23.0,81.0046323103648,23.0,0.0,0.0,33.0,2.0,0.0,0.0,21.0,2.0046323103647943,0.0,0.0,0.0,87096,0,0,0,49,UTAH
2588,490372,0.0,0.0,0.0,0.0,0.0,0.0,0.0,0.0,0.0,0.0,0.0,0.0,0.0,0.0,0.0,0.0,0.0,0.0,0.0,0.0,87096,0,0,0,49,UTAH
2587,490371,0.0,0.0,0.0,6.0,1.0,3.0,2.0,9.006948465547191,1.0,0.0,0.0,3.0,0.0,0.0,0.0,2.0,3.0069484655471914,0.0,0.0,0.0,87096,0,0,0,49,UTAH
3110,490894,164.0,651.2513408057987,3.971044761010968,119.0,26.0,12.0,81.0,143.00758453725462,26.0,0.0,2.0,10.0,17.0,35.0,13.0,16.0,1.0023161551823971,0.0,0.0,23.00526838207223,112744,571,0,0,49,UTAH
3103,490887,99.0,361.80630044766593,3.654609095430969,0.0,0.0,0.0,0.0,17.003108622298548,0.0,0.0,0.0,0.0,0.0,0.0,0.0,0.0,0.0,0.0,2.9999017810371926,14.003206841261356,87537,0,0,0,49,UTAH
3105,490889,167.0,586.231078116653,3.510365737225466,93.0,51.0,16.0,26.0,117.00549744216232,51.0,0.0,0.0,16.0,3.0,11.0,3.0,9.0,0.0,0.0,0.0,24.005497442162326,90154,0,0,0,49,UTAH
3114,490898,103.0,414.24199616471896,4.021766953055524,0.0,0.0,0.0,0.0,16.00575205653385,0.0,0.0,0.0,0.0,0.0,0.0,0.0,0.0,1.0023161551823971,0.0,0.0,15.003435901351454,113111,0,0,0,49,UTAH
3115,490899,68.0,284.2014707864274,4.179433393918051,438.0,6.0,206.0,226.0,449.0046067560833,6.0,0.0,121.0,85.0,5.0,45.0,20.0,156.0,1.0023161551823971,0.0,0.0,10.00229060090097,113111,0,0,0,49,UTAH
3120,490904,32.0,132.13795320697363,4.129311037717926,0.0,0.0,0.0,0.0,8.008093765997677,0.0,0.0,0.0,0.0,0.0,0.0,0.0,0.0,3.0069484655471914,0.0,0.0,5.001145300450485,113111,0,0,0,49,UTAH
3126,490910,57.0,276.86047338604,4.8572012874743855,1.0,0.0,0.0,1.0,10.004148635903173,0.0,0.0,0.0,0.0,0.0,1.0,0.0,0.0,1.0023161551823971,0.0,0.0,8.001832480720775,113111,0,0,0,49,UTAH
3125,490909,62.0,225.47349158332804,3.636669219085936,3.0,1.0,0.0,2.0,14.006693851175667,1.0,0.0,0.0,0.0,0.0,0.0,1.0,1.0,2.0046323103647943,0.0,0.0,9.002061540810873,113111,0,0,0,49,UTAH
3181,490965,7.0,31.46141743023182,4.494488204318832,0.0,0.0,0.0,0.0,2.002545215272494,0.0,0.0,0.0,0.0,0.0,0.0,0.0,0.0,1.0023161551823971,0.0,0.0,1.000229060090097,91005,0,0,0,49,UTAH
2715,490499,7.0,19.925564372480157,2.846509196068593,1294.0,0.0,211.0,1083.0,1377.9998605636224,0.0,0.0,60.0,151.0,1040.0,0.0,0.0,43.0,1.0023161551823971,0.0,81.99731534834993,1.000229060090097,67267,0,0,0,49,UTAH
2701,490485,0.0,0.0,0.0,1566.0,1110.0,4.0,452.0,1566.0,890.0,220.0,4.0,0.0,41.0,119.0,70.0,222.0,0.0,0.0,0.0,0.0,36579,0,0,0,49,UTAH
2633,490417,89.0,277.90918730038106,3.1225751382065288,1193.0,659.0,18.0,516.0,1206.0029777811712,484.0,175.0,13.0,5.0,49.0,76.0,3.0,388.0,0.0,0.0,0.0,13.00297778117126,100955,0,0,0,49,UTAH
2879,490663,0.0,0.0,0.0,585.0,137.0,265.0,183.0,585.0,137.0,0.0,114.0,151.0,38.0,67.0,0.0,78.0,0.0,0.0,0.0,0.0,76529,0,0,194,49,UTAH
3020,490804,0.0,0.0,0.0,1409.0,795.0,25.0,589.0,1409.0,547.0,248.0,19.0,6.0,124.0,128.0,21.0,316.0,0.0,0.0,0.0,0.0,56681,0,0,0,49,UTAH
2797,490581,0.0,0.0,0.0,1428.0,190.0,691.0,547.0,1428.9999672603458,172.0,18.0,292.0,399.0,262.0,87.0,0.0,198.0,0.0,0.0,0.9999672603457308,0.0,76529,0,0,0,49,UTAH
3048,490832,38.0,106.9688192627882,2.8149689279681103,0.0,0.0,0.0,0.0,8.008093765997677,0.0,0.0,0.0,0.0,0.0,0.0,0.0,0.0,3.0069484655471914,0.0,0.0,5.001145300450485,51304,0,0,0,49,UTAH
3050,490834,0.0,0.0,0.0,0.0,0.0,0.0,0.0,5.011580775911986,0.0,0.0,0.0,0.0,0.0,0.0,0.0,0.0,5.011580775911986,0.0,0.0,0.0,51304,0,0,0,49,UTAH
3244,491028,11.0,37.75370091627818,3.432154628752562,0.0,0.0,0.0,0.0,6.009722740909782,0.0,0.0,0.0,0.0,0.0,0.0,0.0,0.0,4.009264620729589,0.0,0.0,2.000458120180194,51304,0,0,0,49,UTAH
3250,491034,17.0,47.19212614534773,2.7760074203145724,4.0,1.0,2.0,1.0,9.007406585727384,1.0,0.0,0.0,2.0,0.0,0.0,0.0,1.0,3.0069484655471914,0.0,0.0,2.000458120180194,51304,0,0,0,49,UTAH
3245,491029,7.0,17.82813654379803,2.5468766491140045,0.0,0.0,0.0,0.0,7.01412599118448,0.0,0.0,0.0,0.0,0.0,0.0,0.0,0.0,6.013896931094383,0.0,0.0,1.000229060090097,51304,0,0,0,49,UTAH
3259,491043,4.0,11.535853057751668,2.883963264437917,0.0,0.0,0.0,0.0,5.009493680819686,0.0,0.0,0.0,0.0,0.0,0.0,0.0,0.0,4.009264620729589,0.0,0.0,1.000229060090097,76841,0,0,0,49,UTAH
3264,491048,8.0,29.363989601549697,3.670498700193712,0.0,0.0,0.0,0.0,5.009493680819686,0.0,0.0,0.0,0.0,0.0,0.0,0.0,0.0,4.009264620729589,0.0,0.0,1.000229060090097,76841,0,0,0,49,UTAH
3258,491042,11.0,30.41270351589076,2.7647912287173417,0.0,0.0,0.0,0.0,6.009722740909782,0.0,0.0,0.0,0.0,0.0,0.0,0.0,0.0,4.009264620729589,0.0,0.0,2.000458120180194,76841,0,0,0,49,UTAH
3249,491033,14.0,40.89984265930136,2.9214173328072404,0.0,0.0,0.0,0.0,5.007406585727385,0.0,0.0,0.0,0.0,0.0,0.0,0.0,0.0,3.0069484655471914,0.0,0.0,2.000458120180194,51304,0,0,0,49,UTAH
3256,491040,11.0,30.41270351589076,2.7647912287173417,0.0,0.0,0.0,0.0,5.007406585727385,0.0,0.0,0.0,0.0,0.0,0.0,0.0,0.0,3.0069484655471914,0.0,0.0,2.000458120180194,76841,0,0,0,49,UTAH
3257,491041,6.0,20.97427828682121,3.495713047803536,0.0,0.0,0.0,0.0,5.009493680819686,0.0,0.0,0.0,0.0,0.0,0.0,0.0,0.0,4.009264620729589,0.0,0.0,1.000229060090097,76841,0,0,0,49,UTAH
3253,491037,0.0,0.0,0.0,0.0,0.0,0.0,0.0,5.011580775911986,0.0,0.0,0.0,0.0,0.0,0.0,0.0,0.0,5.011580775911986,0.0,0.0,0.0,76841,0,0,0,49,UTAH
3255,491039,7.0,19.925564372480157,2.846509196068593,0.0,0.0,0.0,0.0,5.009493680819686,0.0,0.0,0.0,0.0,0.0,0.0,0.0,0.0,4.009264620729589,0.0,0.0,1.000229060090097,76841,0,0,0,49,UTAH
3243,491027,11.0,27.266561772867576,2.4787783429879613,0.0,0.0,0.0,0.0,7.01203889609218,0.0,0.0,0.0,0.0,0.0,0.0,0.0,0.0,5.011580775911986,0.0,0.0,2.000458120180194,51304,0,0,0,49,UTAH
3242,491026,6.0,15.73070871511591,2.621784785852652,0.0,0.0,0.0,0.0,7.01412599118448,0.0,0.0,0.0,0.0,0.0,0.0,0.0,0.0,6.013896931094383,0.0,0.0,1.000229060090097,51304,0,0,0,49,UTAH
3241,491025,10.0,25.16913394418545,2.5169133944185456,0.0,0.0,0.0,0.0,5.009493680819686,0.0,0.0,0.0,0.0,0.0,0.0,0.0,0.0,4.009264620729589,0.0,0.0,1.000229060090097,51304,0,0,0,49,UTAH
3239,491023,5.0,12.584566972092729,2.5169133944185456,0.0,0.0,0.0,0.0,4.007177525637289,0.0,0.0,0.0,0.0,0.0,0.0,0.0,0.0,3.0069484655471914,0.0,0.0,1.000229060090097,51304,0,0,0,49,UTAH
3267,491051,16.0,40.89984265930136,2.556240166206335,0.0,0.0,0.0,0.0,4.005090430544988,0.0,0.0,0.0,0.0,0.0,0.0,0.0,0.0,2.0046323103647943,0.0,0.0,2.000458120180194,51304,0,0,0,49,UTAH
3270,491054,14.0,33.55884525891394,2.39706037563671,0.0,0.0,0.0,0.0,6.009722740909782,0.0,0.0,0.0,0.0,0.0,0.0,0.0,0.0,4.009264620729589,0.0,0.0,2.000458120180194,51304,0,0,0,49,UTAH
3266,491050,11.0,26.217847858526515,2.3834407144115013,0.0,0.0,0.0,0.0,6.009722740909782,0.0,0.0,0.0,0.0,0.0,0.0,0.0,0.0,4.009264620729589,0.0,0.0,2.000458120180194,51304,0,0,0,49,UTAH
3275,491059,14.0,49.28955397402985,3.520682426716418,47.0,0.0,6.0,41.0,52.00740658572738,0.0,0.0,6.0,0.0,0.0,38.0,2.0,1.0,3.0069484655471914,0.0,0.0,2.000458120180194,76841,0,0,0,49,UTAH
3282,491066,19.0,39.85112874496031,2.0974278286821213,3.0,0.0,1.0,2.0,10.009951800999879,0.0,0.0,1.0,0.0,0.0,0.0,0.0,2.0,4.009264620729589,0.0,0.0,3.000687180270291,76841,0,0,0,49,UTAH
3276,491060,8.0,26.217847858526515,3.2772309823158143,0.0,0.0,0.0,0.0,5.009493680819686,0.0,0.0,0.0,0.0,0.0,0.0,0.0,0.0,4.009264620729589,0.0,0.0,1.000229060090097,76841,0,0,0,49,UTAH
3277,491061,4.0,11.535853057751668,2.883963264437917,0.0,0.0,0.0,0.0,5.009493680819686,0.0,0.0,0.0,0.0,0.0,0.0,0.0,0.0,4.009264620729589,0.0,0.0,1.000229060090097,76841,0,0,0,49,UTAH
3278,491062,2.0,3.0,1.5,0.0,0.0,0.0,0.0,5.011580775911986,0.0,0.0,0.0,0.0,0.0,0.0,0.0,0.0,5.011580775911986,0.0,0.0,0.0,76841,0,0,0,49,UTAH
3280,491064,9.0,22.022992201162275,2.4469991334624748,0.0,0.0,0.0,0.0,6.011809836002083,0.0,0.0,0.0,0.0,0.0,0.0,0.0,0.0,5.011580775911986,0.0,0.0,1.000229060090097,76841,0,0,0,49,UTAH
3287,491071,11.0,31.46141743023182,2.8601288572938017,0.0,0.0,0.0,0.0,8.014355051274578,0.0,0.0,0.0,0.0,0.0,0.0,0.0,0.0,6.013896931094383,0.0,0.0,2.000458120180194,75589,0,0,0,49,UTAH
3304,491088,3.0,6.2922834860463634,2.0974278286821213,0.0,0.0,0.0,0.0,5.011580775911986,0.0,0.0,0.0,0.0,0.0,0.0,0.0,0.0,5.011580775911986,0.0,0.0,0.0,75589,0,0,0,49,UTAH
3303,491087,7.0,19.925564372480157,2.846509196068593,0.0,0.0,0.0,0.0,5.009493680819686,0.0,0.0,0.0,0.0,0.0,0.0,0.0,0.0,4.009264620729589,0.0,0.0,1.000229060090097,75589,0,0,0,49,UTAH
3302,491086,15.0,56.63055137441727,3.7753700916278174,0.0,0.0,0.0,0.0,4.005090430544988,0.0,0.0,0.0,0.0,0.0,0.0,0.0,0.0,2.0046323103647943,0.0,0.0,2.000458120180194,75589,0,0,0,49,UTAH
3299,491083,6.0,19.925564372480157,3.3209273954133587,0.0,0.0,0.0,0.0,5.009493680819686,0.0,0.0,0.0,0.0,0.0,0.0,0.0,0.0,4.009264620729589,0.0,0.0,1.000229060090097,75589,0,0,0,49,UTAH
3300,491084,4.0,7.340997400387424,1.835249350096856,0.0,0.0,0.0,0.0,5.009493680819686,0.0,0.0,0.0,0.0,0.0,0.0,0.0,0.0,4.009264620729589,0.0,0.0,1.000229060090097,75589,0,0,0,49,UTAH
3293,491077,3.0,19.925564372480157,6.641854790826717,0.0,0.0,0.0,0.0,4.009264620729589,0.0,0.0,0.0,0.0,0.0,0.0,0.0,0.0,4.009264620729589,0.0,0.0,0.0,75589,0,0,0,49,UTAH
3296,491080,3.0,6.2922834860463634,2.0974278286821213,0.0,0.0,0.0,0.0,4.009264620729589,0.0,0.0,0.0,0.0,0.0,0.0,0.0,0.0,4.009264620729589,0.0,0.0,0.0,75589,0,0,0,49,UTAH
3295,491079,12.0,34.607559173255,2.8839632644379165,0.0,0.0,0.0,0.0,5.007406585727385,0.0,0.0,0.0,0.0,0.0,0.0,0.0,0.0,3.0069484655471914,0.0,0.0,2.000458120180194,75589,0,0,0,49,UTAH
3298,491082,5.0,24.1204200298444,4.82408400596888,0.0,0.0,0.0,0.0,4.007177525637289,0.0,0.0,0.0,0.0,0.0,0.0,0.0,0.0,3.0069484655471914,0.0,0.0,1.000229060090097,75589,0,0,0,49,UTAH
3313,491097,39.0,126.89438363526834,3.25370214449406,0.0,0.0,0.0,0.0,143.00863350208905,0.0,0.0,0.0,0.0,0.0,0.0,0.0,0.0,5.011580775911986,0.0,131.99567836563648,6.001374360540582,75589,0,0,0,49,UTAH
3312,491096,7.0,20.97427828682121,2.996325469545888,0.0,0.0,0.0,0.0,5.009493680819686,0.0,0.0,0.0,0.0,0.0,0.0,0.0,0.0,4.009264620729589,0.0,0.0,1.000229060090097,75589,0,0,0,49,UTAH
3330,491114,78.0,267.42204815697045,3.4284877968842364,0.0,0.0,0.0,0.0,16.01410043690305,0.0,0.0,0.0,0.0,0.0,0.0,0.0,0.0,5.011580775911986,0.0,0.0,11.002519660991066,31028,0,0,0,49,UTAH
3390,491174,0.0,0.0,0.0,0.0,0.0,0.0,0.0,3.0069484655471914,0.0,0.0,0.0,0.0,0.0,0.0,0.0,0.0,3.0069484655471914,0.0,0.0,0.0,105921,0,0,0,49,UTAH
3393,491177,15.0,41.94855657364243,2.7965704382428287,2.0,1.0,0.0,1.0,6.005090430544988,1.0,0.0,0.0,0.0,0.0,0.0,0.0,1.0,2.0046323103647943,0.0,0.0,2.000458120180194,80628,0,0,0,49,UTAH
3396,491180,27.0,100.67653577674182,3.728760584323771,7.0,5.0,2.0,0.0,15.010180861089976,5.0,0.0,0.0,2.0,0.0,0.0,0.0,0.0,4.009264620729589,0.0,0.0,4.000916240360388,30043,0,0,0,49,UTAH
3397,491181,21.0,60.82540703178152,2.896447953894358,0.0,0.0,0.0,0.0,103.0021110045167,0.0,0.0,0.0,0.0,0.0,0.0,0.0,0.0,2.0046323103647943,0.0,97.99679151388162,3.000687180270291,89915,0,0,0,49,UTAH
3398,491182,19.0,69.21511834651,3.642900965605789,0.0,0.0,0.0,0.0,7.009951800999879,0.0,0.0,0.0,0.0,0.0,0.0,0.0,0.0,4.009264620729589,0.0,0.0,3.000687180270291,89915,0,0,0,49,UTAH
3423,491207,80.0,310.41931864495393,3.880241483061924,0.0,0.0,0.0,0.0,13.00715197135586,0.0,0.0,0.0,0.0,0.0,0.0,0.0,0.0,2.0046323103647943,0.0,0.0,11.002519660991066,89700,0,0,0,49,UTAH
3392,491176,0.0,0.0,0.0,0.0,0.0,0.0,0.0,6.013896931094383,0.0,0.0,0.0,0.0,0.0,0.0,0.0,0.0,6.013896931094383,0.0,0.0,0.0,30043,0,0,0,49,UTAH
3391,491175,9.0,36.70498700193712,4.078331889104124,0.0,0.0,0.0,0.0,110.01310270163141,0.0,0.0,0.0,0.0,0.0,0.0,0.0,0.0,7.01621308627678,0.0,101.99666055526454,1.000229060090097,105921,0,0,0,49,UTAH
3327,491111,0.0,0.0,0.0,0.0,0.0,0.0,0.0,5.011580775911986,0.0,0.0,0.0,0.0,0.0,0.0,0.0,0.0,5.011580775911986,0.0,0.0,0.0,30043,0,0,0,49,UTAH
3283,491067,15.0,56.63055137441727,3.7753700916278174,2.0,0.0,2.0,0.0,6.005090430544988,0.0,0.0,0.0,2.0,0.0,0.0,0.0,0.0,2.0046323103647943,0.0,0.0,2.000458120180194,75589,0,0,0,49,UTAH
3284,491068,25.0,114.3098166631756,4.5723926665270245,0.0,0.0,0.0,0.0,7.007864705907579,0.0,0.0,0.0,0.0,0.0,0.0,0.0,0.0,3.0069484655471914,0.0,0.0,4.000916240360388,75589,0,0,0,49,UTAH
3286,491070,13.0,52.43569571705303,4.033515055157926,0.0,0.0,0.0,0.0,4.005090430544988,0.0,0.0,0.0,0.0,0.0,0.0,0.0,0.0,2.0046323103647943,0.0,0.0,2.000458120180194,75589,0,0,0,49,UTAH
3274,491058,22.0,82.84839923294379,3.765836328770172,2.0,0.0,1.0,1.0,8.007635645817482,0.0,0.0,0.0,1.0,0.0,0.0,1.0,0.0,3.0069484655471914,0.0,0.0,3.000687180270291,75589,0,0,0,49,UTAH
3273,491057,7.0,30.41270351589076,4.344671930841537,0.0,0.0,0.0,0.0,6.011809836002083,0.0,0.0,0.0,0.0,0.0,0.0,0.0,0.0,5.011580775911986,0.0,0.0,1.000229060090097,75589,0,0,0,49,UTAH
3157,490941,15.0,48.24084005968879,3.216056003979253,0.0,0.0,0.0,0.0,4.005090430544988,0.0,0.0,0.0,0.0,0.0,0.0,0.0,0.0,2.0046323103647943,0.0,0.0,2.000458120180194,51304,0,0,0,49,UTAH
2727,490511,28.0,101.72524969108288,3.6330446318243887,2.0,0.0,1.0,1.0,7.003232395542785,0.0,0.0,0.0,1.0,0.0,0.0,0.0,1.0,1.0023161551823971,0.0,0.0,4.000916240360388,83312,0,0,0,49,UTAH
2772,490556,259.0,877.7735463034678,3.3890870513647404,94.0,10.0,66.0,18.0,143.0127801371557,10.0,0.0,1.0,65.0,4.0,1.0,0.0,13.0,2.0046323103647943,0.0,9.999672603457308,37.00847522333358,60581,0,0,0,49,UTAH
2777,490561,25.0,109.0662470914703,4.362649883658812,679.0,86.0,417.0,176.0,683.0009162403604,86.0,0.0,368.0,49.0,7.0,20.0,0.0,149.0,0.0,0.0,0.0,4.000916240360388,65221,0,0,0,49,UTAH
2774,490558,90.0,330.3448830174341,3.670498700193712,644.0,76.0,2.0,566.0,657.0029777811712,76.0,0.0,0.0,2.0,461.0,13.0,0.0,92.0,0.0,0.0,0.0,13.00297778117126,60581,0,0,0,49,UTAH
3334,491118,170.0,465.62897796743096,2.7389939880437115,0.0,0.0,0.0,0.0,158.00815701300024,0.0,0.0,0.0,0.0,0.0,0.0,0.0,0.0,3.0069484655471914,0.0,130.99571110529072,24.005497442162326,75589,0,0,0,49,UTAH
3381,491165,0.0,0.0,0.0,0.0,0.0,0.0,0.0,3.0069484655471914,0.0,0.0,0.0,0.0,0.0,0.0,0.0,0.0,3.0069484655471914,0.0,0.0,0.0,105921,0,0,0,49,UTAH
3220,491004,0.0,0.0,0.0,0.0,0.0,0.0,0.0,3.0069484655471914,0.0,0.0,0.0,0.0,0.0,0.0,0.0,0.0,3.0069484655471914,0.0,0.0,0.0,69330,0,0,0,49,UTAH
3216,491000,2.0,4.194855657364243,2.0974278286821213,0.0,0.0,0.0,0.0,3.0069484655471914,0.0,0.0,0.0,0.0,0.0,0.0,0.0,0.0,3.0069484655471914,0.0,0.0,0.0,69330,0,0,0,49,UTAH
3218,491002,11.0,46.14341223100667,4.194855657364243,0.0,0.0,0.0,0.0,61.00087537541498,0.0,0.0,0.0,0.0,0.0,0.0,0.0,0.0,1.0023161551823971,0.0,57.99810110005239,2.000458120180194,69330,0,0,0,49,UTAH
3224,491008,17.0,49.28955397402985,2.899385527884109,0.0,0.0,0.0,0.0,23.004468377113874,0.0,0.0,0.0,0.0,0.0,0.0,0.0,0.0,2.0046323103647943,0.0,18.999377946568885,2.000458120180194,69330,0,0,0,49,UTAH
3263,491047,11.0,24.1204200298444,2.1927654572585813,0.0,0.0,0.0,0.0,5.007406585727385,0.0,0.0,0.0,0.0,0.0,0.0,0.0,0.0,3.0069484655471914,0.0,0.0,2.000458120180194,76841,0,0,0,49,UTAH
3260,491044,3.0,7.340997400387424,2.4469991334624748,0.0,0.0,0.0,0.0,4.009264620729589,0.0,0.0,0.0,0.0,0.0,0.0,0.0,0.0,4.009264620729589,0.0,0.0,0.0,76841,0,0,0,49,UTAH
3261,491045,12.0,37.75370091627818,3.146141743023182,0.0,0.0,0.0,0.0,5.007406585727385,0.0,0.0,0.0,0.0,0.0,0.0,0.0,0.0,3.0069484655471914,0.0,0.0,2.000458120180194,76841,0,0,0,49,UTAH
3252,491036,5.0,9.438425229069546,1.8876850458139087,0.0,0.0,0.0,0.0,8.016442146366877,0.0,0.0,0.0,0.0,0.0,0.0,0.0,0.0,7.01621308627678,0.0,0.0,1.000229060090097,76841,0,0,0,49,UTAH
3317,491101,8.0,27.266561772867576,3.408320221608447,0.0,0.0,0.0,0.0,6.011809836002083,0.0,0.0,0.0,0.0,0.0,0.0,0.0,0.0,5.011580775911986,0.0,0.0,1.000229060090097,56564,0,0,0,49,UTAH
3234,491018,7.0,17.82813654379803,2.5468766491140045,0.0,0.0,0.0,0.0,6.011809836002083,0.0,0.0,0.0,0.0,0.0,0.0,0.0,0.0,5.011580775911986,0.0,0.0,1.000229060090097,51304,0,0,0,49,UTAH
2950,490734,2.0,8.389711314728485,4.194855657364243,22.0,7.0,7.0,8.0,24.004632310364794,7.0,0.0,0.0,7.0,0.0,0.0,0.0,8.0,2.0046323103647943,0.0,0.0,0.0,58209,0,0,0,49,UTAH
2917,490701,65.0,220.22992201162276,3.388152646332657,0.0,0.0,0.0,0.0,10.00437769599327,0.0,0.0,0.0,0.0,0.0,0.0,0.0,0.0,1.0023161551823971,0.0,0.0,9.002061540810873,65974,0,0,0,49,UTAH
2987,490771,512.0,1654.8705568301937,3.232169056308972,9.0,0.0,0.0,9.0,82.01672138657707,0.0,0.0,0.0,0.0,0.0,1.0,0.0,8.0,0.0,0.0,0.0,73.01672138657707,24407,0,0,0,49,UTAH
2991,490775,553.0,1836.298064011197,3.320611327325853,0.0,0.0,0.0,0.0,79.01809574711766,0.0,0.0,0.0,0.0,0.0,0.0,0.0,0.0,0.0,0.0,0.0,79.01809574711766,23848,0,0,0,49,UTAH
2965,490749,139.0,448.849555337974,3.2291334916401007,164.0,15.0,146.0,3.0,184.00458120180195,15.0,0.0,140.0,6.0,0.0,0.0,0.0,3.0,0.0,0.0,0.0,20.00458120180194,48606,0,0,0,49,UTAH
3012,490796,115.0,311.468032559295,2.7084176744286523,53.0,4.0,40.0,9.0,69.00366496144156,4.0,0.0,23.0,17.0,1.0,1.0,1.0,6.0,0.0,0.0,0.0,16.00366496144155,31799,0,0,0,49,UTAH
2921,490705,116.0,348.17301956123214,3.001491547941656,619.0,1.0,48.0,570.0,636.0038940215317,1.0,0.0,28.0,20.0,416.0,106.0,23.0,25.0,0.0,0.0,0.0,17.003894021531647,45835,0,0,0,49,UTAH
2922,490706,281.0,876.7248323891267,3.12001719711433,27.0,1.0,14.0,12.0,67.00916240360388,1.0,0.0,2.0,12.0,4.0,0.0,0.0,8.0,0.0,0.0,0.0,40.00916240360388,64980,0,0,0,49,UTAH
2883,490667,118.0,398.5112874496031,3.377214300420365,38.0,0.0,0.0,38.0,56.00621017671405,0.0,0.0,0.0,0.0,2.0,0.0,35.0,1.0,1.0023161551823971,0.0,0.0,17.003894021531647,63356,0,0,0,49,UTAH
2881,490665,142.0,463.5315501387488,3.264306691117949,86.0,17.0,6.0,63.0,106.00458120180194,17.0,0.0,6.0,0.0,1.0,6.0,31.0,25.0,0.0,0.0,0.0,20.00458120180194,76529,0,0,0,49,UTAH
2798,490582,5.0,8.389711314728485,1.677942262945697,465.0,15.0,51.0,399.0,467.00254521527245,15.0,0.0,48.0,3.0,6.0,132.0,111.0,150.0,1.0023161551823971,0.0,0.0,1.000229060090097,76529,1104,0,0,49,UTAH
2867,490651,610.0,1928.5848884732104,3.1616145712675583,746.0,447.0,0.0,299.0,833.0199282278385,400.0,47.0,0.0,0.0,123.0,27.0,28.0,121.0,0.0,0.0,0.0,87.01992822783843,52442,0,0,0,49,UTAH
2849,490633,97.0,302.0296073302255,3.11370729206418,11.0,0.0,5.0,6.0,25.003206841261356,0.0,0.0,0.0,5.0,0.0,0.0,1.0,5.0,0.0,0.0,0.0,14.003206841261356,50017,0,0,0,49,UTAH
2287,490071,0.0,0.0,0.0,0.0,0.0,0.0,0.0,5.011580775911986,0.0,0.0,0.0,0.0,0.0,0.0,0.0,0.0,5.011580775911986,0.0,0.0,0.0,81720,0,0,0,49,UTAH
2288,490072,0.0,0.0,0.0,0.0,0.0,0.0,0.0,6.013896931094383,0.0,0.0,0.0,0.0,0.0,0.0,0.0,0.0,6.013896931094383,0.0,0.0,0.0,81720,0,0,0,49,UTAH
2315,490099,0.0,0.0,0.0,0.0,0.0,0.0,0.0,3.0069484655471914,0.0,0.0,0.0,0.0,0.0,0.0,0.0,0.0,3.0069484655471914,0.0,0.0,0.0,81720,0,0,0,49,UTAH
2289,490073,0.0,0.0,0.0,0.0,0.0,0.0,0.0,5.011580775911986,0.0,0.0,0.0,0.0,0.0,0.0,0.0,0.0,5.011580775911986,0.0,0.0,0.0,81720,0,0,0,49,UTAH
2311,490095,0.0,0.0,0.0,0.0,0.0,0.0,0.0,3.0069484655471914,0.0,0.0,0.0,0.0,0.0,0.0,0.0,0.0,3.0069484655471914,0.0,0.0,0.0,81720,0,0,0,49,UTAH
2231,490015,0.0,0.0,0.0,0.0,0.0,0.0,0.0,3.0069484655471914,0.0,0.0,0.0,0.0,0.0,0.0,0.0,0.0,3.0069484655471914,0.0,0.0,0.0,81720,0,0,0,49,UTAH
2302,490086,0.0,0.0,0.0,0.0,0.0,0.0,0.0,6.013896931094383,0.0,0.0,0.0,0.0,0.0,0.0,0.0,0.0,6.013896931094383,0.0,0.0,0.0,66402,0,0,0,49,UTAH
2335,490119,0.0,0.0,0.0,0.0,0.0,0.0,0.0,1.0023161551823971,0.0,0.0,0.0,0.0,0.0,0.0,0.0,0.0,1.0023161551823971,0.0,0.0,0.0,66402,0,0,0,49,UTAH
2307,490091,0.0,0.0,0.0,49.0,1.0,15.0,33.0,50.0023161551824,0.0,1.0,0.0,15.0,0.0,30.0,0.0,3.0,1.0023161551823971,0.0,0.0,0.0,66402,0,0,0,49,UTAH
2306,490090,0.0,0.0,0.0,0.0,0.0,0.0,0.0,4.009264620729589,0.0,0.0,0.0,0.0,0.0,0.0,0.0,0.0,4.009264620729589,0.0,0.0,0.0,66402,0,0,0,49,UTAH
2303,490087,2.0,3.0,1.5,0.0,0.0,0.0,0.0,51.00067917246894,0.0,0.0,0.0,0.0,0.0,0.0,0.0,0.0,1.0023161551823971,0.0,49.99836301728654,0.0,66402,0,0,0,49,UTAH
2339,490123,0.0,0.0,0.0,0.0,0.0,0.0,0.0,1.0023161551823971,0.0,0.0,0.0,0.0,0.0,0.0,0.0,0.0,1.0023161551823971,0.0,0.0,0.0,66402,0,0,0,49,UTAH
2341,490125,1.0,2.0974278286821213,2.0974278286821213,0.0,0.0,0.0,0.0,9.00440313278491,0.0,0.0,0.0,0.0,0.0,0.0,0.0,0.0,2.0046323103647943,0.0,6.999770822420116,0.0,66402,0,0,0,49,UTAH
2337,490121,4.0,7.340997400387424,1.835249350096856,0.0,0.0,0.0,0.0,66.00279877223592,0.0,0.0,0.0,0.0,0.0,0.0,0.0,0.0,2.0046323103647943,0.0,62.99793740178104,1.000229060090097,66402,0,0,0,49,UTAH
2304,490088,1.0,2.0974278286821213,2.0974278286821213,0.0,0.0,0.0,0.0,4.009264620729589,0.0,0.0,0.0,0.0,0.0,0.0,0.0,0.0,4.009264620729589,0.0,0.0,0.0,81720,0,0,0,49,UTAH
2309,490093,22.0,72.36126008953319,3.289148185887872,0.0,0.0,0.0,0.0,78.99819896654583,0.0,0.0,0.0,0.0,0.0,0.0,0.0,0.0,0.0,0.0,75.99751178627554,3.000687180270291,66402,0,0,0,49,UTAH
2305,490089,1.0,3.1461417430231817,3.1461417430231817,0.0,0.0,0.0,0.0,3.0069484655471914,0.0,0.0,0.0,0.0,0.0,0.0,0.0,0.0,3.0069484655471914,0.0,0.0,0.0,66402,0,0,0,49,UTAH
2297,490081,0.0,0.0,0.0,0.0,0.0,0.0,0.0,5.011580775911986,0.0,0.0,0.0,0.0,0.0,0.0,0.0,0.0,5.011580775911986,0.0,0.0,0.0,66402,0,0,0,49,UTAH
2299,490083,0.0,0.0,0.0,0.0,0.0,0.0,0.0,4.009264620729589,0.0,0.0,0.0,0.0,0.0,0.0,0.0,0.0,4.009264620729589,0.0,0.0,0.0,66402,0,0,0,49,UTAH
2296,490080,0.0,0.0,0.0,0.0,0.0,0.0,0.0,5.011580775911986,0.0,0.0,0.0,0.0,0.0,0.0,0.0,0.0,5.011580775911986,0.0,0.0,0.0,66402,0,0,0,49,UTAH
2226,490010,0.0,0.0,0.0,0.0,0.0,0.0,0.0,0.0,0.0,0.0,0.0,0.0,0.0,0.0,0.0,0.0,0.0,0.0,0.0,0.0,81720,0,0,0,49,UTAH
2229,490013,0.0,0.0,0.0,0.0,0.0,0.0,0.0,0.0,0.0,0.0,0.0,0.0,0.0,0.0,0.0,0.0,0.0,0.0,0.0,0.0,81720,0,0,0,49,UTAH
2321,490105,0.0,0.0,0.0,0.0,0.0,0.0,0.0,3.0069484655471914,0.0,0.0,0.0,0.0,0.0,0.0,0.0,0.0,3.0069484655471914,0.0,0.0,0.0,81720,0,0,0,49,UTAH
2359,490143,0.0,0.0,0.0,0.0,0.0,0.0,0.0,4.009264620729589,0.0,0.0,0.0,0.0,0.0,0.0,0.0,0.0,4.009264620729589,0.0,0.0,0.0,81720,0,0,0,49,UTAH
2352,490136,0.0,0.0,0.0,0.0,0.0,0.0,0.0,5.011580775911986,0.0,0.0,0.0,0.0,0.0,0.0,0.0,0.0,5.011580775911986,0.0,0.0,0.0,81720,0,0,0,49,UTAH
2402,490186,0.0,0.0,0.0,0.0,0.0,0.0,0.0,1.0023161551823971,0.0,0.0,0.0,0.0,0.0,0.0,0.0,0.0,1.0023161551823971,0.0,0.0,0.0,81720,0,0,0,49,UTAH
2366,490150,10.0,26.217847858526515,2.6217847858526517,0.0,0.0,0.0,0.0,66.00514766707259,0.0,0.0,0.0,0.0,0.0,0.0,0.0,0.0,3.0069484655471914,0.0,61.99797014143531,1.000229060090097,62109,0,0,0,49,UTAH
2368,490152,2.0,6.2922834860463634,3.1461417430231817,2.0,0.0,2.0,0.0,144.00239765360377,0.0,0.0,0.0,2.0,0.0,0.0,0.0,0.0,3.0069484655471914,0.0,138.99544918805657,0.0,74211,0,0,0,49,UTAH
2396,490180,3.0,5.243569571705304,1.7478565239017678,0.0,0.0,0.0,0.0,86.00657996907952,0.0,0.0,0.0,0.0,0.0,0.0,0.0,0.0,4.009264620729589,0.0,81.99731534834993,0.0,79647,0,0,0,49,UTAH
2398,490182,0.0,0.0,0.0,0.0,0.0,0.0,0.0,2.0046323103647943,0.0,0.0,0.0,0.0,0.0,0.0,0.0,0.0,2.0046323103647943,0.0,0.0,0.0,79647,0,0,0,49,UTAH
2401,490185,14.0,48.24084005968879,3.445774289977771,10.0,3.0,3.0,4.0,16.009722740909783,3.0,0.0,0.0,3.0,0.0,1.0,0.0,3.0,4.009264620729589,0.0,0.0,2.000458120180194,79647,0,0,0,49,UTAH
2400,490184,0.0,0.0,0.0,0.0,0.0,0.0,0.0,2.0046323103647943,0.0,0.0,0.0,0.0,0.0,0.0,0.0,0.0,2.0046323103647943,0.0,0.0,0.0,81720,0,0,0,49,UTAH
2381,490165,0.0,0.0,0.0,0.0,0.0,0.0,0.0,4.009264620729589,0.0,0.0,0.0,0.0,0.0,0.0,0.0,0.0,4.009264620729589,0.0,0.0,0.0,81720,0,0,0,49,UTAH
2388,490172,0.0,0.0,0.0,0.0,0.0,0.0,0.0,5.011580775911986,0.0,0.0,0.0,0.0,0.0,0.0,0.0,0.0,5.011580775911986,0.0,0.0,0.0,81720,0,0,0,49,UTAH
2389,490173,0.0,0.0,0.0,0.0,0.0,0.0,0.0,2.0046323103647943,0.0,0.0,0.0,0.0,0.0,0.0,0.0,0.0,2.0046323103647943,0.0,0.0,0.0,81720,0,0,0,49,UTAH
2380,490164,0.0,0.0,0.0,0.0,0.0,0.0,0.0,2.0046323103647943,0.0,0.0,0.0,0.0,0.0,0.0,0.0,0.0,2.0046323103647943,0.0,0.0,0.0,81720,0,0,0,49,UTAH
2343,490127,0.0,0.0,0.0,0.0,0.0,0.0,0.0,5.011580775911986,0.0,0.0,0.0,0.0,0.0,0.0,0.0,0.0,5.011580775911986,0.0,0.0,0.0,81720,0,0,0,49,UTAH
2324,490108,0.0,0.0,0.0,0.0,0.0,0.0,0.0,2.0046323103647943,0.0,0.0,0.0,0.0,0.0,0.0,0.0,0.0,2.0046323103647943,0.0,0.0,0.0,81720,0,0,0,49,UTAH
2318,490102,0.0,0.0,0.0,0.0,0.0,0.0,0.0,1.0023161551823971,0.0,0.0,0.0,0.0,0.0,0.0,0.0,0.0,1.0023161551823971,0.0,0.0,0.0,66402,0,0,0,49,UTAH
2319,490103,79.0,313.5654603879771,3.969183042885786,0.0,0.0,0.0,0.0,13.00715197135586,0.0,0.0,0.0,0.0,0.0,0.0,0.0,0.0,2.0046323103647943,0.0,0.0,11.002519660991066,66402,0,0,0,49,UTAH
2328,490112,0.0,0.0,0.0,1.0,0.0,1.0,0.0,3.0046323103647943,0.0,0.0,0.0,1.0,0.0,0.0,0.0,0.0,2.0046323103647943,0.0,0.0,0.0,66402,0,0,0,49,UTAH
2327,490111,0.0,0.0,0.0,1.0,0.0,0.0,1.0,5.009264620729589,0.0,0.0,0.0,0.0,0.0,0.0,0.0,1.0,4.009264620729589,0.0,0.0,0.0,66402,0,0,0,49,UTAH
2282,490066,31.0,68.16640443216895,2.19891627200545,0.0,0.0,0.0,0.0,109.00687415600878,0.0,0.0,0.0,0.0,0.0,0.0,0.0,0.0,4.009264620729589,0.0,100.99669329491881,4.000916240360388,81720,0,0,0,49,UTAH
2249,490033,0.0,0.0,0.0,0.0,0.0,0.0,0.0,4.009264620729589,0.0,0.0,0.0,0.0,0.0,0.0,0.0,0.0,4.009264620729589,0.0,0.0,0.0,81720,0,0,0,49,UTAH
2252,490036,0.0,0.0,0.0,0.0,0.0,0.0,0.0,4.009264620729589,0.0,0.0,0.0,0.0,0.0,0.0,0.0,0.0,4.009264620729589,0.0,0.0,0.0,81720,0,0,0,49,UTAH
2250,490034,0.0,0.0,0.0,0.0,0.0,0.0,0.0,5.011580775911986,0.0,0.0,0.0,0.0,0.0,0.0,0.0,0.0,5.011580775911986,0.0,0.0,0.0,81720,0,0,0,49,UTAH
2350,490134,0.0,0.0,0.0,0.0,0.0,0.0,0.0,6.013896931094383,0.0,0.0,0.0,0.0,0.0,0.0,0.0,0.0,6.013896931094383,0.0,0.0,0.0,81720,0,0,0,49,UTAH
2349,490133,0.0,0.0,0.0,0.0,0.0,0.0,0.0,2.0046323103647943,0.0,0.0,0.0,0.0,0.0,0.0,0.0,0.0,2.0046323103647943,0.0,0.0,0.0,81720,0,0,0,49,UTAH
2348,490132,0.0,0.0,0.0,0.0,0.0,0.0,0.0,5.011580775911986,0.0,0.0,0.0,0.0,0.0,0.0,0.0,0.0,5.011580775911986,0.0,0.0,0.0,81720,0,0,0,49,UTAH
2290,490074,0.0,0.0,0.0,0.0,0.0,0.0,0.0,2.0046323103647943,0.0,0.0,0.0,0.0,0.0,0.0,0.0,0.0,2.0046323103647943,0.0,0.0,0.0,81720,0,0,0,49,UTAH
2344,490128,0.0,0.0,0.0,0.0,0.0,0.0,0.0,2.0046323103647943,0.0,0.0,0.0,0.0,0.0,0.0,0.0,0.0,2.0046323103647943,0.0,0.0,0.0,81720,0,0,0,49,UTAH
2346,490130,0.0,0.0,0.0,0.0,0.0,0.0,0.0,3.0069484655471914,0.0,0.0,0.0,0.0,0.0,0.0,0.0,0.0,3.0069484655471914,0.0,0.0,0.0,81720,0,0,0,49,UTAH
2284,490068,0.0,0.0,0.0,0.0,0.0,0.0,0.0,2.0046323103647943,0.0,0.0,0.0,0.0,0.0,0.0,0.0,0.0,2.0046323103647943,0.0,0.0,0.0,81720,0,0,0,49,UTAH
2283,490067,9.0,26.217847858526515,2.913094206502946,0.0,0.0,0.0,0.0,105.00621971539276,0.0,0.0,0.0,0.0,0.0,0.0,0.0,0.0,4.009264620729589,0.0,99.99672603457309,1.000229060090097,81720,0,0,0,49,UTAH
2280,490064,37.0,102.77396360542394,2.777674692038485,0.0,0.0,0.0,0.0,111.00707047644461,0.0,0.0,0.0,0.0,0.0,0.0,0.0,0.0,4.009264620729589,0.0,101.99666055526454,5.001145300450485,81720,0,0,0,49,UTAH
2225,490009,0.0,0.0,0.0,0.0,0.0,0.0,0.0,0.0,0.0,0.0,0.0,0.0,0.0,0.0,0.0,0.0,0.0,0.0,0.0,0.0,81720,0,0,0,49,UTAH
2278,490062,4.0,11.535853057751668,2.883963264437917,0.0,0.0,0.0,0.0,108.00847039126661,0.0,0.0,0.0,0.0,0.0,0.0,0.0,0.0,5.011580775911986,0.0,101.99666055526454,1.000229060090097,81720,0,0,0,49,UTAH
2228,490012,2.0,3.0,1.5,0.0,0.0,0.0,0.0,2.0046323103647943,0.0,0.0,0.0,0.0,0.0,0.0,0.0,0.0,2.0046323103647943,0.0,0.0,0.0,81720,0,0,0,49,UTAH
2227,490011,4.0,16.77942262945697,4.194855657364243,0.0,0.0,0.0,0.0,6.011809836002083,0.0,0.0,0.0,0.0,0.0,0.0,0.0,0.0,5.011580775911986,0.0,0.0,1.000229060090097,81720,0,0,0,49,UTAH
2236,490020,0.0,0.0,0.0,0.0,0.0,0.0,0.0,0.0,0.0,0.0,0.0,0.0,0.0,0.0,0.0,0.0,0.0,0.0,0.0,0.0,81720,0,0,0,49,UTAH
2244,490028,0.0,0.0,0.0,0.0,0.0,0.0,0.0,5.011580775911986,0.0,0.0,0.0,0.0,0.0,0.0,0.0,0.0,5.011580775911986,0.0,0.0,0.0,81720,0,0,0,49,UTAH
2251,490035,85.0,226.5222054976691,2.6649671235019894,0.0,0.0,0.0,0.0,133.00113611775126,0.0,0.0,0.0,0.0,0.0,0.0,0.0,0.0,1.0023161551823971,0.0,119.9960712414877,12.002748721081163,81720,0,0,0,49,UTAH
2258,490042,0.0,0.0,0.0,0.0,0.0,0.0,0.0,5.011580775911986,0.0,0.0,0.0,0.0,0.0,0.0,0.0,0.0,5.011580775911986,0.0,0.0,0.0,81720,0,0,0,49,UTAH
2407,490191,0.0,0.0,0.0,0.0,0.0,0.0,0.0,5.011580775911986,0.0,0.0,0.0,0.0,0.0,0.0,0.0,0.0,5.011580775911986,0.0,0.0,0.0,81720,0,0,0,49,UTAH
2378,490162,0.0,0.0,0.0,0.0,0.0,0.0,0.0,3.0069484655471914,0.0,0.0,0.0,0.0,0.0,0.0,0.0,0.0,3.0069484655471914,0.0,0.0,0.0,81720,0,0,0,49,UTAH
2253,490037,6.0,16.77942262945697,2.796570438242828,0.0,0.0,0.0,0.0,109.99666043777475,0.0,0.0,0.0,0.0,0.0,0.0,0.0,0.0,0.0,0.0,108.99643137768466,1.000229060090097,81720,0,0,0,49,UTAH
2240,490024,0.0,0.0,0.0,0.0,0.0,0.0,0.0,1.0023161551823971,0.0,0.0,0.0,0.0,0.0,0.0,0.0,0.0,1.0023161551823971,0.0,0.0,0.0,81720,0,0,0,49,UTAH
2235,490019,0.0,0.0,0.0,0.0,0.0,0.0,0.0,1.0023161551823971,0.0,0.0,0.0,0.0,0.0,0.0,0.0,0.0,1.0023161551823971,0.0,0.0,0.0,81720,0,0,0,49,UTAH
3159,490943,0.0,0.0,0.0,0.0,0.0,0.0,0.0,2.0046323103647943,0.0,0.0,0.0,0.0,0.0,0.0,0.0,0.0,2.0046323103647943,0.0,0.0,0.0,51304,0,0,0,49,UTAH
3081,490865,28.0,80.75097140426168,2.883963264437917,937.0,70.0,4.0,863.0,977.9997048731525,26.0,44.0,2.0,2.0,12.0,108.0,2.0,741.0,0.0,0.0,36.99878863279204,4.000916240360388,73772,692,0,0,49,UTAH
2487,490271,202.0,765.5611574689743,3.789906720143437,0.0,0.0,0.0,0.0,211.00303302037247,0.0,0.0,0.0,0.0,0.0,0.0,0.0,0.0,1.0023161551823971,0.0,180.99407412257727,29.00664274261281,96415,0,0,0,49,UTAH
2488,490272,24.0,77.60482966123848,3.23353456921827,0.0,0.0,0.0,0.0,4.0030033354526875,0.0,0.0,0.0,0.0,0.0,0.0,0.0,0.0,1.0023161551823971,0.0,0.0,3.000687180270291,96415,0,0,0,49,UTAH
2489,490273,10.0,38.80241483061924,3.880241483061924,0.0,0.0,0.0,0.0,189.99404126543322,0.0,0.0,0.0,0.0,0.0,0.0,0.0,0.0,0.0,0.0,188.99381220534312,1.000229060090097,96415,0,0,0,49,UTAH
2483,490267,0.0,0.0,0.0,0.0,0.0,0.0,0.0,4.009264620729589,0.0,0.0,0.0,0.0,0.0,0.0,0.0,0.0,4.009264620729589,0.0,0.0,0.0,70166,0,0,0,49,UTAH
2480,490264,2.0,7.340997400387424,3.670498700193712,0.0,0.0,0.0,0.0,16.00652285004169,0.0,0.0,0.0,0.0,0.0,0.0,0.0,0.0,3.0069484655471914,0.0,12.999574384494501,0.0,96951,0,0,0,49,UTAH
2449,490233,0.0,0.0,0.0,0.0,0.0,0.0,0.0,0.0,0.0,0.0,0.0,0.0,0.0,0.0,0.0,0.0,0.0,0.0,0.0,0.0,91516,0,0,0,49,UTAH
2482,490266,20.0,67.11769051782788,3.355884525891394,0.0,0.0,0.0,0.0,264.9968071805251,0.0,0.0,0.0,0.0,0.0,0.0,0.0,0.0,2.0046323103647943,0.0,259.99148768989,3.000687180270291,70166,0,0,0,49,UTAH
2506,490290,37.0,95.43296620503652,2.579269356892879,0.0,0.0,0.0,0.0,177.00021186958952,0.0,0.0,0.0,0.0,0.0,0.0,0.0,0.0,2.0046323103647943,0.0,169.99443425877425,5.001145300450485,93988,0,0,0,49,UTAH
2356,490140,0.0,0.0,0.0,152.0,42.0,58.0,52.0,153.0023161551824,42.0,0.0,1.0,57.0,1.0,2.0,0.0,49.0,1.0023161551823971,0.0,0.0,0.0,74211,0,611,1379,49,UTAH
2262,490046,1.0,5.243569571705304,5.243569571705304,0.0,0.0,0.0,0.0,18.01115516040649,0.0,0.0,0.0,0.0,0.0,0.0,0.0,0.0,5.011580775911986,0.0,12.999574384494501,0.0,81720,0,0,0,49,UTAH
2261,490045,0.0,0.0,0.0,0.0,0.0,0.0,0.0,5.011580775911986,0.0,0.0,0.0,0.0,0.0,0.0,0.0,0.0,5.011580775911986,0.0,0.0,0.0,81720,0,0,0,49,UTAH
2263,490047,2.0,7.340997400387424,3.670498700193712,0.0,0.0,0.0,0.0,5.011580775911986,0.0,0.0,0.0,0.0,0.0,0.0,0.0,0.0,5.011580775911986,0.0,0.0,0.0,81720,0,0,0,49,UTAH
2247,490031,5.0,19.925564372480157,3.985112874496031,0.0,0.0,0.0,0.0,3.004861370454891,0.0,0.0,0.0,0.0,0.0,0.0,0.0,0.0,2.0046323103647943,0.0,0.0,1.000229060090097,81720,0,0,0,49,UTAH
2243,490027,1.0,10.487139143410609,10.487139143410609,0.0,0.0,0.0,0.0,5.011580775911986,0.0,0.0,0.0,0.0,0.0,0.0,0.0,0.0,5.011580775911986,0.0,0.0,0.0,81720,0,0,0,49,UTAH
2274,490058,0.0,0.0,0.0,0.0,0.0,0.0,0.0,5.011580775911986,0.0,0.0,0.0,0.0,0.0,0.0,0.0,0.0,5.011580775911986,0.0,0.0,0.0,81720,0,0,0,49,UTAH
2238,490022,0.0,0.0,0.0,0.0,0.0,0.0,0.0,5.011580775911986,0.0,0.0,0.0,0.0,0.0,0.0,0.0,0.0,5.011580775911986,0.0,0.0,0.0,81720,0,0,0,49,UTAH
2234,490018,0.0,0.0,0.0,0.0,0.0,0.0,0.0,2.0046323103647943,0.0,0.0,0.0,0.0,0.0,0.0,0.0,0.0,2.0046323103647943,0.0,0.0,0.0,81720,0,0,0,49,UTAH
2233,490017,0.0,0.0,0.0,0.0,0.0,0.0,0.0,2.0046323103647943,0.0,0.0,0.0,0.0,0.0,0.0,0.0,0.0,2.0046323103647943,0.0,0.0,0.0,81720,0,0,0,49,UTAH
2222,490006,2.0,12.584566972092729,6.2922834860463634,0.0,0.0,0.0,0.0,201.04509501589857,0.0,0.0,0.0,0.0,0.0,0.0,0.0,0.0,22.050955414012737,0.0,178.99413960188582,0.0,81720,0,0,0,49,UTAH
2472,490256,20.0,53.484409631394094,2.6742204815697046,0.0,0.0,0.0,0.0,81.00283127691063,0.0,0.0,0.0,0.0,0.0,0.0,0.0,0.0,2.0046323103647943,0.0,75.99751178627554,3.000687180270291,96951,0,0,0,49,UTAH
2611,490395,3.0,14.681994800774849,4.8939982669249495,174.0,83.0,79.0,12.0,174.0,83.0,0.0,37.0,42.0,1.0,3.0,0.0,8.0,0.0,0.0,0.0,0.0,96918,0,0,0,49,UTAH
3456,491240,146.0,640.764201662388,4.388795901797178,86.0,38.0,4.0,44.0,107.00481026189203,38.0,0.0,0.0,4.0,1.0,3.0,35.0,5.0,0.0,0.0,0.0,21.00481026189204,84614,0,0,0,49,UTAH
3530,491314,2.0,8.389711314728485,4.194855657364243,0.0,0.0,0.0,0.0,0.0,0.0,0.0,0.0,0.0,0.0,0.0,0.0,0.0,0.0,0.0,0.0,0.0,67754,0,0,0,49,UTAH
3498,491282,0.0,0.0,0.0,0.0,0.0,0.0,0.0,0.0,0.0,0.0,0.0,0.0,0.0,0.0,0.0,0.0,0.0,0.0,0.0,0.0,67754,0,0,0,49,UTAH
3497,491281,1.0,2.0974278286821213,2.0974278286821213,38.0,10.0,22.0,6.0,182.0328678071719,10.0,0.0,0.0,22.0,0.0,1.0,0.0,5.0,16.037058482918354,0.0,127.99580932425354,0.0,81720,0,0,0,49,UTAH
3527,491311,0.0,0.0,0.0,0.0,0.0,0.0,0.0,0.0,0.0,0.0,0.0,0.0,0.0,0.0,0.0,0.0,0.0,0.0,0.0,0.0,81720,0,0,0,49,UTAH
3526,491310,0.0,0.0,0.0,0.0,0.0,0.0,0.0,0.0,0.0,0.0,0.0,0.0,0.0,0.0,0.0,0.0,0.0,0.0,0.0,0.0,87096,0,0,0,49,UTAH
2218,490002,0.0,0.0,0.0,0.0,0.0,0.0,0.0,0.0,0.0,0.0,0.0,0.0,0.0,0.0,0.0,0.0,0.0,0.0,0.0,0.0,81720,0,0,0,49,UTAH
2590,490374,0.0,0.0,0.0,37.0,14.0,12.0,11.0,38.0023161551824,14.0,0.0,0.0,12.0,0.0,1.0,0.0,10.0,1.0023161551823971,0.0,0.0,0.0,107045,0,290,214,49,UTAH
2591,490375,0.0,0.0,0.0,0.0,0.0,0.0,0.0,138.99779808289324,0.0,0.0,0.0,0.0,0.0,0.0,0.0,0.0,1.0023161551823971,0.0,137.99548192771084,0.0,85040,0,0,0,49,UTAH
2555,490339,0.0,0.0,0.0,0.0,0.0,0.0,0.0,1.0023161551823971,0.0,0.0,0.0,0.0,0.0,0.0,0.0,0.0,1.0023161551823971,0.0,0.0,0.0,107045,0,0,0,49,UTAH
2217,490001,2.0,4.194855657364243,2.0974278286821213,0.0,0.0,0.0,0.0,132.99799452081888,0.0,0.0,0.0,0.0,0.0,0.0,0.0,0.0,1.0023161551823971,0.0,131.99567836563648,0.0,81720,0,0,0,49,UTAH
3528,491312,0.0,0.0,0.0,0.0,0.0,0.0,0.0,0.0,0.0,0.0,0.0,0.0,0.0,0.0,0.0,0.0,0.0,0.0,0.0,0.0,74530,0,0,0,49,UTAH
3529,491313,0.0,0.0,0.0,0.0,0.0,0.0,0.0,0.0,0.0,0.0,0.0,0.0,0.0,0.0,0.0,0.0,0.0,0.0,0.0,0.0,67754,0,0,0,49,UTAH
3471,491255,9.0,38.80241483061924,4.31137942562436,0.0,0.0,0.0,0.0,130.9959729050351,0.0,0.0,0.0,0.0,0.0,0.0,0.0,0.0,0.0,0.0,129.995743844945,1.000229060090097,67754,0,0,0,49,UTAH
2269,490053,0.0,0.0,0.0,0.0,0.0,0.0,0.0,19.044006948465544,0.0,0.0,0.0,0.0,0.0,0.0,0.0,0.0,19.044006948465544,0.0,0.0,0.0,87096,0,0,0,49,UTAH
2270,490054,0.0,0.0,0.0,0.0,0.0,0.0,0.0,19.044006948465544,0.0,0.0,0.0,0.0,0.0,0.0,0.0,0.0,19.044006948465544,0.0,0.0,0.0,87096,0,0,0,49,UTAH
2255,490039,6.0,23.071706115503336,3.845284352583889,0.0,0.0,0.0,0.0,5.009493680819686,0.0,0.0,0.0,0.0,0.0,0.0,0.0,0.0,4.009264620729589,0.0,0.0,1.000229060090097,81720,0,0,0,49,UTAH
2259,490043,6.0,17.82813654379803,2.971356090633005,0.0,0.0,0.0,0.0,48.019830349869444,0.0,0.0,0.0,0.0,0.0,0.0,0.0,0.0,9.020845396641574,0.0,37.99875589313777,1.000229060090097,81720,0,0,0,49,UTAH
2848,490632,169.0,545.3312354573516,3.2268120441263406,5787.0,45.0,0.0,5742.0,5811.005497442163,0.0,45.0,0.0,0.0,6.0,5616.0,0.0,120.0,0.0,0.0,0.0,24.005497442162326,50017,0,0,606,49,UTAH
2517,490301,0.0,0.0,0.0,0.0,0.0,0.0,0.0,6.013896931094383,0.0,0.0,0.0,0.0,0.0,0.0,0.0,0.0,6.013896931094383,0.0,0.0,0.0,87096,0,0,0,49,UTAH
2720,490504,7.0,17.82813654379803,2.5468766491140045,0.0,0.0,0.0,0.0,31.01099134464535,0.0,0.0,0.0,0.0,0.0,0.0,0.0,0.0,5.011580775911986,0.0,24.99918150864327,1.000229060090097,83312,0,0,0,49,UTAH
2268,490052,0.0,0.0,0.0,0.0,0.0,0.0,0.0,5.011580775911986,0.0,0.0,0.0,0.0,0.0,0.0,0.0,0.0,5.011580775911986,0.0,0.0,0.0,81720,0,0,0,49,UTAH
2267,490051,0.0,0.0,0.0,0.0,0.0,0.0,0.0,4.009264620729589,0.0,0.0,0.0,0.0,0.0,0.0,0.0,0.0,4.009264620729589,0.0,0.0,0.0,81720,0,0,0,49,UTAH
2265,490049,0.0,0.0,0.0,0.0,0.0,0.0,0.0,5.011580775911986,0.0,0.0,0.0,0.0,0.0,0.0,0.0,0.0,5.011580775911986,0.0,0.0,0.0,81720,0,0,0,49,UTAH
2415,490199,0.0,0.0,0.0,0.0,0.0,0.0,0.0,5.011580775911986,0.0,0.0,0.0,0.0,0.0,0.0,0.0,0.0,5.011580775911986,0.0,0.0,0.0,81720,0,0,0,49,UTAH
2416,490200,0.0,0.0,0.0,0.0,0.0,0.0,0.0,4.009264620729589,0.0,0.0,0.0,0.0,0.0,0.0,0.0,0.0,4.009264620729589,0.0,0.0,0.0,81720,0,0,0,49,UTAH
2414,490198,0.0,0.0,0.0,2.0,1.0,1.0,0.0,4.004632310364794,0.0,1.0,0.0,1.0,0.0,0.0,0.0,0.0,2.0046323103647943,0.0,0.0,0.0,81720,0,0,0,49,UTAH
2412,490196,0.0,0.0,0.0,0.0,0.0,0.0,0.0,0.0,0.0,0.0,0.0,0.0,0.0,0.0,0.0,0.0,0.0,0.0,0.0,0.0,81720,0,0,0,49,UTAH
2411,490195,25.0,88.0919688046491,3.523678752185964,0.0,0.0,0.0,0.0,156.0029864974215,0.0,0.0,0.0,0.0,0.0,0.0,0.0,0.0,3.0069484655471914,0.0,148.9951217915139,4.000916240360388,95747,0,0,0,49,UTAH
2404,490188,0.0,0.0,0.0,0.0,0.0,0.0,0.0,0.0,0.0,0.0,0.0,0.0,0.0,0.0,0.0,0.0,0.0,0.0,0.0,0.0,81720,0,0,0,49,UTAH
2447,490231,0.0,0.0,0.0,0.0,0.0,0.0,0.0,0.0,0.0,0.0,0.0,0.0,0.0,0.0,0.0,0.0,0.0,0.0,0.0,0.0,91516,0,0,0,49,UTAH
2440,490224,1.0,1.0,1.0,0.0,0.0,0.0,0.0,14.03242617255356,0.0,0.0,0.0,0.0,0.0,0.0,0.0,0.0,14.03242617255356,0.0,0.0,0.0,91516,0,0,0,49,UTAH
2444,490228,9.0,29.363989601549697,3.2626655112833,0.0,0.0,0.0,0.0,124.99616934296071,0.0,0.0,0.0,0.0,0.0,0.0,0.0,0.0,0.0,0.0,123.99594028287062,1.000229060090097,91516,0,0,0,49,UTAH
3136,490920,0.0,0.0,0.0,214.0,0.0,205.0,9.0,216.0046323103648,0.0,0.0,193.0,12.0,0.0,9.0,0.0,0.0,2.0046323103647943,0.0,0.0,0.0,51304,0,0,0,49,UTAH
3307,491091,4.0,7.340997400387424,1.835249350096856,4.0,2.0,1.0,1.0,9.009493680819686,2.0,0.0,0.0,1.0,0.0,0.0,0.0,1.0,4.009264620729589,0.0,0.0,1.000229060090097,75589,0,0,0,49,UTAH
3309,491093,24.0,82.84839923294379,3.4520166347059917,0.0,0.0,0.0,0.0,6.007635645817482,0.0,0.0,0.0,0.0,0.0,0.0,0.0,0.0,3.0069484655471914,0.0,0.0,3.000687180270291,75589,0,0,0,49,UTAH
2422,490206,183.0,732.0023122100604,4.000012635027653,0.0,0.0,0.0,0.0,137.00232146071863,0.0,0.0,0.0,0.0,0.0,0.0,0.0,0.0,0.0,0.0,110.99636589837611,26.00595556234252,102760,0,0,0,49,UTAH
2294,490078,0.0,0.0,0.0,0.0,0.0,0.0,0.0,122.9959730225249,0.0,0.0,0.0,0.0,0.0,0.0,0.0,0.0,0.0,0.0,122.9959730225249,0.0,66402,0,0,0,49,UTAH
2291,490075,0.0,0.0,0.0,0.0,0.0,0.0,0.0,126.00057259323542,0.0,0.0,0.0,0.0,0.0,0.0,0.0,0.0,2.0046323103647943,0.0,123.99594028287062,0.0,66402,0,0,0,49,UTAH
2912,490696,0.0,0.0,0.0,0.0,0.0,0.0,0.0,7.01621308627678,0.0,0.0,0.0,0.0,0.0,0.0,0.0,0.0,7.01621308627678,0.0,0.0,0.0,55528,0,0,0,49,UTAH
3545,491329,0.0,0.0,0.0,0.0,0.0,0.0,0.0,0.0,0.0,0.0,0.0,0.0,0.0,0.0,0.0,0.0,0.0,0.0,0.0,0.0,87096,0,0,0,49,UTAH
3544,491328,0.0,0.0,0.0,0.0,0.0,0.0,0.0,0.0,0.0,0.0,0.0,0.0,0.0,0.0,0.0,0.0,0.0,0.0,0.0,0.0,87096,0,0,0,49,UTAH
3541,491325,0.0,0.0,0.0,0.0,0.0,0.0,0.0,0.0,0.0,0.0,0.0,0.0,0.0,0.0,0.0,0.0,0.0,0.0,0.0,0.0,109773,0,0,0,49,UTAH
3532,491316,1.0,7.340997400387424,7.340997400387424,0.0,0.0,0.0,0.0,0.0,0.0,0.0,0.0,0.0,0.0,0.0,0.0,0.0,0.0,0.0,0.0,0.0,144534,0,0,0,49,UTAH
3536,491320,1.0,2.0974278286821213,2.0974278286821213,0.0,0.0,0.0,0.0,81.99731534834993,0.0,0.0,0.0,0.0,0.0,0.0,0.0,0.0,0.0,0.0,81.99731534834993,0.0,101715,0,0,0,49,UTAH
3538,491322,0.0,0.0,0.0,0.0,0.0,0.0,0.0,0.0,0.0,0.0,0.0,0.0,0.0,0.0,0.0,0.0,0.0,0.0,0.0,0.0,87096,0,0,0,49,UTAH
3537,491321,0.0,0.0,0.0,0.0,0.0,0.0,0.0,0.0,0.0,0.0,0.0,0.0,0.0,0.0,0.0,0.0,0.0,0.0,0.0,0.0,87096,0,0,0,49,UTAH
3535,491319,0.0,0.0,0.0,0.0,0.0,0.0,0.0,0.0,0.0,0.0,0.0,0.0,0.0,0.0,0.0,0.0,0.0,0.0,0.0,0.0,68752,0,0,0,49,UTAH
3533,491317,0.0,0.0,0.0,0.0,0.0,0.0,0.0,0.0,0.0,0.0,0.0,0.0,0.0,0.0,0.0,0.0,0.0,0.0,0.0,0.0,92729,0,0,0,49,UTAH
3499,491283,0.0,0.0,0.0,0.0,0.0,0.0,0.0,0.0,0.0,0.0,0.0,0.0,0.0,0.0,0.0,0.0,0.0,0.0,0.0,0.0,77419,0,0,0,49,UTAH
3501,491285,0.0,0.0,0.0,0.0,0.0,0.0,0.0,0.0,0.0,0.0,0.0,0.0,0.0,0.0,0.0,0.0,0.0,0.0,0.0,0.0,77419,0,0,0,49,UTAH
3500,491284,0.0,0.0,0.0,0.0,0.0,0.0,0.0,0.0,0.0,0.0,0.0,0.0,0.0,0.0,0.0,0.0,0.0,0.0,0.0,0.0,77419,0,0,0,49,UTAH
3534,491318,0.0,0.0,0.0,0.0,0.0,0.0,0.0,0.0,0.0,0.0,0.0,0.0,0.0,0.0,0.0,0.0,0.0,0.0,0.0,0.0,72466,0,0,0,49,UTAH
3502,491286,0.0,0.0,0.0,0.0,0.0,0.0,0.0,0.0,0.0,0.0,0.0,0.0,0.0,0.0,0.0,0.0,0.0,0.0,0.0,0.0,108155,0,0,0,49,UTAH
3510,491294,11.0,31.46141743023182,2.8601288572938017,0.0,0.0,0.0,0.0,2.000458120180194,0.0,0.0,0.0,0.0,0.0,0.0,0.0,0.0,0.0,0.0,0.0,2.000458120180194,88236,0,0,0,49,UTAH
3511,491295,0.0,0.0,0.0,0.0,0.0,0.0,0.0,0.0,0.0,0.0,0.0,0.0,0.0,0.0,0.0,0.0,0.0,0.0,0.0,0.0,87096,0,0,0,49,UTAH
3512,491296,0.0,0.0,0.0,0.0,0.0,0.0,0.0,0.0,0.0,0.0,0.0,0.0,0.0,0.0,0.0,0.0,0.0,0.0,0.0,0.0,87096,0,0,0,49,UTAH
3513,491297,0.0,0.0,0.0,0.0,0.0,0.0,0.0,0.0,0.0,0.0,0.0,0.0,0.0,0.0,0.0,0.0,0.0,0.0,0.0,0.0,87096,0,0,0,49,UTAH
3514,491298,0.0,0.0,0.0,0.0,0.0,0.0,0.0,0.0,0.0,0.0,0.0,0.0,0.0,0.0,0.0,0.0,0.0,0.0,0.0,0.0,87096,0,0,0,49,UTAH
3539,491323,0.0,0.0,0.0,0.0,0.0,0.0,0.0,0.0,0.0,0.0,0.0,0.0,0.0,0.0,0.0,0.0,0.0,0.0,0.0,0.0,103837,0,0,0,49,UTAH
3516,491300,0.0,0.0,0.0,0.0,0.0,0.0,0.0,0.0,0.0,0.0,0.0,0.0,0.0,0.0,0.0,0.0,0.0,0.0,0.0,0.0,98256,0,0,0,49,UTAH
3517,491301,0.0,0.0,0.0,0.0,0.0,0.0,0.0,0.0,0.0,0.0,0.0,0.0,0.0,0.0,0.0,0.0,0.0,0.0,0.0,0.0,87096,0,0,0,49,UTAH
3515,491299,0.0,0.0,0.0,0.0,0.0,0.0,0.0,0.0,0.0,0.0,0.0,0.0,0.0,0.0,0.0,0.0,0.0,0.0,0.0,0.0,95466,0,0,0,49,UTAH
3543,491327,0.0,0.0,0.0,0.0,0.0,0.0,0.0,0.0,0.0,0.0,0.0,0.0,0.0,0.0,0.0,0.0,0.0,0.0,0.0,0.0,87096,0,0,0,49,UTAH
3518,491302,0.0,0.0,0.0,0.0,0.0,0.0,0.0,0.0,0.0,0.0,0.0,0.0,0.0,0.0,0.0,0.0,0.0,0.0,0.0,0.0,87096,0,0,0,49,UTAH
3519,491303,0.0,0.0,0.0,0.0,0.0,0.0,0.0,0.0,0.0,0.0,0.0,0.0,0.0,0.0,0.0,0.0,0.0,0.0,0.0,0.0,87096,0,0,0,49,UTAH
3542,491326,0.0,0.0,0.0,0.0,0.0,0.0,0.0,0.0,0.0,0.0,0.0,0.0,0.0,0.0,0.0,0.0,0.0,0.0,0.0,0.0,74183,0,0,0,49,UTAH
3540,491324,0.0,0.0,0.0,0.0,0.0,0.0,0.0,0.0,0.0,0.0,0.0,0.0,0.0,0.0,0.0,0.0,0.0,0.0,0.0,0.0,120577,0,0,0,49,UTAH
3520,491304,0.0,0.0,0.0,0.0,0.0,0.0,0.0,0.0,0.0,0.0,0.0,0.0,0.0,0.0,0.0,0.0,0.0,0.0,0.0,0.0,109773,0,0,0,49,UTAH
3521,491305,0.0,0.0,0.0,0.0,0.0,0.0,0.0,0.0,0.0,0.0,0.0,0.0,0.0,0.0,0.0,0.0,0.0,0.0,0.0,0.0,109773,0,0,0,49,UTAH
3522,491306,0.0,0.0,0.0,0.0,0.0,0.0,0.0,0.0,0.0,0.0,0.0,0.0,0.0,0.0,0.0,0.0,0.0,0.0,0.0,0.0,109773,0,0,0,49,UTAH
3505,491289,0.0,0.0,0.0,0.0,0.0,0.0,0.0,0.0,0.0,0.0,0.0,0.0,0.0,0.0,0.0,0.0,0.0,0.0,0.0,0.0,77419,0,0,0,49,UTAH
3509,491293,0.0,0.0,0.0,0.0,0.0,0.0,0.0,0.0,0.0,0.0,0.0,0.0,0.0,0.0,0.0,0.0,0.0,0.0,0.0,0.0,77419,0,0,0,49,UTAH
3503,491287,0.0,0.0,0.0,0.0,0.0,0.0,0.0,0.0,0.0,0.0,0.0,0.0,0.0,0.0,0.0,0.0,0.0,0.0,0.0,0.0,81813,0,0,0,49,UTAH
3506,491290,0.0,0.0,0.0,0.0,0.0,0.0,0.0,0.0,0.0,0.0,0.0,0.0,0.0,0.0,0.0,0.0,0.0,0.0,0.0,0.0,77419,0,0,0,49,UTAH
3508,491292,0.0,0.0,0.0,0.0,0.0,0.0,0.0,0.0,0.0,0.0,0.0,0.0,0.0,0.0,0.0,0.0,0.0,0.0,0.0,0.0,77419,0,0,0,49,UTAH
3504,491288,0.0,0.0,0.0,0.0,0.0,0.0,0.0,0.0,0.0,0.0,0.0,0.0,0.0,0.0,0.0,0.0,0.0,0.0,0.0,0.0,77419,0,0,0,49,UTAH
3546,491330,0.0,0.0,0.0,0.0,0.0,0.0,0.0,0.0,0.0,0.0,0.0,0.0,0.0,0.0,0.0,0.0,0.0,0.0,0.0,0.0,87096,0,0,0,49,UTAH
3507,491291,0.0,0.0,0.0,0.0,0.0,0.0,0.0,0.0,0.0,0.0,0.0,0.0,0.0,0.0,0.0,0.0,0.0,0.0,0.0,0.0,77419,0,0,0,49,UTAH
