;TAZID,CO_TAZID,TOTHH,HHPOP,HHSIZE,TOTEMP,RETEMP,INDEMP,OTHEMP,ALLEMP,RETL,FOOD,MANU,WSLE,OFFI,GVED,HLTH,OTHR,FM_AGRI,FM_MING,FM_CONS,HBJ,AVGINCOME,Enrol_Elem,Enrol_Midl,Enrol_High,CO_FIPS,CO_NAME
1,30001,0.0,0.0,0.0,0.0,0.0,0.0,0.0,0.0,0.0,0.0,0.0,0.0,0.0,0.0,0.0,0.0,0.0,0.0,0.0,0.0,66905,0,0,0,3,BOX ELDER
2,30002,0.0,0.0,0.0,0.0,0.0,0.0,0.0,0.0,0.0,0.0,0.0,0.0,0.0,0.0,0.0,0.0,0.0,0.0,0.0,0.0,66905,0,0,0,3,BOX ELDER
3,30003,0.0,0.0,0.0,0.0,0.0,0.0,0.0,0.0,0.0,0.0,0.0,0.0,0.0,0.0,0.0,0.0,0.0,0.0,0.0,0.0,51492,0,0,0,3,BOX ELDER
4,30004,0.0,0.0,0.0,0.0,0.0,0.0,0.0,0.0,0.0,0.0,0.0,0.0,0.0,0.0,0.0,0.0,0.0,0.0,0.0,0.0,51492,0,0,0,3,BOX ELDER
5,30005,0.0,0.0,0.0,0.0,0.0,0.0,0.0,0.0,0.0,0.0,0.0,0.0,0.0,0.0,0.0,0.0,0.0,0.0,0.0,0.0,68948,0,0,0,3,BOX ELDER
6,30006,0.0,0.0,0.0,0.0,0.0,0.0,0.0,0.0,0.0,0.0,0.0,0.0,0.0,0.0,0.0,0.0,0.0,0.0,0.0,0.0,51492,0,0,0,3,BOX ELDER
7,30007,0.0,0.0,0.0,0.0,0.0,0.0,0.0,0.0,0.0,0.0,0.0,0.0,0.0,0.0,0.0,0.0,0.0,0.0,0.0,0.0,51492,0,0,0,3,BOX ELDER
8,30008,0.0,0.0,0.0,0.0,0.0,0.0,0.0,0.0,0.0,0.0,0.0,0.0,0.0,0.0,0.0,0.0,0.0,0.0,0.0,0.0,71055,0,0,0,3,BOX ELDER
9,30009,0.0,0.0,0.0,0.0,0.0,0.0,0.0,0.0,0.0,0.0,0.0,0.0,0.0,0.0,0.0,0.0,0.0,0.0,0.0,0.0,51492,0,0,0,3,BOX ELDER
10,30010,0.0,0.0,0.0,0.0,0.0,0.0,0.0,0.0,0.0,0.0,0.0,0.0,0.0,0.0,0.0,0.0,0.0,0.0,0.0,0.0,51492,0,0,0,3,BOX ELDER
11,30011,0.0,0.0,0.0,0.0,0.0,0.0,0.0,0.0,0.0,0.0,0.0,0.0,0.0,0.0,0.0,0.0,0.0,0.0,0.0,0.0,71342,0,0,0,3,BOX ELDER
12,30012,0.0,0.0,0.0,0.0,0.0,0.0,0.0,0.0,0.0,0.0,0.0,0.0,0.0,0.0,0.0,0.0,0.0,0.0,0.0,0.0,71342,0,0,0,3,BOX ELDER
13,30013,0.0,0.0,0.0,0.0,0.0,0.0,0.0,0.0,0.0,0.0,0.0,0.0,0.0,0.0,0.0,0.0,0.0,0.0,0.0,0.0,71342,0,0,0,3,BOX ELDER
14,30014,0.0,0.0,0.0,0.0,0.0,0.0,0.0,0.0,0.0,0.0,0.0,0.0,0.0,0.0,0.0,0.0,0.0,0.0,0.0,0.0,71342,0,0,0,3,BOX ELDER
15,30015,0.0,0.0,0.0,0.0,0.0,0.0,0.0,0.0,0.0,0.0,0.0,0.0,0.0,0.0,0.0,0.0,0.0,0.0,0.0,0.0,66905,0,0,0,3,BOX ELDER
16,30016,0.0,0.0,0.0,0.0,0.0,0.0,0.0,0.0,0.0,0.0,0.0,0.0,0.0,0.0,0.0,0.0,0.0,0.0,0.0,0.0,68948,0,0,0,3,BOX ELDER
17,30017,0.0,0.0,0.0,0.0,0.0,0.0,0.0,0.0,0.0,0.0,0.0,0.0,0.0,0.0,0.0,0.0,0.0,0.0,0.0,0.0,71342,0,0,0,3,BOX ELDER
18,30018,0.0,0.0,0.0,0.0,0.0,0.0,0.0,0.0,0.0,0.0,0.0,0.0,0.0,0.0,0.0,0.0,0.0,0.0,0.0,0.0,71342,0,0,0,3,BOX ELDER
19,30019,0.0,0.0,0.0,0.0,0.0,0.0,0.0,0.0,0.0,0.0,0.0,0.0,0.0,0.0,0.0,0.0,0.0,0.0,0.0,0.0,68948,0,0,0,3,BOX ELDER
20,30020,0.0,0.0,0.0,0.0,0.0,0.0,0.0,0.0,0.0,0.0,0.0,0.0,0.0,0.0,0.0,0.0,0.0,0.0,0.0,0.0,79483,0,0,0,3,BOX ELDER
21,30021,0.0,0.0,0.0,0.0,0.0,0.0,0.0,0.0,0.0,0.0,0.0,0.0,0.0,0.0,0.0,0.0,0.0,0.0,0.0,0.0,68948,0,0,0,3,BOX ELDER
22,30022,0.0,0.0,0.0,0.0,0.0,0.0,0.0,0.0,0.0,0.0,0.0,0.0,0.0,0.0,0.0,0.0,0.0,0.0,0.0,0.0,68948,0,0,0,3,BOX ELDER
23,30023,0.0,0.0,0.0,0.0,0.0,0.0,0.0,0.0,0.0,0.0,0.0,0.0,0.0,0.0,0.0,0.0,0.0,0.0,0.0,0.0,68948,0,0,0,3,BOX ELDER
24,30024,0.0,0.0,0.0,0.0,0.0,0.0,0.0,0.0,0.0,0.0,0.0,0.0,0.0,0.0,0.0,0.0,0.0,0.0,0.0,0.0,68948,0,0,0,3,BOX ELDER
25,30025,0.0,0.0,0.0,0.0,0.0,0.0,0.0,0.0,0.0,0.0,0.0,0.0,0.0,0.0,0.0,0.0,0.0,0.0,0.0,0.0,61738,0,0,0,3,BOX ELDER
26,30026,0.0,0.0,0.0,0.0,0.0,0.0,0.0,0.0,0.0,0.0,0.0,0.0,0.0,0.0,0.0,0.0,0.0,0.0,0.0,0.0,54266,0,0,0,3,BOX ELDER
27,30027,0.0,0.0,0.0,0.0,0.0,0.0,0.0,0.0,0.0,0.0,0.0,0.0,0.0,0.0,0.0,0.0,0.0,0.0,0.0,0.0,71342,0,0,0,3,BOX ELDER
28,30028,0.0,0.0,0.0,0.0,0.0,0.0,0.0,0.0,0.0,0.0,0.0,0.0,0.0,0.0,0.0,0.0,0.0,0.0,0.0,0.0,71342,0,0,0,3,BOX ELDER
29,30029,0.0,0.0,0.0,0.0,0.0,0.0,0.0,0.0,0.0,0.0,0.0,0.0,0.0,0.0,0.0,0.0,0.0,0.0,0.0,0.0,71342,0,0,0,3,BOX ELDER
30,30030,0.0,0.0,0.0,0.0,0.0,0.0,0.0,0.0,0.0,0.0,0.0,0.0,0.0,0.0,0.0,0.0,0.0,0.0,0.0,0.0,50633,0,0,0,3,BOX ELDER
31,30031,0.0,0.0,0.0,0.0,0.0,0.0,0.0,0.0,0.0,0.0,0.0,0.0,0.0,0.0,0.0,0.0,0.0,0.0,0.0,0.0,48874,0,0,0,3,BOX ELDER
32,30032,0.0,0.0,0.0,0.0,0.0,0.0,0.0,0.0,0.0,0.0,0.0,0.0,0.0,0.0,0.0,0.0,0.0,0.0,0.0,0.0,54597,0,0,0,3,BOX ELDER
33,30033,0.0,0.0,0.0,0.0,0.0,0.0,0.0,0.0,0.0,0.0,0.0,0.0,0.0,0.0,0.0,0.0,0.0,0.0,0.0,0.0,47880,0,0,0,3,BOX ELDER
34,30034,0.0,0.0,0.0,0.0,0.0,0.0,0.0,0.0,0.0,0.0,0.0,0.0,0.0,0.0,0.0,0.0,0.0,0.0,0.0,0.0,72580,0,0,0,3,BOX ELDER
35,30035,0.0,0.0,0.0,0.0,0.0,0.0,0.0,0.0,0.0,0.0,0.0,0.0,0.0,0.0,0.0,0.0,0.0,0.0,0.0,0.0,69784,0,0,0,3,BOX ELDER
36,30036,0.0,0.0,0.0,0.0,0.0,0.0,0.0,0.0,0.0,0.0,0.0,0.0,0.0,0.0,0.0,0.0,0.0,0.0,0.0,0.0,79483,0,0,0,3,BOX ELDER
37,30037,0.0,0.0,0.0,0.0,0.0,0.0,0.0,0.0,0.0,0.0,0.0,0.0,0.0,0.0,0.0,0.0,0.0,0.0,0.0,0.0,71342,0,0,0,3,BOX ELDER
38,30038,0.0,0.0,0.0,0.0,0.0,0.0,0.0,0.0,0.0,0.0,0.0,0.0,0.0,0.0,0.0,0.0,0.0,0.0,0.0,0.0,71342,0,0,0,3,BOX ELDER
39,30039,0.0,0.0,0.0,0.0,0.0,0.0,0.0,0.0,0.0,0.0,0.0,0.0,0.0,0.0,0.0,0.0,0.0,0.0,0.0,0.0,63775,0,0,0,3,BOX ELDER
40,30040,0.0,0.0,0.0,0.0,0.0,0.0,0.0,0.0,0.0,0.0,0.0,0.0,0.0,0.0,0.0,0.0,0.0,0.0,0.0,0.0,44064,0,0,0,3,BOX ELDER
41,30041,0.0,0.0,0.0,0.0,0.0,0.0,0.0,0.0,0.0,0.0,0.0,0.0,0.0,0.0,0.0,0.0,0.0,0.0,0.0,0.0,37413,0,0,0,3,BOX ELDER
42,30042,0.0,0.0,0.0,0.0,0.0,0.0,0.0,0.0,0.0,0.0,0.0,0.0,0.0,0.0,0.0,0.0,0.0,0.0,0.0,0.0,37413,0,0,0,3,BOX ELDER
43,30043,0.0,0.0,0.0,0.0,0.0,0.0,0.0,0.0,0.0,0.0,0.0,0.0,0.0,0.0,0.0,0.0,0.0,0.0,0.0,0.0,69838,0,0,0,3,BOX ELDER
44,30044,0.0,0.0,0.0,0.0,0.0,0.0,0.0,0.0,0.0,0.0,0.0,0.0,0.0,0.0,0.0,0.0,0.0,0.0,0.0,0.0,79596,0,0,0,3,BOX ELDER
45,30045,0.0,0.0,0.0,0.0,0.0,0.0,0.0,0.0,0.0,0.0,0.0,0.0,0.0,0.0,0.0,0.0,0.0,0.0,0.0,0.0,79606,0,0,0,3,BOX ELDER
46,30046,0.0,0.0,0.0,0.0,0.0,0.0,0.0,0.0,0.0,0.0,0.0,0.0,0.0,0.0,0.0,0.0,0.0,0.0,0.0,0.0,79606,0,0,0,3,BOX ELDER
47,30047,0.0,0.0,0.0,0.0,0.0,0.0,0.0,0.0,0.0,0.0,0.0,0.0,0.0,0.0,0.0,0.0,0.0,0.0,0.0,0.0,71342,0,0,0,3,BOX ELDER
48,30048,0.0,0.0,0.0,0.0,0.0,0.0,0.0,0.0,0.0,0.0,0.0,0.0,0.0,0.0,0.0,0.0,0.0,0.0,0.0,0.0,71342,0,0,0,3,BOX ELDER
49,30049,0.0,0.0,0.0,0.0,0.0,0.0,0.0,0.0,0.0,0.0,0.0,0.0,0.0,0.0,0.0,0.0,0.0,0.0,0.0,0.0,71342,0,0,0,3,BOX ELDER
50,30050,0.0,0.0,0.0,0.0,0.0,0.0,0.0,0.0,0.0,0.0,0.0,0.0,0.0,0.0,0.0,0.0,0.0,0.0,0.0,0.0,71342,0,0,0,3,BOX ELDER
51,30051,0.0,0.0,0.0,0.0,0.0,0.0,0.0,0.0,0.0,0.0,0.0,0.0,0.0,0.0,0.0,0.0,0.0,0.0,0.0,0.0,53556,0,0,0,3,BOX ELDER
52,30052,0.0,0.0,0.0,0.0,0.0,0.0,0.0,0.0,0.0,0.0,0.0,0.0,0.0,0.0,0.0,0.0,0.0,0.0,0.0,0.0,36260,0,0,0,3,BOX ELDER
53,30053,0.0,0.0,0.0,0.0,0.0,0.0,0.0,0.0,0.0,0.0,0.0,0.0,0.0,0.0,0.0,0.0,0.0,0.0,0.0,0.0,36260,0,0,0,3,BOX ELDER
54,30054,0.0,0.0,0.0,0.0,0.0,0.0,0.0,0.0,0.0,0.0,0.0,0.0,0.0,0.0,0.0,0.0,0.0,0.0,0.0,0.0,40402,0,0,0,3,BOX ELDER
55,30055,0.0,0.0,0.0,0.0,0.0,0.0,0.0,0.0,0.0,0.0,0.0,0.0,0.0,0.0,0.0,0.0,0.0,0.0,0.0,0.0,40402,0,0,0,3,BOX ELDER
56,30056,0.0,0.0,0.0,0.0,0.0,0.0,0.0,0.0,0.0,0.0,0.0,0.0,0.0,0.0,0.0,0.0,0.0,0.0,0.0,0.0,79606,0,0,0,3,BOX ELDER
57,30057,0.0,0.0,0.0,0.0,0.0,0.0,0.0,0.0,0.0,0.0,0.0,0.0,0.0,0.0,0.0,0.0,0.0,0.0,0.0,0.0,79606,0,0,0,3,BOX ELDER
58,30058,0.0,0.0,0.0,0.0,0.0,0.0,0.0,0.0,0.0,0.0,0.0,0.0,0.0,0.0,0.0,0.0,0.0,0.0,0.0,0.0,79606,0,0,0,3,BOX ELDER
59,30059,0.0,0.0,0.0,0.0,0.0,0.0,0.0,0.0,0.0,0.0,0.0,0.0,0.0,0.0,0.0,0.0,0.0,0.0,0.0,0.0,71342,0,0,0,3,BOX ELDER
60,30060,0.0,0.0,0.0,0.0,0.0,0.0,0.0,0.0,0.0,0.0,0.0,0.0,0.0,0.0,0.0,0.0,0.0,0.0,0.0,0.0,71342,0,0,0,3,BOX ELDER
61,30061,0.0,0.0,0.0,0.0,0.0,0.0,0.0,0.0,0.0,0.0,0.0,0.0,0.0,0.0,0.0,0.0,0.0,0.0,0.0,0.0,52227,0,0,0,3,BOX ELDER
62,30062,0.0,0.0,0.0,0.0,0.0,0.0,0.0,0.0,0.0,0.0,0.0,0.0,0.0,0.0,0.0,0.0,0.0,0.0,0.0,0.0,52635,0,0,0,3,BOX ELDER
63,30063,0.0,0.0,0.0,0.0,0.0,0.0,0.0,0.0,0.0,0.0,0.0,0.0,0.0,0.0,0.0,0.0,0.0,0.0,0.0,0.0,53556,0,0,0,3,BOX ELDER
64,30064,0.0,0.0,0.0,0.0,0.0,0.0,0.0,0.0,0.0,0.0,0.0,0.0,0.0,0.0,0.0,0.0,0.0,0.0,0.0,0.0,52227,0,0,0,3,BOX ELDER
65,30065,0.0,0.0,0.0,0.0,0.0,0.0,0.0,0.0,0.0,0.0,0.0,0.0,0.0,0.0,0.0,0.0,0.0,0.0,0.0,0.0,53556,0,0,0,3,BOX ELDER
66,30066,0.0,0.0,0.0,0.0,0.0,0.0,0.0,0.0,0.0,0.0,0.0,0.0,0.0,0.0,0.0,0.0,0.0,0.0,0.0,0.0,44338,0,0,0,3,BOX ELDER
67,30067,0.0,0.0,0.0,0.0,0.0,0.0,0.0,0.0,0.0,0.0,0.0,0.0,0.0,0.0,0.0,0.0,0.0,0.0,0.0,0.0,42956,0,0,0,3,BOX ELDER
68,30068,0.0,0.0,0.0,0.0,0.0,0.0,0.0,0.0,0.0,0.0,0.0,0.0,0.0,0.0,0.0,0.0,0.0,0.0,0.0,0.0,44041,0,0,0,3,BOX ELDER
69,30069,0.0,0.0,0.0,0.0,0.0,0.0,0.0,0.0,0.0,0.0,0.0,0.0,0.0,0.0,0.0,0.0,0.0,0.0,0.0,0.0,42956,0,0,0,3,BOX ELDER
70,30070,0.0,0.0,0.0,0.0,0.0,0.0,0.0,0.0,0.0,0.0,0.0,0.0,0.0,0.0,0.0,0.0,0.0,0.0,0.0,0.0,45647,0,0,0,3,BOX ELDER
71,30071,0.0,0.0,0.0,0.0,0.0,0.0,0.0,0.0,0.0,0.0,0.0,0.0,0.0,0.0,0.0,0.0,0.0,0.0,0.0,0.0,44592,0,0,0,3,BOX ELDER
72,30072,0.0,0.0,0.0,0.0,0.0,0.0,0.0,0.0,0.0,0.0,0.0,0.0,0.0,0.0,0.0,0.0,0.0,0.0,0.0,0.0,43896,0,0,0,3,BOX ELDER
73,30073,0.0,0.0,0.0,0.0,0.0,0.0,0.0,0.0,0.0,0.0,0.0,0.0,0.0,0.0,0.0,0.0,0.0,0.0,0.0,0.0,84675,0,0,0,3,BOX ELDER
74,30074,0.0,0.0,0.0,0.0,0.0,0.0,0.0,0.0,0.0,0.0,0.0,0.0,0.0,0.0,0.0,0.0,0.0,0.0,0.0,0.0,71342,0,0,0,3,BOX ELDER
75,30075,0.0,0.0,0.0,0.0,0.0,0.0,0.0,0.0,0.0,0.0,0.0,0.0,0.0,0.0,0.0,0.0,0.0,0.0,0.0,0.0,52227,0,0,0,3,BOX ELDER
76,30076,0.0,0.0,0.0,0.0,0.0,0.0,0.0,0.0,0.0,0.0,0.0,0.0,0.0,0.0,0.0,0.0,0.0,0.0,0.0,0.0,52227,0,0,0,3,BOX ELDER
77,30077,0.0,0.0,0.0,0.0,0.0,0.0,0.0,0.0,0.0,0.0,0.0,0.0,0.0,0.0,0.0,0.0,0.0,0.0,0.0,0.0,52227,0,0,0,3,BOX ELDER
78,30078,0.0,0.0,0.0,0.0,0.0,0.0,0.0,0.0,0.0,0.0,0.0,0.0,0.0,0.0,0.0,0.0,0.0,0.0,0.0,0.0,46674,0,0,0,3,BOX ELDER
79,30079,0.0,0.0,0.0,0.0,0.0,0.0,0.0,0.0,0.0,0.0,0.0,0.0,0.0,0.0,0.0,0.0,0.0,0.0,0.0,0.0,46674,0,0,0,3,BOX ELDER
80,30080,0.0,0.0,0.0,0.0,0.0,0.0,0.0,0.0,0.0,0.0,0.0,0.0,0.0,0.0,0.0,0.0,0.0,0.0,0.0,0.0,46674,0,0,0,3,BOX ELDER
81,30081,0.0,0.0,0.0,0.0,0.0,0.0,0.0,0.0,0.0,0.0,0.0,0.0,0.0,0.0,0.0,0.0,0.0,0.0,0.0,0.0,45683,0,0,0,3,BOX ELDER
82,30082,0.0,0.0,0.0,0.0,0.0,0.0,0.0,0.0,0.0,0.0,0.0,0.0,0.0,0.0,0.0,0.0,0.0,0.0,0.0,0.0,45683,0,0,0,3,BOX ELDER
83,30083,0.0,0.0,0.0,0.0,0.0,0.0,0.0,0.0,0.0,0.0,0.0,0.0,0.0,0.0,0.0,0.0,0.0,0.0,0.0,0.0,93342,0,0,0,3,BOX ELDER
84,30084,0.0,0.0,0.0,0.0,0.0,0.0,0.0,0.0,0.0,0.0,0.0,0.0,0.0,0.0,0.0,0.0,0.0,0.0,0.0,0.0,93342,0,0,0,3,BOX ELDER
85,30085,0.0,0.0,0.0,0.0,0.0,0.0,0.0,0.0,0.0,0.0,0.0,0.0,0.0,0.0,0.0,0.0,0.0,0.0,0.0,0.0,93342,0,0,0,3,BOX ELDER
86,30086,0.0,0.0,0.0,0.0,0.0,0.0,0.0,0.0,0.0,0.0,0.0,0.0,0.0,0.0,0.0,0.0,0.0,0.0,0.0,0.0,71342,0,0,0,3,BOX ELDER
87,30087,0.0,0.0,0.0,0.0,0.0,0.0,0.0,0.0,0.0,0.0,0.0,0.0,0.0,0.0,0.0,0.0,0.0,0.0,0.0,0.0,93342,0,0,0,3,BOX ELDER
88,30088,0.0,0.0,0.0,0.0,0.0,0.0,0.0,0.0,0.0,0.0,0.0,0.0,0.0,0.0,0.0,0.0,0.0,0.0,0.0,0.0,93342,0,0,0,3,BOX ELDER
89,30089,0.0,0.0,0.0,0.0,0.0,0.0,0.0,0.0,0.0,0.0,0.0,0.0,0.0,0.0,0.0,0.0,0.0,0.0,0.0,0.0,93342,0,0,0,3,BOX ELDER
90,30090,0.0,0.0,0.0,0.0,0.0,0.0,0.0,0.0,0.0,0.0,0.0,0.0,0.0,0.0,0.0,0.0,0.0,0.0,0.0,0.0,93342,0,0,0,3,BOX ELDER
91,30091,0.0,0.0,0.0,0.0,0.0,0.0,0.0,0.0,0.0,0.0,0.0,0.0,0.0,0.0,0.0,0.0,0.0,0.0,0.0,0.0,93342,0,0,0,3,BOX ELDER
92,30092,0.0,0.0,0.0,0.0,0.0,0.0,0.0,0.0,0.0,0.0,0.0,0.0,0.0,0.0,0.0,0.0,0.0,0.0,0.0,0.0,93342,0,0,0,3,BOX ELDER
93,30093,0.0,0.0,0.0,0.0,0.0,0.0,0.0,0.0,0.0,0.0,0.0,0.0,0.0,0.0,0.0,0.0,0.0,0.0,0.0,0.0,71901,0,0,0,3,BOX ELDER
94,30094,0.0,0.0,0.0,0.0,0.0,0.0,0.0,0.0,0.0,0.0,0.0,0.0,0.0,0.0,0.0,0.0,0.0,0.0,0.0,0.0,71901,0,0,0,3,BOX ELDER
95,30095,0.0,0.0,0.0,0.0,0.0,0.0,0.0,0.0,0.0,0.0,0.0,0.0,0.0,0.0,0.0,0.0,0.0,0.0,0.0,0.0,71901,0,0,0,3,BOX ELDER
96,30096,0.0,0.0,0.0,0.0,0.0,0.0,0.0,0.0,0.0,0.0,0.0,0.0,0.0,0.0,0.0,0.0,0.0,0.0,0.0,0.0,93342,0,0,0,3,BOX ELDER
97,30097,0.0,0.0,0.0,0.0,0.0,0.0,0.0,0.0,0.0,0.0,0.0,0.0,0.0,0.0,0.0,0.0,0.0,0.0,0.0,0.0,71342,0,0,0,3,BOX ELDER
98,30098,0.0,0.0,0.0,0.0,0.0,0.0,0.0,0.0,0.0,0.0,0.0,0.0,0.0,0.0,0.0,0.0,0.0,0.0,0.0,0.0,71342,0,0,0,3,BOX ELDER
99,30099,0.0,0.0,0.0,0.0,0.0,0.0,0.0,0.0,0.0,0.0,0.0,0.0,0.0,0.0,0.0,0.0,0.0,0.0,0.0,0.0,90006,0,0,0,3,BOX ELDER
100,30100,0.0,0.0,0.0,0.0,0.0,0.0,0.0,0.0,0.0,0.0,0.0,0.0,0.0,0.0,0.0,0.0,0.0,0.0,0.0,0.0,90006,0,0,0,3,BOX ELDER
101,30101,0.0,0.0,0.0,0.0,0.0,0.0,0.0,0.0,0.0,0.0,0.0,0.0,0.0,0.0,0.0,0.0,0.0,0.0,0.0,0.0,83414,0,0,0,3,BOX ELDER
102,30102,0.0,0.0,0.0,0.0,0.0,0.0,0.0,0.0,0.0,0.0,0.0,0.0,0.0,0.0,0.0,0.0,0.0,0.0,0.0,0.0,90006,0,0,0,3,BOX ELDER
103,30103,0.0,0.0,0.0,0.0,0.0,0.0,0.0,0.0,0.0,0.0,0.0,0.0,0.0,0.0,0.0,0.0,0.0,0.0,0.0,0.0,90006,0,0,0,3,BOX ELDER
104,30104,0.0,0.0,0.0,0.0,0.0,0.0,0.0,0.0,0.0,0.0,0.0,0.0,0.0,0.0,0.0,0.0,0.0,0.0,0.0,0.0,90006,0,0,0,3,BOX ELDER
105,30105,0.0,0.0,0.0,0.0,0.0,0.0,0.0,0.0,0.0,0.0,0.0,0.0,0.0,0.0,0.0,0.0,0.0,0.0,0.0,0.0,80348,0,0,0,3,BOX ELDER
106,30106,0.0,0.0,0.0,0.0,0.0,0.0,0.0,0.0,0.0,0.0,0.0,0.0,0.0,0.0,0.0,0.0,0.0,0.0,0.0,0.0,74493,0,0,0,3,BOX ELDER
107,30107,0.0,0.0,0.0,0.0,0.0,0.0,0.0,0.0,0.0,0.0,0.0,0.0,0.0,0.0,0.0,0.0,0.0,0.0,0.0,0.0,80348,0,0,0,3,BOX ELDER
108,30108,0.0,0.0,0.0,0.0,0.0,0.0,0.0,0.0,0.0,0.0,0.0,0.0,0.0,0.0,0.0,0.0,0.0,0.0,0.0,0.0,80348,0,0,0,3,BOX ELDER
109,30109,0.0,0.0,0.0,0.0,0.0,0.0,0.0,0.0,0.0,0.0,0.0,0.0,0.0,0.0,0.0,0.0,0.0,0.0,0.0,0.0,71342,0,0,0,3,BOX ELDER
110,30110,0.0,0.0,0.0,0.0,0.0,0.0,0.0,0.0,0.0,0.0,0.0,0.0,0.0,0.0,0.0,0.0,0.0,0.0,0.0,0.0,80348,0,0,0,3,BOX ELDER
111,30111,0.0,0.0,0.0,0.0,0.0,0.0,0.0,0.0,0.0,0.0,0.0,0.0,0.0,0.0,0.0,0.0,0.0,0.0,0.0,0.0,80348,0,0,0,3,BOX ELDER
112,30112,0.0,0.0,0.0,0.0,0.0,0.0,0.0,0.0,0.0,0.0,0.0,0.0,0.0,0.0,0.0,0.0,0.0,0.0,0.0,0.0,80348,0,0,0,3,BOX ELDER
113,30113,0.0,0.0,0.0,0.0,0.0,0.0,0.0,0.0,0.0,0.0,0.0,0.0,0.0,0.0,0.0,0.0,0.0,0.0,0.0,0.0,80348,0,0,0,3,BOX ELDER
114,30114,0.0,0.0,0.0,0.0,0.0,0.0,0.0,0.0,0.0,0.0,0.0,0.0,0.0,0.0,0.0,0.0,0.0,0.0,0.0,0.0,74493,0,0,0,3,BOX ELDER
115,30115,0.0,0.0,0.0,0.0,0.0,0.0,0.0,0.0,0.0,0.0,0.0,0.0,0.0,0.0,0.0,0.0,0.0,0.0,0.0,0.0,80348,0,0,0,3,BOX ELDER
116,30116,0.0,0.0,0.0,0.0,0.0,0.0,0.0,0.0,0.0,0.0,0.0,0.0,0.0,0.0,0.0,0.0,0.0,0.0,0.0,0.0,80348,0,0,0,3,BOX ELDER
117,30117,0.0,0.0,0.0,0.0,0.0,0.0,0.0,0.0,0.0,0.0,0.0,0.0,0.0,0.0,0.0,0.0,0.0,0.0,0.0,0.0,80348,0,0,0,3,BOX ELDER
118,30118,0.0,0.0,0.0,0.0,0.0,0.0,0.0,0.0,0.0,0.0,0.0,0.0,0.0,0.0,0.0,0.0,0.0,0.0,0.0,0.0,74493,0,0,0,3,BOX ELDER
119,30119,0.0,0.0,0.0,0.0,0.0,0.0,0.0,0.0,0.0,0.0,0.0,0.0,0.0,0.0,0.0,0.0,0.0,0.0,0.0,0.0,80348,0,0,0,3,BOX ELDER
120,30120,0.0,0.0,0.0,0.0,0.0,0.0,0.0,0.0,0.0,0.0,0.0,0.0,0.0,0.0,0.0,0.0,0.0,0.0,0.0,0.0,80348,0,0,0,3,BOX ELDER
121,30121,0.0,0.0,0.0,0.0,0.0,0.0,0.0,0.0,0.0,0.0,0.0,0.0,0.0,0.0,0.0,0.0,0.0,0.0,0.0,0.0,80348,0,0,0,3,BOX ELDER
122,30122,0.0,0.0,0.0,0.0,0.0,0.0,0.0,0.0,0.0,0.0,0.0,0.0,0.0,0.0,0.0,0.0,0.0,0.0,0.0,0.0,74493,0,0,0,3,BOX ELDER
123,30123,0.0,0.0,0.0,0.0,0.0,0.0,0.0,0.0,0.0,0.0,0.0,0.0,0.0,0.0,0.0,0.0,0.0,0.0,0.0,0.0,80348,0,0,0,3,BOX ELDER
124,30124,0.0,0.0,0.0,0.0,0.0,0.0,0.0,0.0,0.0,0.0,0.0,0.0,0.0,0.0,0.0,0.0,0.0,0.0,0.0,0.0,80348,0,0,0,3,BOX ELDER
125,30125,0.0,0.0,0.0,0.0,0.0,0.0,0.0,0.0,0.0,0.0,0.0,0.0,0.0,0.0,0.0,0.0,0.0,0.0,0.0,0.0,80348,0,0,0,3,BOX ELDER
126,30126,0.0,0.0,0.0,0.0,0.0,0.0,0.0,0.0,0.0,0.0,0.0,0.0,0.0,0.0,0.0,0.0,0.0,0.0,0.0,0.0,74493,0,0,0,3,BOX ELDER
127,30127,0.0,0.0,0.0,0.0,0.0,0.0,0.0,0.0,0.0,0.0,0.0,0.0,0.0,0.0,0.0,0.0,0.0,0.0,0.0,0.0,80348,0,0,0,3,BOX ELDER
128,30128,0.0,0.0,0.0,0.0,0.0,0.0,0.0,0.0,0.0,0.0,0.0,0.0,0.0,0.0,0.0,0.0,0.0,0.0,0.0,0.0,80348,0,0,0,3,BOX ELDER
129,30129,0.0,0.0,0.0,0.0,0.0,0.0,0.0,0.0,0.0,0.0,0.0,0.0,0.0,0.0,0.0,0.0,0.0,0.0,0.0,0.0,80348,0,0,0,3,BOX ELDER
130,30130,0.0,0.0,0.0,0.0,0.0,0.0,0.0,0.0,0.0,0.0,0.0,0.0,0.0,0.0,0.0,0.0,0.0,0.0,0.0,0.0,74493,0,0,0,3,BOX ELDER
131,30131,0.0,0.0,0.0,0.0,0.0,0.0,0.0,0.0,0.0,0.0,0.0,0.0,0.0,0.0,0.0,0.0,0.0,0.0,0.0,0.0,74493,0,0,0,3,BOX ELDER
132,30132,0.0,0.0,0.0,0.0,0.0,0.0,0.0,0.0,0.0,0.0,0.0,0.0,0.0,0.0,0.0,0.0,0.0,0.0,0.0,0.0,74493,0,0,0,3,BOX ELDER
133,30133,0.0,0.0,0.0,0.0,0.0,0.0,0.0,0.0,0.0,0.0,0.0,0.0,0.0,0.0,0.0,0.0,0.0,0.0,0.0,0.0,80348,0,0,0,3,BOX ELDER
134,30134,0.0,0.0,0.0,0.0,0.0,0.0,0.0,0.0,0.0,0.0,0.0,0.0,0.0,0.0,0.0,0.0,0.0,0.0,0.0,0.0,80348,0,0,0,3,BOX ELDER
135,30135,0.0,0.0,0.0,0.0,0.0,0.0,0.0,0.0,0.0,0.0,0.0,0.0,0.0,0.0,0.0,0.0,0.0,0.0,0.0,0.0,80348,0,0,0,3,BOX ELDER
136,30136,0.0,0.0,0.0,0.0,0.0,0.0,0.0,0.0,0.0,0.0,0.0,0.0,0.0,0.0,0.0,0.0,0.0,0.0,0.0,0.0,74493,0,0,0,3,BOX ELDER
137,30137,0.0,0.0,0.0,0.0,0.0,0.0,0.0,0.0,0.0,0.0,0.0,0.0,0.0,0.0,0.0,0.0,0.0,0.0,0.0,0.0,80348,0,0,0,3,BOX ELDER
138,30138,0.0,0.0,0.0,0.0,0.0,0.0,0.0,0.0,0.0,0.0,0.0,0.0,0.0,0.0,0.0,0.0,0.0,0.0,0.0,0.0,80348,0,0,0,3,BOX ELDER
139,30139,0.0,0.0,0.0,0.0,0.0,0.0,0.0,0.0,0.0,0.0,0.0,0.0,0.0,0.0,0.0,0.0,0.0,0.0,0.0,0.0,74493,0,0,0,3,BOX ELDER
140,30140,0.0,0.0,0.0,0.0,0.0,0.0,0.0,0.0,0.0,0.0,0.0,0.0,0.0,0.0,0.0,0.0,0.0,0.0,0.0,0.0,80348,0,0,0,3,BOX ELDER
141,30141,0.0,0.0,0.0,0.0,0.0,0.0,0.0,0.0,0.0,0.0,0.0,0.0,0.0,0.0,0.0,0.0,0.0,0.0,0.0,0.0,80348,0,0,0,3,BOX ELDER
142,30142,0.0,0.0,0.0,0.0,0.0,0.0,0.0,0.0,0.0,0.0,0.0,0.0,0.0,0.0,0.0,0.0,0.0,0.0,0.0,0.0,80348,0,0,0,3,BOX ELDER
143,30143,0.0,0.0,0.0,0.0,0.0,0.0,0.0,0.0,0.0,0.0,0.0,0.0,0.0,0.0,0.0,0.0,0.0,0.0,0.0,0.0,80348,0,0,0,3,BOX ELDER
144,30144,0.0,0.0,0.0,0.0,0.0,0.0,0.0,0.0,0.0,0.0,0.0,0.0,0.0,0.0,0.0,0.0,0.0,0.0,0.0,0.0,80348,0,0,0,3,BOX ELDER
145,30145,0.0,0.0,0.0,0.0,0.0,0.0,0.0,0.0,0.0,0.0,0.0,0.0,0.0,0.0,0.0,0.0,0.0,0.0,0.0,0.0,78516,0,0,0,3,BOX ELDER
146,30146,0.0,0.0,0.0,0.0,0.0,0.0,0.0,0.0,0.0,0.0,0.0,0.0,0.0,0.0,0.0,0.0,0.0,0.0,0.0,0.0,79483,0,0,0,3,BOX ELDER
147,30147,0.0,0.0,0.0,0.0,0.0,0.0,0.0,0.0,0.0,0.0,0.0,0.0,0.0,0.0,0.0,0.0,0.0,0.0,0.0,0.0,84675,0,0,0,3,BOX ELDER
148,30148,0.0,0.0,0.0,0.0,0.0,0.0,0.0,0.0,0.0,0.0,0.0,0.0,0.0,0.0,0.0,0.0,0.0,0.0,0.0,0.0,79483,0,0,0,3,BOX ELDER
149,30149,0.0,0.0,0.0,0.0,0.0,0.0,0.0,0.0,0.0,0.0,0.0,0.0,0.0,0.0,0.0,0.0,0.0,0.0,0.0,0.0,79483,0,0,0,3,BOX ELDER
150,30150,0.0,0.0,0.0,0.0,0.0,0.0,0.0,0.0,0.0,0.0,0.0,0.0,0.0,0.0,0.0,0.0,0.0,0.0,0.0,0.0,84445,0,0,0,3,BOX ELDER
151,30151,0.0,0.0,0.0,0.0,0.0,0.0,0.0,0.0,0.0,0.0,0.0,0.0,0.0,0.0,0.0,0.0,0.0,0.0,0.0,0.0,84675,0,0,0,3,BOX ELDER
152,30152,0.0,0.0,0.0,0.0,0.0,0.0,0.0,0.0,0.0,0.0,0.0,0.0,0.0,0.0,0.0,0.0,0.0,0.0,0.0,0.0,74493,0,0,0,3,BOX ELDER
153,30153,0.0,0.0,0.0,0.0,0.0,0.0,0.0,0.0,0.0,0.0,0.0,0.0,0.0,0.0,0.0,0.0,0.0,0.0,0.0,0.0,74493,0,0,0,3,BOX ELDER
582,110001,34.0,109.7293192382848,3.2273329187730826,0.0,0.0,0.0,0.0,42.41503541961598,0.0,0.0,0.0,0.0,0.0,0.0,0.0,0.0,40.4162724692526,0.0,0.0,1.9987629503633837,91175,0,0,0,11,DAVIS
583,110002,185.0,573.3604068306773,3.0992454423279856,0.0,0.0,0.0,0.0,321.3912434099546,0.0,0.0,0.0,0.0,0.0,0.0,0.0,0.0,44.457899716177856,0.0,267.9389104171415,8.994433276635224,91175,0,0,0,11,DAVIS
584,110003,183.0,605.9826368744917,3.3113805293688072,1.0,1.0,0.0,0.0,58.11110895404195,0.0,1.0,0.0,0.0,0.0,0.0,0.0,0.0,12.12488174077578,0.0,35.991793936630955,8.994433276635224,93635,0,0,0,11,DAVIS
585,110004,121.0,334.13071984270505,2.761410907790951,420.0,137.0,11.0,272.0,466.0828838243264,4.0,133.0,10.0,1.0,18.0,19.0,72.0,163.0,9.093661305581834,0.0,30.992933667654434,5.996288851090149,93635,0,0,0,11,DAVIS
586,110005,39.0,109.7293192382848,2.813572288161149,0.0,0.0,0.0,0.0,82.17195289683592,0.0,0.0,0.0,0.0,0.0,0.0,0.0,0.0,18.18732261116367,0.0,61.98586733530887,1.9987629503633837,91175,0,0,0,11,DAVIS
587,110006,145.0,466.59674486910296,3.2179085853041585,3.0,0.0,0.0,3.0,22.120552067047623,0.0,0.0,0.0,0.0,2.0,0.0,1.0,0.0,12.12488174077578,0.0,0.0,6.995670326271841,93635,0,0,0,11,DAVIS
588,110007,176.0,541.726729212433,3.0779927796160966,92.0,0.0,43.0,49.0,105.0470858601101,0.0,0.0,0.0,43.0,0.0,1.0,0.0,48.0,5.052034058656575,0.0,0.0,7.995051801453533,93635,0,0,0,11,DAVIS
589,110008,67.0,206.60745694415783,3.0836933872262366,0.0,0.0,0.0,0.0,15.123026166320855,0.0,0.0,0.0,0.0,0.0,0.0,0.0,0.0,12.12488174077578,0.0,0.0,2.9981444255450747,93635,0,0,0,11,DAVIS
590,110009,163.0,486.3677933805056,2.983851493131936,0.0,0.0,0.0,0.0,17.088713107035367,0.0,0.0,0.0,0.0,0.0,0.0,0.0,0.0,9.093661305581834,0.0,0.0,7.995051801453533,93635,0,0,0,11,DAVIS
591,110010,249.0,819.5099607976406,3.291204661837914,0.0,0.0,0.0,0.0,15.023798137374246,0.0,0.0,0.0,0.0,0.0,0.0,0.0,0.0,3.031220435193945,0.0,0.0,11.9925777021803,93635,0,0,0,11,DAVIS
592,110011,164.0,544.6923864891435,3.321295039567948,12.0,0.0,0.0,12.0,25.04708586011011,0.0,0.0,0.0,0.0,12.0,0.0,0.0,0.0,5.052034058656575,0.0,0.0,7.995051801453533,91175,0,0,0,11,DAVIS
593,110012,199.0,657.3873630041387,3.303454085447933,243.0,1.0,34.0,208.0,273.05345495395267,1.0,0.0,2.0,32.0,2.0,117.0,1.0,88.0,6.06244087038789,0.0,14.996580806929565,8.994433276635224,90061,945,0,0,11,DAVIS
594,110013,294.0,939.1248042916268,3.1943020554136963,264.0,25.0,42.0,197.0,279.001747464275,25.0,0.0,2.0,40.0,7.0,51.0,109.0,30.0,1.010406811731315,0.0,0.0,13.991340652543682,89302,0,0,0,11,DAVIS
595,110014,705.0,2183.7123080844244,3.0974642667864174,723.0,2.0,129.0,592.0,756.9899954927271,0.0,2.0,20.0,109.0,113.0,224.0,25.0,230.0,1.010406811731315,0.0,0.0,32.979588680995825,89302,877,1342,0,11,DAVIS
596,110015,402.0,1155.6177854914858,2.874671108187776,17.0,5.0,0.0,12.0,69.9911326154285,4.0,1.0,0.0,0.0,1.0,0.0,1.0,10.0,1.010406811731315,0.0,32.99247777524504,18.98824802845214,60058,0,0,0,11,DAVIS
597,110016,192.0,614.8796087046229,3.2024979620032443,0.0,0.0,0.0,0.0,19.098501393948375,0.0,0.0,0.0,0.0,0.0,0.0,0.0,0.0,10.10406811731315,0.0,0.0,8.994433276635224,91175,0,0,0,11,DAVIS
598,110017,218.0,693.9638027502336,3.183320196101989,130.0,37.0,9.0,84.0,160.20195098644322,25.0,12.0,6.0,3.0,5.0,2.0,45.0,32.0,20.2081362346263,0.0,0.0,9.993814751816917,91175,0,0,0,11,DAVIS
599,110018,148.0,443.86003908098985,2.9990543181147964,58.0,0.0,5.0,53.0,119.12161308438641,0.0,0.0,0.0,5.0,0.0,0.0,23.0,30.0,13.135288552507095,0.0,40.99065420560748,6.995670326271841,97179,0,0,0,11,DAVIS
600,110019,775.0,2132.3075819547776,2.751364621877132,860.0,562.0,0.0,298.0,1463.9648514209562,284.0,278.0,0.0,0.0,99.0,22.0,2.0,175.0,11.114474929044464,0.0,555.8732619101892,36.97711458172259,97584,0,0,0,11,DAVIS
601,110020,387.0,1162.5376524704768,3.0039732621976145,43.0,36.0,0.0,7.0,134.98263329205898,12.0,24.0,0.0,0.0,3.0,0.0,1.0,3.0,1.010406811731315,0.0,72.98335992705722,17.988866553270448,67768,0,0,0,11,DAVIS
602,110021,55.0,177.939436602624,3.235262483684073,0.0,0.0,0.0,0.0,162.15332662184665,0.0,0.0,0.0,0.0,0.0,0.0,0.0,0.0,18.18732261116367,0.0,140.96785958513792,2.9981444255450747,91175,0,0,0,11,DAVIS
603,110022,254.0,821.4870656487808,3.234201045861342,3.0,0.0,0.0,3.0,18.023798137374246,0.0,0.0,0.0,0.0,1.0,0.0,0.0,2.0,3.031220435193945,0.0,0.0,11.9925777021803,93208,0,0,0,11,DAVIS
604,110023,358.0,1134.8581845545132,3.169994928923221,10.0,1.0,2.0,7.0,29.01029870155139,1.0,0.0,0.0,2.0,0.0,0.0,0.0,7.0,2.02081362346263,0.0,0.0,16.98948507808876,83139,0,0,0,11,DAVIS
605,110024,16.0,35.5878873205248,2.2242429575328,745.0,161.0,5.0,579.0,798.0619715780897,136.0,25.0,0.0,5.0,19.0,35.0,291.0,234.0,7.072847682119205,0.0,44.989742420788694,0.9993814751816916,72574,0,0,0,11,DAVIS
606,110025,332.0,1061.7053050623233,3.197907545368444,0.0,0.0,0.0,0.0,15.990103602907066,0.0,0.0,0.0,0.0,0.0,0.0,0.0,0.0,0.0,0.0,0.0,15.990103602907066,72495,0,0,0,11,DAVIS
607,110026,294.0,942.0904615683372,3.204389325062371,16.0,0.0,1.0,15.0,29.991340652543684,0.0,0.0,0.0,1.0,6.0,0.0,0.0,9.0,0.0,0.0,0.0,13.991340652543682,60368,0,0,0,11,DAVIS
608,110027,219.0,704.837879431505,3.2184378056233105,0.0,0.0,0.0,0.0,20.055343837386026,0.0,0.0,0.0,0.0,0.0,0.0,0.0,0.0,6.06244087038789,0.0,3.9990882151812173,9.993814751816917,93635,0,0,0,11,DAVIS
609,110028,879.0,2861.859272025536,3.25581259616102,766.0,258.0,41.0,467.0,806.9746404824493,139.0,119.0,27.0,14.0,19.0,77.0,6.0,365.0,0.0,0.0,0.0,40.97464048244936,83139,734,0,0,11,DAVIS
610,110029,185.0,575.3375116818177,3.1099324955773926,1217.0,761.0,2.0,454.0,1225.9944332766352,613.0,148.0,2.0,0.0,5.0,250.0,118.0,81.0,0.0,0.0,0.0,8.994433276635224,72574,531,0,0,11,DAVIS
611,110030,373.0,1108.1672690641194,2.970957825909167,239.0,65.0,10.0,164.0,265.9868150374282,65.0,0.0,0.0,10.0,1.0,62.0,4.0,97.0,0.0,0.0,8.997948484157739,17.988866553270448,72574,541,0,0,11,DAVIS
612,110031,462.0,1475.9087713762092,3.194607730251535,64.0,1.0,5.0,58.0,85.98639245399721,1.0,0.0,1.0,4.0,0.0,10.0,1.0,47.0,0.0,0.0,0.0,21.98639245399721,74962,0,0,0,11,DAVIS
613,110032,152.0,510.0930515941888,3.355875339435453,0.0,0.0,0.0,0.0,8.006077138003157,0.0,0.0,0.0,0.0,0.0,0.0,0.0,0.0,1.010406811731315,0.0,0.0,6.995670326271841,93635,0,0,0,11,DAVIS
614,110033,862.0,2890.52729236707,3.3532799215395244,241.0,103.0,0.0,138.0,281.97464048244933,52.0,51.0,0.0,0.0,0.0,2.0,117.0,19.0,0.0,0.0,0.0,40.97464048244936,81139,0,0,0,11,DAVIS
615,110034,168.0,548.646596191424,3.265753548758476,1249.0,644.0,2.0,603.0,1258.0054586131848,517.0,127.0,2.0,0.0,6.0,48.0,63.0,486.0,1.010406811731315,0.0,0.0,7.995051801453533,96912,0,0,0,11,DAVIS
616,110035,392.0,1253.484475622929,3.197664478629921,177.0,11.0,35.0,131.0,194.98886655327044,11.0,0.0,2.0,33.0,5.0,57.0,7.0,62.0,0.0,0.0,0.0,17.988866553270448,96912,480,0,0,11,DAVIS
617,110036,489.0,1564.878489677521,3.2001605105879776,24.0,0.0,7.0,17.0,46.985773929178904,0.0,0.0,0.0,7.0,5.0,1.0,0.0,11.0,0.0,0.0,0.0,22.985773929178908,91112,0,0,0,11,DAVIS
618,110037,268.0,918.365203354654,3.4267358334128875,213.0,30.0,60.0,123.0,257.0487013926325,30.0,0.0,28.0,32.0,7.0,12.0,1.0,103.0,6.06244087038789,0.0,24.994301344882608,12.991959177361991,81139,0,0,0,11,DAVIS
619,110038,20.0,58.32459310863787,2.9162296554318936,25.0,10.0,1.0,14.0,35.093042780763525,1.0,9.0,0.0,1.0,12.0,1.0,0.0,1.0,9.093661305581834,0.0,0.0,0.9993814751816916,96912,0,0,0,11,DAVIS
620,110039,368.0,1203.0683019188525,3.269207342170794,9.0,0.0,0.0,9.0,41.996472696749635,0.0,0.0,0.0,0.0,1.0,0.0,0.0,8.0,1.010406811731315,0.0,14.996580806929565,16.98948507808876,94690,0,0,0,11,DAVIS
621,110040,560.0,1773.4630514728192,3.1668983062014626,5.0,3.0,0.0,2.0,30.983918354723983,3.0,0.0,0.0,0.0,0.0,0.0,0.0,2.0,0.0,0.0,0.0,25.983918354723983,65721,0,0,0,11,DAVIS
622,110041,619.0,1778.40581360067,2.8730303935390467,3077.0,585.0,9.0,2483.0,3112.9804671568363,577.0,8.0,4.0,5.0,570.0,113.0,89.0,1711.0,0.0,0.0,6.99840437656713,28.982062780269057,66155,299,0,0,11,DAVIS
623,110042,0.0,0.0,0.0,902.0,0.0,235.0,667.0,902.0,0.0,0.0,235.0,0.0,417.0,100.0,0.0,150.0,0.0,0.0,0.0,0.0,49014,0,0,0,11,DAVIS
624,110043,581.0,1636.0542643185706,2.8159281657806723,368.0,54.0,30.0,284.0,422.97691733617415,25.0,29.0,1.0,29.0,14.0,55.0,13.0,202.0,0.0,0.0,27.99361750626852,26.983299829905675,58909,333,0,0,11,DAVIS
625,110044,537.0,1583.6609857633537,2.949089358963415,672.0,30.0,250.0,392.0,779.9656173445525,19.0,11.0,3.0,247.0,34.0,122.0,2.0,234.0,0.0,0.0,82.98108046501025,24.98453687954229,55845,0,964,0,11,DAVIS
626,110045,0.0,0.0,0.0,0.0,0.0,0.0,0.0,0.0,0.0,0.0,0.0,0.0,0.0,0.0,0.0,0.0,0.0,0.0,0.0,0.0,49014,0,0,0,11,DAVIS
627,110046,369.0,1101.2474020851284,2.9844103037537355,433.0,33.0,37.0,363.0,449.98948507808876,24.0,9.0,21.0,16.0,154.0,49.0,21.0,139.0,0.0,0.0,0.0,16.98948507808876,60255,305,0,0,11,DAVIS
628,110047,0.0,0.0,0.0,0.0,0.0,0.0,0.0,0.0,0.0,0.0,0.0,0.0,0.0,0.0,0.0,0.0,0.0,0.0,0.0,0.0,49014,0,0,0,11,DAVIS
629,110048,0.0,0.0,0.0,300.0,0.0,0.0,300.0,300.0,0.0,0.0,0.0,0.0,0.0,300.0,0.0,0.0,0.0,0.0,0.0,0.0,49014,0,0,0,11,DAVIS
630,110049,0.0,0.0,0.0,0.0,0.0,0.0,0.0,0.0,0.0,0.0,0.0,0.0,0.0,0.0,0.0,0.0,0.0,0.0,0.0,0.0,49014,0,0,0,11,DAVIS
631,110050,0.0,0.0,0.0,4100.0,0.0,592.0,3508.0,4100.0,0.0,0.0,592.0,0.0,655.0,2589.0,264.0,0.0,0.0,0.0,0.0,0.0,49014,0,0,0,11,DAVIS
632,110051,0.0,0.0,0.0,0.0,0.0,0.0,0.0,0.0,0.0,0.0,0.0,0.0,0.0,0.0,0.0,0.0,0.0,0.0,0.0,0.0,49014,0,0,0,11,DAVIS
633,110052,0.0,0.0,0.0,23873.0,251.0,0.0,23622.0,23873.0,205.0,46.0,0.0,0.0,653.0,22503.0,245.0,221.0,0.0,0.0,0.0,0.0,49014,0,0,0,11,DAVIS
634,110053,0.0,0.0,0.0,0.0,0.0,0.0,0.0,0.0,0.0,0.0,0.0,0.0,0.0,0.0,0.0,0.0,0.0,0.0,0.0,0.0,49014,0,0,0,11,DAVIS
635,110054,187.0,572.3718544051072,3.0608120556422844,228.0,5.0,0.0,223.0,727.9782245115538,3.0,2.0,0.0,0.0,4.0,23.0,0.0,196.0,9.093661305581834,0.0,481.8901299293367,8.994433276635224,94630,0,0,0,11,DAVIS
636,110055,567.0,1612.3290061048874,2.843613767380754,1271.0,223.0,238.0,810.0,1316.1706224410693,47.0,176.0,39.0,199.0,46.0,181.0,89.0,494.0,18.18732261116367,0.0,0.0,26.983299829905675,94630,817,0,0,11,DAVIS
637,110056,574.0,1744.7950311312854,3.039712597789696,82.0,0.0,11.0,71.0,113.02492707683093,0.0,0.0,0.0,11.0,2.0,56.0,5.0,8.0,4.04162724692526,0.0,0.0,26.983299829905675,94669,0,0,0,11,DAVIS
638,110057,663.0,2128.353372252497,3.210186081828804,293.0,8.0,43.0,242.0,326.00163935409506,4.0,4.0,2.0,41.0,12.0,68.0,12.0,150.0,2.02081362346263,0.0,0.0,30.98082573063244,105552,370,251,0,11,DAVIS
639,110058,4.0,8.8969718301312,2.2242429575328,51.0,37.0,0.0,14.0,96.144,0.0,37.0,0.0,0.0,0.0,0.0,8.0,6.0,0.0,45.144,0.0,0.0,105552,0,0,0,11,DAVIS
640,110059,0.0,0.0,0.0,0.0,0.0,0.0,0.0,0.0,0.0,0.0,0.0,0.0,0.0,0.0,0.0,0.0,0.0,0.0,0.0,0.0,105552,0,0,0,11,DAVIS
641,110060,40.0,96.87813770587309,2.421953442646827,343.0,0.0,86.0,257.0,347.019576573826,0.0,0.0,3.0,83.0,6.0,48.0,5.0,198.0,2.02081362346263,0.0,0.0,1.9987629503633837,107637,0,0,0,11,DAVIS
642,110061,424.0,1389.9047103516075,3.278077147055678,9.0,0.0,0.0,9.0,28.987629503633837,0.0,0.0,0.0,0.0,6.0,0.0,0.0,3.0,0.0,0.0,0.0,19.987629503633837,107062,0,0,0,11,DAVIS
643,110062,700.0,2043.337863653465,2.919054090933522,550.0,196.0,16.0,338.0,614.9722944024455,175.0,21.0,1.0,15.0,5.0,69.0,29.0,235.0,0.0,0.0,31.992705721449738,32.979588680995825,60506,462,0,0,11,DAVIS
644,110063,440.0,1444.275093757965,3.282443394904466,0.0,0.0,0.0,0.0,43.981768216107525,0.0,0.0,0.0,0.0,0.0,0.0,0.0,0.0,0.0,0.0,22.994757237292,20.987010978815523,72140,0,0,0,11,DAVIS
645,110064,893.0,2602.858536526161,2.914735203276776,212.0,122.0,9.0,81.0,421.9357269952422,40.0,82.0,8.0,1.0,23.0,0.0,4.0,54.0,0.0,0.0,167.96170503761113,41.974021957631045,46352,0,0,0,11,DAVIS
646,110065,1213.0,3253.326032551309,2.6820494909738737,811.0,55.0,33.0,723.0,941.9478760662089,17.0,38.0,2.0,31.0,26.0,209.0,227.0,261.0,0.0,0.0,73.98313198085252,56.96474408535642,51332,462,0,0,11,DAVIS
647,110066,0.0,0.0,0.0,1420.0,33.0,355.0,1032.0,1420.0,0.0,33.0,355.0,0.0,693.0,60.0,0.0,279.0,0.0,0.0,0.0,0.0,49014,0,0,0,11,DAVIS
648,110067,530.0,1619.2488730838784,3.0551865529884497,0.0,0.0,0.0,0.0,34.992892175431344,0.0,0.0,0.0,0.0,0.0,0.0,0.0,0.0,1.010406811731315,0.0,8.997948484157739,24.98453687954229,70231,0,0,0,11,DAVIS
649,110068,344.0,1047.8655711043414,3.0461208462335505,24.0,19.0,0.0,5.0,44.03173084983233,19.0,0.0,0.0,0.0,1.0,0.0,0.0,4.0,4.04162724692526,0.0,0.0,15.990103602907066,88595,0,0,0,11,DAVIS
650,110069,399.0,1283.1410483900331,3.21589235185472,3.0,0.0,1.0,2.0,32.98574062020049,0.0,0.0,0.0,1.0,0.0,0.0,1.0,1.0,0.0,0.0,10.997492591748347,18.98824802845214,88595,0,0,0,11,DAVIS
651,110070,0.0,0.0,0.0,408.0,6.0,170.0,232.0,426.0384360000595,3.0,3.0,66.0,104.0,3.0,7.0,0.0,222.0,4.04162724692526,0.0,13.99680875313426,0.0,88595,0,0,0,11,DAVIS
652,110071,34.0,100.8323474081536,2.9656572767104,612.0,5.0,293.0,314.0,613.9987629503634,5.0,0.0,188.0,105.0,26.0,17.0,246.0,25.0,0.0,0.0,0.0,1.9987629503633837,82312,0,0,0,11,DAVIS
653,110072,352.0,826.4298277766314,2.3478120107290668,684.0,130.0,2.0,552.0,727.983330530562,127.0,3.0,0.0,2.0,122.0,101.0,60.0,269.0,0.0,0.0,26.993845452473217,16.98948507808876,35289,0,0,0,11,DAVIS
654,110073,799.0,2266.750711832316,2.8369846205661022,734.0,118.0,38.0,578.0,1089.904009163811,77.0,41.0,1.0,37.0,116.0,9.0,106.0,347.0,0.0,0.0,317.92751310690676,37.97649605690428,57882,0,0,0,11,DAVIS
655,110074,1117.0,3040.78726105373,2.722280448570931,152.0,0.0,0.0,152.0,204.96721818462964,0.0,0.0,0.0,0.0,0.0,105.0,2.0,45.0,0.0,0.0,0.0,52.96721818462966,52244,528,0,0,11,DAVIS
656,110075,425.0,1484.8057432063404,3.4936605722502128,9.0,1.0,6.0,2.0,63.00114884854621,1.0,0.0,4.0,2.0,0.0,0.0,0.0,2.0,2.02081362346263,0.0,31.992705721449738,19.987629503633837,87014,0,0,0,11,DAVIS
657,110076,1.0,4.942762127850667,4.942762127850667,2376.0,15.0,2243.0,118.0,2376.0,15.0,0.0,2180.0,63.0,37.0,79.0,0.0,2.0,0.0,0.0,0.0,0.0,53084,0,0,0,11,DAVIS
658,110077,559.0,1498.645477164322,2.6809400307054063,152.0,18.0,27.0,107.0,177.98391835472398,8.0,10.0,26.0,1.0,16.0,3.0,1.0,87.0,0.0,0.0,0.0,25.983918354723983,35195,0,0,0,11,DAVIS
659,110078,313.0,825.4412753510613,2.637192573006586,1376.0,51.0,192.0,1133.0,1434.9806924947188,10.0,41.0,187.0,5.0,73.0,188.0,11.0,861.0,0.0,0.0,43.98997036699339,14.990722127725377,53595,550,988,0,11,DAVIS
660,110079,865.0,2279.6018933647274,2.635377911404309,508.0,11.0,1.0,496.0,635.9548091626408,11.0,0.0,1.0,0.0,11.0,173.0,267.0,45.0,0.0,0.0,86.98016868019147,40.97464048244936,53532,0,0,2016,11,DAVIS
661,110080,1702.0,3940.369968322552,2.3151409919638963,1436.0,64.0,1.0,1371.0,1624.9363066361598,8.0,56.0,0.0,1.0,564.0,66.0,531.0,210.0,1.010406811731315,0.0,107.97538180989287,79.95051801453533,60401,0,0,0,11,DAVIS
662,110081,693.0,1638.0313691697108,2.3636816293935223,2532.0,43.0,4.0,2485.0,2576.976853326539,43.0,0.0,3.0,1.0,1024.0,67.0,141.0,1253.0,0.0,0.0,11.997264645543652,32.979588680995825,59130,0,0,0,11,DAVIS
663,110082,237.0,729.5516900707584,3.0782771732943397,7646.0,353.0,5613.0,1680.0,7659.014009850461,231.0,122.0,5327.0,286.0,53.0,292.0,438.0,897.0,2.02081362346263,0.0,0.0,10.993196226998608,53084,0,0,0,11,DAVIS
664,110083,777.0,1942.505516245312,2.500007099414816,413.0,56.0,24.0,333.0,531.9690577508736,9.0,47.0,24.0,0.0,13.0,22.0,128.0,170.0,1.010406811731315,0.0,80.98153635741966,36.97711458172259,40944,0,0,0,11,DAVIS
665,110084,783.0,2661.183129634799,3.398701314986972,517.0,26.0,55.0,436.0,586.0017245769805,10.0,16.0,9.0,46.0,14.0,76.0,33.0,313.0,3.031220435193945,0.0,28.993389560063825,36.97711458172259,60917,711,0,0,11,DAVIS
666,110085,1198.0,4459.359991746872,3.722337221825436,292.0,77.0,4.0,211.0,424.9478107524132,47.0,30.0,4.0,0.0,8.0,74.0,91.0,38.0,0.0,0.0,76.98244814223844,55.96536261017473,87488,0,0,0,11,DAVIS
667,110086,585.0,1658.7909701066835,2.835540119840485,191.0,45.0,12.0,134.0,677.941862544748,9.0,36.0,7.0,5.0,8.0,2.0,24.0,100.0,6.06244087038789,0.0,452.89674036927283,27.982681305087365,94203,0,0,0,11,DAVIS
668,110087,1193.0,3135.688293908463,2.628405946277001,1415.0,743.0,50.0,622.0,2012.9587981045258,253.0,490.0,36.0,14.0,91.0,37.0,25.0,469.0,11.114474929044464,0.0,530.8789605653066,55.96536261017473,97584,0,0,0,11,DAVIS
669,110088,806.0,2065.086017016009,2.5621414603176285,2220.0,26.0,747.0,1447.0,2261.007716492098,1.0,25.0,521.0,226.0,134.0,291.0,1.0,1021.0,3.031220435193945,0.0,0.0,37.97649605690428,67768,748,0,2240,11,DAVIS
670,110089,951.0,3079.340805650965,3.23800295021132,54.0,0.0,7.0,47.0,100.99298000663876,0.0,0.0,1.0,6.0,7.0,4.0,25.0,11.0,2.02081362346263,0.0,0.0,44.97216638317612,91175,0,0,0,11,DAVIS
671,110090,332.0,1026.1174177417984,3.0907151136801154,212.0,42.0,97.0,73.0,236.07335809675757,7.0,35.0,0.0,97.0,10.0,4.0,55.0,4.0,8.08325449385052,0.0,0.0,15.990103602907066,97584,0,0,0,11,DAVIS
672,110091,398.0,1472.9431140994986,3.700862095727384,45.0,5.0,4.0,36.0,80.99500770090833,5.0,0.0,0.0,4.0,21.0,1.0,12.0,2.0,1.010406811731315,0.0,15.996352860724869,18.98824802845214,87014,0,0,0,11,DAVIS
673,110092,279.0,949.010328547328,3.4014707116391683,9.0,0.0,0.0,9.0,27.043993236018565,0.0,0.0,0.0,0.0,0.0,0.0,0.0,9.0,5.052034058656575,0.0,0.0,12.991959177361991,91175,0,0,0,11,DAVIS
674,110093,420.0,1340.4770890731008,3.1916121168407163,1459.0,729.0,19.0,711.0,1575.9761534797144,586.0,143.0,15.0,4.0,118.0,171.0,72.0,350.0,1.010406811731315,0.0,95.97811716434921,19.987629503633837,97584,0,1318,0,11,DAVIS
675,110094,906.0,3156.447894845436,3.483938073780834,670.0,37.0,27.0,606.0,820.9594200006416,22.0,15.0,4.0,23.0,69.0,169.0,99.0,269.0,1.010406811731315,0.0,106.97560975609755,42.97340343281274,80015,1800,0,0,11,DAVIS
676,110095,85.0,292.6115179687595,3.442488446691288,98.0,0.0,68.0,30.0,115.13281445323386,0.0,0.0,1.0,67.0,5.0,1.0,1.0,23.0,13.135288552507095,0.0,0.0,3.9975259007267674,77899,0,0,0,11,DAVIS
677,110096,424.0,1444.275093757965,3.4063091833914267,246.0,0.0,0.0,246.0,295.289427043842,0.0,0.0,0.0,0.0,7.0,219.0,6.0,14.0,29.30179754020813,0.0,0.0,19.987629503633837,77899,929,0,0,11,DAVIS
678,110097,422.0,1439.332331630114,3.410740122346242,336.0,2.0,20.0,314.0,364.0708839974844,0.0,2.0,4.0,16.0,15.0,58.0,201.0,40.0,8.08325449385052,0.0,0.0,19.987629503633837,77899,0,0,0,11,DAVIS
679,110098,803.0,2626.5837947398445,3.2709636298130067,286.0,39.0,3.0,244.0,325.9973096803669,26.0,13.0,1.0,2.0,33.0,1.0,99.0,111.0,2.02081362346263,0.0,0.0,37.97649605690428,97356,0,0,0,11,DAVIS
680,110099,1127.0,3440.162440984064,3.052495511077253,576.0,123.0,18.0,435.0,666.9691909867872,74.0,49.0,11.0,7.0,91.0,121.0,41.0,182.0,1.010406811731315,0.0,36.99156599042626,52.96721818462966,96228,0,0,0,11,DAVIS
681,110100,680.0,2260.819397278895,3.324734407763081,720.0,282.0,108.0,330.0,755.7266140175454,175.0,107.0,22.0,86.0,27.0,104.0,7.0,192.0,1.010406811731315,2.736,0.0,31.98020720581413,122221,922,0,0,11,DAVIS
682,110101,702.0,2405.1480514121345,3.426136825373411,33.0,0.0,10.0,23.0,87.99584338036453,0.0,0.0,2.0,8.0,7.0,1.0,3.0,12.0,2.02081362346263,0.0,19.995441075906086,32.979588680995825,98876,0,0,0,11,DAVIS
683,110102,33.0,125.54615804740692,3.804429031739604,0.0,0.0,0.0,0.0,28.269340055377576,0.0,0.0,0.0,0.0,0.0,0.0,0.0,0.0,26.27057710501419,0.0,0.0,1.9987629503633837,77899,0,0,0,11,DAVIS
684,110103,199.0,579.2917213840981,2.9110136752969757,6.0,0.0,2.0,4.0,97.22034112037842,0.0,0.0,0.0,2.0,0.0,3.0,1.0,0.0,23.239356669820243,0.0,58.986551173922955,8.994433276635224,77899,0,0,0,11,DAVIS
685,110104,302.0,983.6096634422828,3.25698564053736,451.0,378.0,1.0,72.0,470.0433747112003,378.0,0.0,0.0,1.0,8.0,38.0,3.0,23.0,5.052034058656575,0.0,0.0,13.991340652543682,84343,0,0,0,11,DAVIS
686,110105,415.0,1403.7444443095894,3.3825167332761192,29.0,0.0,1.0,28.0,48.98762950363384,0.0,0.0,0.0,1.0,10.0,1.0,9.0,8.0,0.0,0.0,0.0,19.987629503633837,100411,0,0,0,11,DAVIS
687,110106,606.0,2090.788380080832,3.450145841717545,13.0,0.0,1.0,12.0,76.99535417897673,0.0,0.0,0.0,1.0,1.0,2.0,0.0,9.0,2.02081362346263,0.0,32.99247777524504,28.982062780269057,122221,0,0,0,11,DAVIS
688,110107,392.0,1326.637355115119,3.384278967130405,0.0,0.0,0.0,0.0,17.988866553270448,0.0,0.0,0.0,0.0,0.0,0.0,0.0,0.0,0.0,0.0,0.0,17.988866553270448,77899,0,0,0,11,DAVIS
689,110108,0.0,0.0,0.0,0.0,0.0,0.0,0.0,48.49952696310312,0.0,0.0,0.0,0.0,0.0,0.0,0.0,0.0,48.49952696310312,0.0,0.0,0.0,77899,0,0,0,11,DAVIS
690,110109,684.0,1984.0247181192576,2.900620932922892,2493.0,416.0,110.0,1967.0,2541.146716193515,81.0,335.0,86.0,24.0,337.0,232.0,865.0,533.0,16.16650898770104,0.0,0.0,31.98020720581413,72651,787,0,0,11,DAVIS
691,110110,566.0,1603.4320342747562,2.832918788471301,957.0,48.0,475.0,434.0,1161.1024747207148,48.0,0.0,347.0,128.0,105.0,15.0,196.0,118.0,15.156102175969725,0.0,161.9630727148393,26.983299829905675,72651,0,0,0,11,DAVIS
692,110111,582.0,1960.2994599055744,3.368212130421949,511.0,43.0,36.0,432.0,537.9832998299057,43.0,0.0,0.0,36.0,305.0,25.0,5.0,97.0,0.0,0.0,0.0,26.983299829905675,110982,0,0,0,11,DAVIS
693,110112,2560.0,6504.674960251477,2.5408886563482334,1603.0,403.0,43.0,1157.0,2939.658610670011,358.0,45.0,18.0,25.0,111.0,169.0,265.0,612.0,1.010406811731315,0.0,1214.7230453612947,120.9251584969847,59691,0,0,0,11,DAVIS
694,110113,1754.0,4088.6528321580713,2.3310449442178287,1570.0,402.0,191.0,977.0,2352.8103696126655,348.0,54.0,8.0,183.0,415.0,78.0,49.0,435.0,2.02081362346263,0.0,697.8408935491224,82.94866244008041,43124,516,0,0,11,DAVIS
695,110114,102.0,330.1765101404245,3.237024609219848,159.0,5.0,80.0,74.0,349.10362393914386,4.0,1.0,66.0,14.0,1.0,20.0,0.0,53.0,14.14569536423841,0.0,170.96102119899703,4.996907375908458,100295,0,0,0,11,DAVIS
696,110115,401.0,1163.526204896047,2.9015616082195685,644.0,259.0,27.0,358.0,665.0090616519149,119.0,140.0,21.0,6.0,86.0,23.0,10.0,239.0,2.02081362346263,0.0,0.0,18.98824802845214,100295,0,0,0,11,DAVIS
697,110116,660.0,2122.4220576990765,3.215790996513752,232.0,10.0,1.0,221.0,266.0120461658264,9.0,1.0,1.0,0.0,38.0,6.0,170.0,7.0,3.031220435193945,0.0,0.0,30.98082573063244,103987,0,0,0,11,DAVIS
698,110117,945.0,3083.295015353246,3.262746047992853,205.0,2.0,16.0,187.0,249.97216638317613,1.0,1.0,0.0,16.0,20.0,70.0,5.0,92.0,0.0,0.0,0.0,44.97216638317612,92507,576,0,0,11,DAVIS
699,110118,322.0,1009.312026507106,3.134509399090392,1.0,1.0,0.0,0.0,111.99010880794661,0.0,1.0,0.0,0.0,0.0,0.0,0.0,0.0,2.02081362346263,0.0,93.9785730567586,14.990722127725377,92898,0,0,0,11,DAVIS
700,110119,1063.0,2441.7244911582293,2.2970126915881743,1729.0,428.0,11.0,1290.0,1778.9690737590845,117.0,311.0,10.0,1.0,383.0,66.0,572.0,269.0,0.0,0.0,0.0,49.96907375908458,60401,0,1107,0,11,DAVIS
701,110120,817.0,2313.212675834112,2.831349664423638,1629.0,57.0,107.0,1465.0,1736.970784001898,45.0,12.0,25.0,82.0,134.0,219.0,169.0,943.0,1.010406811731315,0.0,67.9844996580807,38.97587753208597,61800,0,0,1868,11,DAVIS
702,110121,1159.0,3165.344866675567,2.7310999712472537,1159.0,91.0,54.0,1014.0,1797.8328605514507,63.0,28.0,2.0,52.0,41.0,73.0,73.0,827.0,0.0,0.0,583.8668794164578,54.96598113499304,61138,366,0,0,11,DAVIS
703,110122,1289.0,3394.689029407838,2.633583420797392,3133.0,385.0,9.0,2739.0,3214.9574831157847,298.0,87.0,5.0,4.0,39.0,61.0,2304.0,335.0,0.0,0.0,20.99521312970139,60.96226998608319,42449,0,0,0,11,DAVIS
704,110123,1870.0,4931.888051169395,2.6373732893953985,3897.0,1924.0,2.0,1971.0,4648.794213536071,466.0,1458.0,1.0,1.0,437.0,141.0,533.0,860.0,0.0,0.0,663.848643720082,87.94556981598886,51122,0,0,0,11,DAVIS
705,110124,1875.0,5432.095578507883,2.897117641870871,1256.0,325.0,105.0,826.0,1640.8991393090662,226.0,99.0,11.0,94.0,250.0,9.0,118.0,449.0,2.02081362346263,0.0,294.93275586961477,87.94556981598886,71934,0,0,0,11,DAVIS
706,110125,110.0,298.5428325221803,2.714025750201639,88.0,10.0,28.0,50.0,98.04894143456504,5.0,5.0,3.0,25.0,1.0,1.0,5.0,43.0,5.052034058656575,0.0,0.0,4.996907375908458,76224,0,0,0,11,DAVIS
707,110126,967.0,2984.439772796233,3.0862872521160627,6.0,0.0,0.0,6.0,203.9794390669881,0.0,0.0,0.0,0.0,3.0,1.0,1.0,1.0,4.04162724692526,0.0,147.96626396170504,45.971547858357816,98407,0,0,0,11,DAVIS
708,110127,1098.0,4193.439389268506,3.819161556710843,61.0,9.0,0.0,52.0,112.96783670944797,8.0,1.0,0.0,0.0,7.0,1.0,34.0,10.0,0.0,0.0,0.0,51.967836709447965,87834,0,0,0,11,DAVIS
709,110128,143.0,553.5893583192747,3.8712542539809416,582.0,77.0,122.0,383.0,806.9885170853921,77.0,0.0,67.0,55.0,40.0,25.0,171.0,147.0,4.04162724692526,0.0,213.9512195121951,6.995670326271841,65047,0,0,0,11,DAVIS
710,110129,1069.0,2641.412081123396,2.470918691415712,2584.0,638.0,25.0,1921.0,3570.7554881652845,297.0,341.0,11.0,14.0,646.0,44.0,850.0,381.0,0.0,0.0,936.7864144062002,49.96907375908458,50717,0,0,0,11,DAVIS
711,110130,296.0,774.0365492214144,2.6149883419642377,2361.0,1193.0,1.0,1167.0,3541.725327431664,492.0,701.0,1.0,0.0,280.0,34.0,522.0,331.0,0.0,0.0,1166.7339867791202,13.991340652543682,51122,0,0,0,11,DAVIS
712,110131,90.0,286.68020341533867,3.185335593503763,390.0,66.0,0.0,324.0,584.9858924494379,52.0,14.0,0.0,0.0,49.0,56.0,213.0,6.0,3.031220435193945,0.0,187.9571461135172,3.9975259007267674,76224,523,0,0,11,DAVIS
713,110132,793.0,2456.5527775417813,3.097796692990897,86.0,5.0,16.0,65.0,248.96966287580295,4.0,1.0,0.0,16.0,4.0,1.0,27.0,33.0,2.02081362346263,0.0,123.97173467061774,36.97711458172259,77278,0,0,0,11,DAVIS
714,110133,651.0,1936.5742016918912,2.9747683589737197,209.0,0.0,21.0,188.0,281.014018967984,0.0,0.0,6.0,15.0,11.0,69.0,4.0,104.0,4.04162724692526,0.0,36.99156599042626,30.98082573063244,92042,641,0,0,11,DAVIS
715,110134,379.0,1157.594890342626,3.054340080059699,10.0,0.0,0.0,10.0,91.97427799616992,0.0,0.0,0.0,0.0,4.0,0.0,0.0,6.0,0.0,0.0,63.985411442899476,17.988866553270448,92898,0,0,0,11,DAVIS
716,110135,192.0,639.5934193438762,3.3312157257493555,97.0,18.0,0.0,79.0,145.01744764846012,12.0,6.0,0.0,0.0,1.0,0.0,75.0,3.0,3.031220435193945,0.0,35.991793936630955,8.994433276635224,122221,0,0,0,11,DAVIS
717,110136,348.0,1270.2898668576213,3.650258238096613,111.0,39.0,2.0,70.0,336.0381756675498,32.0,7.0,2.0,0.0,1.0,5.0,40.0,24.0,9.093661305581834,0.0,199.95441075906086,15.990103602907066,86386,0,0,0,11,DAVIS
718,110137,27.0,113.68352894056534,4.21050107187279,294.0,1.0,22.0,271.0,298.03060191037565,1.0,0.0,15.0,7.0,58.0,88.0,0.0,125.0,3.031220435193945,0.0,0.0,0.9993814751816916,104511,936,0,0,11,DAVIS
719,110138,0.0,0.0,0.0,881.0,75.0,458.0,348.0,973.5570804650102,74.0,1.0,108.0,350.0,136.0,10.0,0.0,202.0,0.0,9.576,82.98108046501025,0.0,75567,0,0,0,11,DAVIS
720,110139,2636.0,6898.11882562839,2.6168887805874017,3006.0,1598.0,30.0,1378.0,3574.8325016193758,969.0,629.0,14.0,16.0,220.0,29.0,112.0,1017.0,1.010406811731315,0.0,443.8987918851151,123.92330292252976,45532,0,0,0,11,DAVIS
721,110140,609.0,1699.3216195550592,2.7903474869541203,835.0,72.0,299.0,464.0,870.9804671568362,58.0,14.0,5.0,294.0,28.0,168.0,5.0,263.0,0.0,0.0,6.99840437656713,28.982062780269057,59699,377,995,0,11,DAVIS
722,110141,449.0,1176.3773864284587,2.6199941791279704,1883.0,138.0,131.0,1614.0,2263.915585103061,52.0,86.0,32.0,99.0,236.0,530.0,83.0,765.0,1.010406811731315,0.0,358.91816731251424,20.987010978815523,28499,0,0,2051,11,DAVIS
723,110142,1263.0,3472.784671027878,2.749631568509801,326.0,52.0,9.0,265.0,392.96129288746863,15.0,37.0,1.0,8.0,17.0,33.0,35.0,180.0,0.0,0.0,6.99840437656713,59.9628885109015,49587,379,0,0,11,DAVIS
724,110143,1320.0,3630.9530591191,2.7507220144841664,452.0,157.0,13.0,282.0,674.9887606699249,107.0,50.0,7.0,6.0,66.0,6.0,31.0,179.0,6.06244087038789,0.0,154.96466833827216,61.96165146126488,80392,0,0,0,11,DAVIS
725,110144,218.0,727.5745852196181,3.337498097337698,715.0,1.0,26.0,688.0,724.9938147518169,1.0,0.0,0.0,26.0,46.0,259.0,1.0,382.0,0.0,0.0,0.0,9.993814751816917,122221,0,1165,0,11,DAVIS
726,110145,204.0,814.5671986697898,3.992976464067597,237.0,1.0,4.0,232.0,250.02503518701087,1.0,0.0,0.0,4.0,13.0,100.0,0.0,119.0,3.031220435193945,0.0,0.0,9.993814751816917,86386,1004,0,0,11,DAVIS
727,110146,46.0,167.06535992135252,3.6318556504641855,0.0,0.0,0.0,0.0,4.019576573826013,0.0,0.0,0.0,0.0,0.0,0.0,0.0,0.0,2.02081362346263,0.0,0.0,1.9987629503633837,86386,0,0,0,11,DAVIS
728,110147,236.0,767.1166822424235,3.250494416281456,614.0,8.0,97.0,509.0,636.1076711560431,3.0,5.0,38.0,59.0,189.0,93.0,10.0,217.0,11.114474929044464,0.0,0.0,10.993196226998608,104511,742,262,0,11,DAVIS
729,110148,312.0,1035.0143895719295,3.3173538127305435,1868.0,132.0,1443.0,293.0,2298.9384355383163,130.0,2.0,228.0,1215.0,61.0,101.0,7.0,124.0,4.04162724692526,0.0,411.90608616366535,14.990722127725377,75567,0,0,0,11,DAVIS
730,110149,968.0,2762.0154770429526,2.853321773804703,247.0,151.0,1.0,95.0,384.0252480592826,135.0,16.0,0.0,1.0,48.0,4.0,9.0,34.0,7.072847682119205,0.0,83.98085251880556,45.971547858357816,106475,0,0,0,11,DAVIS
731,110150,243.0,793.807597732817,3.2666979330568604,11.0,0.0,3.0,8.0,34.11807796777439,0.0,0.0,0.0,3.0,2.0,0.0,0.0,6.0,12.12488174077578,0.0,0.0,10.993196226998608,77899,0,0,0,11,DAVIS
732,110151,217.0,727.5745852196181,3.352878272901466,11.0,1.0,4.0,6.0,32.108289680861375,0.0,1.0,0.0,4.0,0.0,1.0,0.0,5.0,11.114474929044464,0.0,0.0,9.993814751816917,77899,0,0,0,11,DAVIS
733,110152,197.0,600.051322321071,3.0459457985841167,597.0,5.0,84.0,508.0,886.0369559186806,1.0,4.0,2.0,82.0,6.0,89.0,0.0,413.0,10.10406811731315,0.0,269.93845452473215,8.994433276635224,104511,0,0,0,11,DAVIS
734,110153,303.0,1010.3005789326764,3.334325343012133,406.0,12.0,124.0,270.0,427.0641883346629,3.0,9.0,4.0,120.0,75.0,39.0,19.0,137.0,7.072847682119205,0.0,0.0,13.991340652543682,104511,0,0,0,11,DAVIS
735,110154,427.0,1446.252198609105,3.387007490887834,0.0,0.0,0.0,0.0,20.99803631536515,0.0,0.0,0.0,0.0,0.0,0.0,0.0,0.0,1.010406811731315,0.0,0.0,19.987629503633837,104511,0,0,0,11,DAVIS
736,110155,274.0,885.7429733108395,3.2326385887256914,17.0,0.0,2.0,15.0,43.03153490844499,0.0,0.0,0.0,2.0,6.0,0.0,0.0,9.0,4.04162724692526,0.0,8.997948484157739,12.991959177361991,76322,0,0,0,11,DAVIS
737,110156,754.0,2122.4220576990765,2.8148833656486425,521.0,79.0,61.0,381.0,746.9556928435208,12.0,67.0,60.0,1.0,80.0,50.0,8.0,243.0,2.02081362346263,0.0,187.9571461135172,35.977733106540896,57395,533,0,0,11,DAVIS
738,110157,183.0,457.6997730389717,2.501091655950665,848.0,368.0,15.0,465.0,856.9944332766353,300.0,68.0,2.0,13.0,11.0,14.0,15.0,425.0,0.0,0.0,0.0,8.994433276635224,28499,0,0,0,11,DAVIS
739,110158,1585.0,4482.096697534985,2.827821260274438,589.0,80.0,31.0,478.0,695.9569511180126,55.0,25.0,3.0,28.0,21.0,7.0,139.0,311.0,1.010406811731315,0.0,30.992933667654434,74.95361063862687,86529,0,0,0,11,DAVIS
740,110159,55.0,160.1454929423616,2.911736235315665,0.0,0.0,0.0,0.0,154.29340204465234,0.0,0.0,0.0,0.0,0.0,0.0,0.0,0.0,31.322611163670764,0.0,119.97264645543652,2.9981444255450747,86770,0,0,0,11,DAVIS
741,110160,170.0,616.8567135557632,3.628568903269196,0.0,0.0,0.0,0.0,7.995051801453533,0.0,0.0,0.0,0.0,0.0,0.0,0.0,0.0,0.0,0.0,0.0,7.995051801453533,136398,0,0,0,11,DAVIS
742,110161,343.0,976.6897964632916,2.8474921179687804,990.0,1.0,25.0,964.0,1005.9901036029071,1.0,0.0,1.0,24.0,4.0,113.0,788.0,59.0,0.0,0.0,0.0,15.990103602907066,71381,0,0,0,11,DAVIS
743,110162,686.0,2378.4571359217407,3.467138682101663,240.0,24.0,27.0,189.0,305.3940867169439,24.0,0.0,0.0,27.0,24.0,103.0,4.0,58.0,5.052034058656575,1.368,26.993845452473217,31.98020720581413,110061,905,1077,0,11,DAVIS
744,110163,985.0,3045.7300231815807,3.092111698661504,206.0,18.0,7.0,181.0,267.99980499289074,4.0,14.0,0.0,7.0,10.0,61.0,5.0,105.0,3.031220435193945,0.0,12.997036699338956,45.971547858357816,102528,697,0,0,11,DAVIS
745,110164,108.0,296.56572767104,2.745978959917037,3.0,2.0,0.0,1.0,33.012478236663085,2.0,0.0,0.0,0.0,0.0,0.0,0.0,1.0,2.02081362346263,0.0,22.994757237292,4.996907375908458,95028,0,0,0,11,DAVIS
746,110165,121.0,425.0775429951573,3.5130375454145235,50.0,0.0,0.0,50.0,58.01710247455278,0.0,0.0,0.0,0.0,0.0,0.0,50.0,0.0,2.02081362346263,0.0,0.0,5.996288851090149,104511,0,0,0,11,DAVIS
747,110166,822.0,2418.9877853701164,2.942807524781164,2069.0,682.0,88.0,1299.0,2107.975877532086,640.0,42.0,51.0,37.0,197.0,227.0,144.0,731.0,0.0,0.0,0.0,38.97587753208597,42073,688,993,0,11,DAVIS
748,110167,436.0,1313.7861735827073,3.0132710403273104,5.0,0.0,0.0,5.0,28.007824602278152,0.0,0.0,0.0,0.0,0.0,4.0,0.0,1.0,2.02081362346263,0.0,0.0,20.987010978815523,80137,0,0,0,11,DAVIS
749,110168,170.0,622.788028109184,3.663458988877553,38.0,0.0,7.0,31.0,52.05749267184142,0.0,0.0,7.0,0.0,7.0,4.0,1.0,19.0,6.06244087038789,0.0,0.0,7.995051801453533,117985,0,0,0,11,DAVIS
750,110169,433.0,1608.374796402607,3.714491446657291,485.0,319.0,2.0,164.0,505.9980363153652,221.0,98.0,0.0,2.0,26.0,15.0,12.0,111.0,1.010406811731315,0.0,0.0,19.987629503633837,142343,0,0,0,11,DAVIS
751,110170,49.0,162.12259779350188,3.308624444765345,4062.0,232.0,629.0,3201.0,4063.9987629503635,231.0,1.0,259.0,370.0,2065.0,391.0,107.0,638.0,0.0,0.0,0.0,1.9987629503633837,126801,0,0,0,11,DAVIS
752,110171,91.0,251.09231609481387,2.7592562208221305,1575.0,305.0,254.0,1016.0,1582.0287463359207,62.0,243.0,205.0,49.0,44.0,47.0,662.0,263.0,3.031220435193945,0.0,0.0,3.9975259007267674,42073,0,0,0,11,DAVIS
753,110172,1.0,1.977104851140267,1.977104851140267,0.0,0.0,0.0,0.0,15.156102175969725,0.0,0.0,0.0,0.0,0.0,0.0,0.0,0.0,15.156102175969725,0.0,0.0,0.0,117985,0,0,0,11,DAVIS
754,110173,447.0,1676.584913766946,3.7507492478007753,113.0,8.0,2.0,103.0,140.04945184920342,8.0,0.0,0.0,2.0,13.0,48.0,0.0,42.0,6.06244087038789,0.0,0.0,20.987010978815523,117985,0,0,0,11,DAVIS
755,110174,427.0,1560.9242799752406,3.655560374649275,5.0,3.0,0.0,2.0,58.04391582649494,0.0,3.0,0.0,0.0,0.0,0.0,2.0,0.0,6.06244087038789,0.0,26.993845452473217,19.987629503633837,142343,0,0,0,11,DAVIS
756,110175,397.0,1487.771400483051,3.747535013811211,655.0,1.0,137.0,517.0,676.0090616519149,1.0,0.0,20.0,117.0,58.0,90.0,44.0,325.0,2.02081362346263,0.0,0.0,18.98824802845214,126801,0,0,0,11,DAVIS
757,110176,697.0,2079.9143033995606,2.9840951268286378,512.0,169.0,15.0,328.0,553.9775371651535,44.0,125.0,7.0,8.0,85.0,5.0,75.0,163.0,0.0,0.0,8.997948484157739,32.979588680995825,65523,0,0,0,11,DAVIS
758,110177,757.0,2205.460461446968,2.9134220098374737,850.0,80.0,19.0,751.0,1209.9038785362195,24.0,56.0,3.0,16.0,42.0,252.0,38.0,419.0,0.0,0.0,323.9261454296786,35.977733106540896,64608,1332,0,0,11,DAVIS
759,110178,276.0,978.666901314432,3.545894569979826,7.0,0.0,3.0,4.0,79.09549268858106,0.0,0.0,0.0,3.0,3.0,1.0,0.0,0.0,11.114474929044464,0.0,47.98905858217461,12.991959177361991,118349,0,0,0,11,DAVIS
760,110179,595.0,2035.4294442489045,3.4208898222670663,600.0,7.0,143.0,450.0,635.0555289872066,6.0,1.0,1.0,142.0,34.0,164.0,8.0,244.0,7.072847682119205,0.0,0.0,27.982681305087365,96452,601,1057,0,11,DAVIS
761,110180,374.0,1161.5491000449067,3.1057462568045637,2311.0,4.0,430.0,1877.0,2328.9888665532703,4.0,0.0,3.0,427.0,152.0,1015.0,10.0,700.0,0.0,0.0,0.0,17.988866553270448,85057,5,29,2765,11,DAVIS
762,110181,379.0,1383.9733957981866,3.651644843794688,1074.0,8.0,133.0,933.0,1157.0272238396453,3.0,5.0,2.0,131.0,164.0,310.0,9.0,450.0,5.052034058656575,0.0,59.98632322771826,17.988866553270448,141418,1239,946,0,11,DAVIS
763,110182,394.0,1430.435359799983,3.630546598477114,0.0,0.0,0.0,0.0,46.00336299679738,0.0,0.0,0.0,0.0,0.0,0.0,0.0,0.0,2.02081362346263,0.0,24.994301344882608,18.98824802845214,126801,0,0,0,11,DAVIS
764,110183,1125.0,3722.888434697122,3.30923416417522,211.0,5.0,44.0,162.0,266.9984386198236,4.0,1.0,0.0,44.0,39.0,63.0,12.0,48.0,3.031220435193945,0.0,0.0,52.96721818462966,105493,604,0,0,11,DAVIS
765,110184,414.0,1386.9390530748972,3.3500943310987856,302.0,3.0,45.0,254.0,704.9109608651713,3.0,0.0,0.0,45.0,20.0,85.0,8.0,141.0,1.010406811731315,0.0,381.91292454980623,19.987629503633837,126765,890,0,0,11,DAVIS
766,110185,194.0,584.2344835119488,3.011517956247159,46.0,0.0,32.0,14.0,63.07768777048574,0.0,0.0,0.0,32.0,3.0,0.0,3.0,8.0,8.08325449385052,0.0,0.0,8.994433276635224,101962,0,0,0,11,DAVIS
767,110186,240.0,741.4143191776,3.0892263299066665,68.0,15.0,5.0,48.0,81.01400985046124,15.0,0.0,0.0,5.0,1.0,2.0,1.0,44.0,2.02081362346263,0.0,0.0,10.993196226998608,97322,0,0,0,11,DAVIS
768,110187,519.0,1530.2791547825664,2.948514749099357,4.0,0.0,0.0,4.0,32.984015673337126,0.0,0.0,0.0,0.0,0.0,0.0,0.0,4.0,0.0,0.0,4.998860268976522,23.9851554043606,113253,0,0,0,11,DAVIS
769,110188,590.0,1654.836760404403,2.80480806848204,254.0,2.0,0.0,252.0,281.98268130508734,1.0,1.0,0.0,0.0,1.0,1.0,2.0,248.0,0.0,0.0,0.0,27.982681305087365,70939,0,0,0,11,DAVIS
770,110189,661.0,2174.815336254293,3.290189616118447,76.0,1.0,0.0,75.0,118.97809037617608,1.0,0.0,0.0,0.0,12.0,15.0,2.0,46.0,0.0,0.0,11.997264645543652,30.98082573063244,101843,0,0,0,11,DAVIS
771,110190,543.0,1787.3027854308011,3.2915336748265216,1255.0,50.0,2.0,1203.0,1280.983918354724,39.0,11.0,0.0,2.0,659.0,31.0,135.0,378.0,0.0,0.0,0.0,25.983918354723983,96104,0,0,0,11,DAVIS
772,110191,331.0,1032.0487322952192,3.117972000891901,0.0,0.0,0.0,0.0,15.990103602907066,0.0,0.0,0.0,0.0,0.0,0.0,0.0,0.0,0.0,0.0,0.0,15.990103602907066,130258,0,0,0,11,DAVIS
773,110192,488.0,1495.6798198876118,3.0649176637041227,16.0,10.0,0.0,6.0,97.97232510310185,10.0,0.0,0.0,0.0,2.0,0.0,3.0,1.0,0.0,0.0,58.986551173922955,22.985773929178908,124352,0,0,0,11,DAVIS
774,110193,292.0,910.4567839500928,3.118002684760592,772.0,234.0,0.0,538.0,787.001747464275,164.0,70.0,0.0,0.0,171.0,13.0,62.0,292.0,1.010406811731315,0.0,0.0,13.991340652543682,132619,0,0,0,11,DAVIS
775,110194,2153.0,5855.1960166519,2.71955226040497,617.0,492.0,21.0,104.0,735.1034194562336,126.0,366.0,21.0,0.0,10.0,6.0,58.0,30.0,16.16650898770104,0.0,0.0,101.93691046853256,101962,0,0,0,11,DAVIS
776,110195,918.0,2744.2215333826903,2.989348075580273,147.0,29.0,6.0,112.0,189.97340343281274,29.0,0.0,1.0,5.0,19.0,24.0,47.0,22.0,0.0,0.0,0.0,42.97340343281274,101962,0,0,0,11,DAVIS
777,110196,91.0,288.65730826647894,3.1720583325986698,1019.0,183.0,5.0,831.0,1029.0599667711147,116.0,67.0,1.0,4.0,254.0,112.0,80.0,385.0,6.06244087038789,0.0,0.0,3.9975259007267674,124658,675,0,0,11,DAVIS
778,110197,864.0,2655.251815081378,3.0732081193071505,53.0,5.0,11.0,37.0,98.01626772937462,5.0,0.0,10.0,1.0,9.0,1.0,9.0,18.0,4.04162724692526,0.0,0.0,40.97464048244936,101962,0,0,0,11,DAVIS
779,110198,311.0,1017.2204459116672,3.2708052923204733,8.0,0.0,1.0,7.0,31.988670611883116,0.0,0.0,0.0,1.0,2.0,0.0,0.0,5.0,0.0,0.0,8.997948484157739,14.990722127725377,123921,0,0,0,11,DAVIS
780,110199,684.0,1990.9445850982488,2.91073769751206,5501.0,2042.0,19.0,3440.0,5532.980207205814,946.0,1096.0,10.0,9.0,436.0,1099.0,1101.0,804.0,0.0,0.0,0.0,31.98020720581413,101962,0,0,0,11,DAVIS
781,110200,71.0,228.3556103067008,3.2162762015028283,2200.0,2.0,2.0,2196.0,2204.008551237276,0.0,2.0,1.0,1.0,26.0,85.0,7.0,2078.0,1.010406811731315,0.0,0.0,2.9981444255450747,124658,0,0,0,11,DAVIS
782,110201,373.0,1188.2400155353002,3.18563006845925,35.0,0.0,2.0,33.0,107.9869642699482,0.0,0.0,2.0,0.0,10.0,6.0,3.0,14.0,1.010406811731315,0.0,53.98769090494643,17.988866553270448,77668,0,0,0,11,DAVIS
783,110202,67.0,206.60745694415783,3.0836933872262366,0.0,0.0,0.0,0.0,9.060585295932965,0.0,0.0,0.0,0.0,0.0,0.0,0.0,0.0,6.06244087038789,0.0,0.0,2.9981444255450747,101962,0,0,0,11,DAVIS
784,110203,297.0,875.8574490551381,2.94901497998363,242.0,9.0,40.0,193.0,288.10102871128953,9.0,0.0,11.0,29.0,23.0,73.0,9.0,88.0,11.114474929044464,0.0,20.99521312970139,13.991340652543682,101962,525,0,0,11,DAVIS
785,110204,572.0,1755.6691078125568,3.0693515870848898,2.0,0.0,0.0,2.0,36.05614751202488,0.0,0.0,0.0,0.0,0.0,2.0,0.0,0.0,7.072847682119205,0.0,0.0,26.983299829905675,101962,835,0,0,11,DAVIS
786,110205,304.0,923.3079654825044,3.03719725487666,4218.0,44.0,158.0,4016.0,4676.953713139071,25.0,19.0,15.0,143.0,555.0,1547.0,126.0,1788.0,6.06244087038789,0.0,438.8999316161386,13.991340652543682,101962,321,139,1879,11,DAVIS
787,110206,321.0,997.4493974002644,3.1073189950164,2877.0,24.0,96.0,2757.0,2900.988670611883,11.0,13.0,70.0,26.0,244.0,2073.0,74.0,366.0,0.0,0.0,8.997948484157739,14.990722127725377,90151,524,1242,0,11,DAVIS
788,110207,240.0,744.3799764543104,3.1015832352262933,280.0,1.0,61.0,218.0,290.99319622699863,1.0,0.0,0.0,61.0,2.0,66.0,108.0,42.0,0.0,0.0,0.0,10.993196226998608,101682,0,0,0,11,DAVIS
789,110208,485.0,1450.2064083113855,2.990116305796671,1.0,1.0,0.0,0.0,32.98372241333665,1.0,0.0,0.0,0.0,0.0,0.0,0.0,0.0,0.0,0.0,8.997948484157739,22.985773929178908,92158,0,0,0,11,DAVIS
790,110209,378.0,1227.7821125581056,3.248100826873295,0.0,0.0,0.0,0.0,393.90315878030486,0.0,0.0,0.0,0.0,0.0,0.0,0.0,0.0,0.0,0.0,375.9142922270344,17.988866553270448,101784,0,0,0,11,DAVIS
791,110210,1.0,1.977104851140267,1.977104851140267,78.0,2.0,7.0,69.0,87.09366130558183,0.0,2.0,0.0,7.0,3.0,2.0,1.0,63.0,9.093661305581834,0.0,0.0,0.0,80062,0,0,0,11,DAVIS
792,110211,46.0,126.53471047297708,2.750754575499501,88.0,45.0,36.0,7.0,93.02998338555733,0.0,45.0,3.0,33.0,2.0,3.0,1.0,1.0,3.031220435193945,0.0,0.0,1.9987629503633837,80062,0,0,0,11,DAVIS
793,110212,583.0,1868.364084327552,3.204741139498374,9.0,0.0,0.0,9.0,38.004113453368305,0.0,0.0,0.0,0.0,2.0,0.0,2.0,5.0,2.02081362346263,0.0,0.0,26.983299829905675,110490,0,0,0,11,DAVIS
794,110213,16.0,66.23301251319893,4.139563282074933,284.0,17.0,60.0,207.0,540.2177588993206,4.0,13.0,17.0,43.0,56.0,21.0,61.0,69.0,26.27057710501419,0.0,228.9478003191247,0.9993814751816916,80062,0,0,0,11,DAVIS
795,110214,373.0,1161.5491000449067,3.114072654275889,225.0,0.0,12.0,213.0,245.00968017673307,0.0,0.0,0.0,12.0,62.0,68.0,4.0,79.0,2.02081362346263,0.0,0.0,17.988866553270448,123864,504,0,0,11,DAVIS
796,110215,301.0,968.7813770587306,3.218542780926015,13.0,4.0,0.0,9.0,29.012154276006314,0.0,4.0,0.0,0.0,2.0,0.0,0.0,7.0,2.02081362346263,0.0,0.0,13.991340652543682,110490,0,0,0,11,DAVIS
797,110216,438.0,1327.625907540689,3.0311093779467786,21.0,6.0,0.0,15.0,41.98701097881552,6.0,0.0,0.0,0.0,0.0,0.0,4.0,11.0,0.0,0.0,0.0,20.987010978815523,107834,0,0,0,11,DAVIS
798,110217,388.0,1190.2171203864405,3.067569897903197,206.0,0.0,16.0,190.0,223.98886655327044,0.0,0.0,0.0,16.0,27.0,63.0,2.0,98.0,0.0,0.0,0.0,17.988866553270448,107112,669,0,0,11,DAVIS
799,110218,482.0,1586.626643040064,3.2917565208300084,43.0,4.0,0.0,39.0,74.98372241333665,4.0,0.0,0.0,0.0,12.0,0.0,11.0,16.0,0.0,0.0,8.997948484157739,22.985773929178908,90058,0,0,0,11,DAVIS
800,110219,0.0,0.0,0.0,6.0,4.0,0.0,2.0,12.06244087038789,4.0,0.0,0.0,0.0,0.0,0.0,1.0,1.0,6.06244087038789,0.0,0.0,0.0,80062,0,0,0,11,DAVIS
801,110220,0.0,0.0,0.0,611.0,56.0,345.0,210.0,611.0,55.0,1.0,208.0,137.0,66.0,16.0,0.0,128.0,0.0,0.0,0.0,0.0,80062,0,0,0,11,DAVIS
802,110221,235.0,576.3260641073878,2.452451336627182,881.0,288.0,0.0,593.0,891.9931962269986,27.0,261.0,0.0,0.0,351.0,17.0,19.0,206.0,0.0,0.0,0.0,10.993196226998608,77766,0,0,0,11,DAVIS
803,110222,581.0,1491.725610185331,2.567513959010897,373.0,227.0,2.0,144.0,686.917879269158,89.0,138.0,0.0,2.0,50.0,5.0,4.0,85.0,0.0,0.0,286.93457943925233,26.983299829905675,77766,0,0,0,11,DAVIS
804,110223,247.0,676.1698590899712,2.737529793886523,0.0,0.0,0.0,0.0,11.9925777021803,0.0,0.0,0.0,0.0,0.0,0.0,0.0,0.0,0.0,0.0,0.0,11.9925777021803,77766,0,0,0,11,DAVIS
805,110224,714.0,2324.0867525153835,3.2550234629067,0.0,0.0,0.0,0.0,37.988693129294745,0.0,0.0,0.0,0.0,0.0,0.0,0.0,0.0,1.010406811731315,0.0,2.999316161385913,33.97897015617752,102651,0,0,0,11,DAVIS
806,110225,392.0,1094.3275351061377,2.7916518752707598,1640.0,28.0,346.0,1266.0,1657.9888665532706,27.0,1.0,262.0,84.0,812.0,109.0,13.0,332.0,0.0,0.0,0.0,17.988866553270448,80062,0,0,0,11,DAVIS
807,110226,52.0,120.60339591955626,2.319296075376082,2244.0,1275.0,11.0,958.0,2387.9663945892967,946.0,329.0,10.0,1.0,180.0,110.0,14.0,654.0,0.0,0.0,141.9676316389332,1.9987629503633837,55206,0,0,0,11,DAVIS
808,110227,623.0,1602.443481849186,2.5721404203036697,1070.0,558.0,14.0,498.0,1178.9638270838934,408.0,150.0,0.0,14.0,90.0,71.0,66.0,271.0,0.0,0.0,79.98176430362435,28.982062780269057,55206,0,0,0,11,DAVIS
809,110228,293.0,779.9678637748352,2.6620063610062634,444.0,75.0,79.0,290.0,457.99134065254367,69.0,6.0,6.0,73.0,34.0,97.0,61.0,98.0,0.0,0.0,0.0,13.991340652543682,55206,385,0,0,11,DAVIS
810,110229,306.0,776.0136540725547,2.53599233357044,181.0,66.0,36.0,79.0,194.99134065254367,66.0,0.0,4.0,32.0,25.0,9.0,6.0,39.0,0.0,0.0,0.0,13.991340652543682,70467,0,0,0,11,DAVIS
811,110230,442.0,1134.8581845545132,2.5675524537432426,0.0,0.0,0.0,0.0,20.987010978815523,0.0,0.0,0.0,0.0,0.0,0.0,0.0,0.0,0.0,0.0,0.0,20.987010978815523,70467,0,0,0,11,DAVIS
812,110231,293.0,747.3456337310208,2.550667691914746,615.0,2.0,182.0,431.0,628.9913406525437,2.0,0.0,1.0,181.0,54.0,165.0,1.0,211.0,0.0,0.0,0.0,13.991340652543682,70467,409,1011,0,11,DAVIS
813,110232,0.0,0.0,0.0,5.0,0.0,2.0,3.0,9.041627246925259,0.0,0.0,0.0,2.0,1.0,0.0,0.0,2.0,4.04162724692526,0.0,0.0,0.0,80062,0,0,0,11,DAVIS
814,110233,204.0,587.2001407886592,2.8784320626895057,5.0,0.0,0.0,5.0,25.034074321514,0.0,0.0,0.0,0.0,0.0,0.0,4.0,1.0,4.04162724692526,0.0,5.998632322771826,9.993814751816917,80062,0,0,0,11,DAVIS
815,110234,436.0,1382.9848433726163,3.1719835857170104,7.0,0.0,7.0,0.0,27.987010978815523,0.0,0.0,5.0,2.0,0.0,0.0,0.0,0.0,0.0,0.0,0.0,20.987010978815523,80062,0,0,0,11,DAVIS
816,110235,22.0,82.04985132232106,3.729538696469139,4.0,0.0,4.0,0.0,6.009788286913007,0.0,0.0,0.0,4.0,0.0,0.0,0.0,0.0,1.010406811731315,0.0,0.0,0.9993814751816916,86612,0,0,0,11,DAVIS
817,110236,118.0,335.1192722682752,2.8399938327819934,166.0,1.0,1.0,164.0,190.14107243050978,0.0,1.0,1.0,0.0,4.0,10.0,0.0,150.0,14.14569536423841,0.0,3.9990882151812173,5.996288851090149,86612,0,0,0,11,DAVIS
818,110237,376.0,1081.476353573726,2.8762668978024624,42.0,0.0,4.0,38.0,59.98886655327045,0.0,0.0,0.0,4.0,0.0,0.0,0.0,38.0,0.0,0.0,0.0,17.988866553270448,98096,0,0,0,11,DAVIS
819,110238,499.0,1476.8973238017793,2.959714075755069,601.0,8.0,33.0,560.0,624.9851554043606,8.0,0.0,0.0,33.0,193.0,124.0,1.0,242.0,0.0,0.0,0.0,23.9851554043606,98096,663,0,0,11,DAVIS
820,110239,32.0,93.91248042916268,2.934765013411333,116.0,0.0,3.0,113.0,129.11323787940785,0.0,0.0,0.0,3.0,1.0,2.0,1.0,109.0,11.114474929044464,0.0,0.0,1.9987629503633837,86612,0,0,0,11,DAVIS
821,110240,60.0,197.71048511402668,3.295174751900445,282.0,80.0,51.0,151.0,292.0709921076643,78.0,2.0,6.0,45.0,10.0,9.0,0.0,132.0,7.072847682119205,0.0,0.0,2.9981444255450747,86612,0,0,0,11,DAVIS
822,110241,71.0,220.4471909021397,3.1048900127061936,169.0,0.0,160.0,9.0,176.10214442554508,0.0,0.0,160.0,0.0,0.0,0.0,0.0,9.0,0.0,4.104,0.0,2.9981444255450747,86612,0,0,0,11,DAVIS
823,110242,102.0,300.51993737332054,2.946273895816868,259.0,52.0,3.0,204.0,265.0073141876398,52.0,0.0,1.0,2.0,54.0,0.0,7.0,143.0,1.010406811731315,0.0,0.0,4.996907375908458,86612,0,0,0,11,DAVIS
824,110243,0.0,0.0,0.0,1365.0,1016.0,29.0,320.0,1365.0,621.0,395.0,29.0,0.0,67.0,14.0,12.0,227.0,0.0,0.0,0.0,0.0,65803,0,0,0,11,DAVIS
825,110244,798.0,2176.7924411054337,2.7278100765732254,997.0,251.0,79.0,667.0,1064.9696576707636,129.0,122.0,67.0,12.0,46.0,79.0,119.0,423.0,0.0,0.0,29.99316161385913,37.97649605690428,65836,432,0,0,11,DAVIS
826,110245,781.0,2009.727081184081,2.5732741116313456,2505.0,37.0,35.0,2433.0,2541.9771145817226,12.0,25.0,33.0,2.0,308.0,350.0,320.0,1455.0,0.0,0.0,0.0,36.97711458172259,64732,0,641,1455,11,DAVIS
827,110246,567.0,1516.4394208245849,2.6744963330239586,634.0,120.0,52.0,462.0,679.9789688520165,28.0,92.0,3.0,49.0,117.0,69.0,22.0,254.0,0.0,0.0,18.995669022110782,26.983299829905675,56288,420,0,0,11,DAVIS
828,110247,697.0,2160.9756022963115,3.10039541218983,0.0,0.0,0.0,0.0,39.988627815498965,0.0,0.0,0.0,0.0,0.0,0.0,0.0,0.0,1.010406811731315,0.0,5.998632322771826,32.979588680995825,86966,0,0,0,11,DAVIS
829,110248,355.0,1131.8925272778026,3.188429654303669,0.0,0.0,0.0,0.0,16.98948507808876,0.0,0.0,0.0,0.0,0.0,0.0,0.0,0.0,0.0,0.0,0.0,16.98948507808876,98520,0,0,0,11,DAVIS
830,110249,735.0,1839.696063986018,2.5029878421578475,1097.0,371.0,50.0,676.0,1190.964902805282,170.0,201.0,36.0,14.0,178.0,38.0,166.0,294.0,0.0,0.0,58.986551173922955,34.97835163135921,54513,0,0,0,11,DAVIS
831,110250,437.0,1043.9113614020607,2.388813183986409,1471.0,209.0,150.0,1112.0,1542.9218931306277,100.0,109.0,55.0,95.0,292.0,125.0,110.0,585.0,0.0,10.944,39.99088215181217,20.987010978815523,56066,0,0,0,11,DAVIS
832,110251,668.0,1665.7108370856747,2.4935790974336447,984.0,88.0,44.0,852.0,1052.9717731962403,65.0,23.0,39.0,5.0,166.0,77.0,420.0,189.0,0.0,0.0,36.99156599042626,31.98020720581413,56292,0,0,0,11,DAVIS
833,110252,373.0,1143.7551563846444,3.0663677114869823,1969.0,48.0,3.0,1918.0,1986.9888665532706,16.0,32.0,1.0,2.0,38.0,30.0,1792.0,58.0,0.0,0.0,0.0,17.988866553270448,55977,0,0,0,11,DAVIS
834,110253,346.0,1065.6595147646035,3.079940794117352,125.0,1.0,7.0,117.0,159.98577262501783,1.0,0.0,0.0,7.0,4.0,53.0,2.0,58.0,0.0,0.0,18.995669022110782,15.990103602907066,98019,503,0,0,11,DAVIS
835,110254,549.0,1847.6044833905792,3.3653997875966835,145.0,0.0,11.0,134.0,170.98391835472398,0.0,0.0,0.0,11.0,29.0,56.0,9.0,40.0,0.0,0.0,0.0,25.983918354723983,109178,476,0,0,11,DAVIS
836,110255,285.0,740.4257667520299,2.5979851464983503,1055.0,334.0,100.0,621.0,1067.9919591773619,145.0,189.0,6.0,94.0,142.0,90.0,19.0,370.0,0.0,0.0,0.0,12.991959177361991,64364,0,0,0,11,DAVIS
837,110256,527.0,1369.1451094146346,2.597998310084696,1018.0,276.0,1.0,741.0,1135.9633378825056,112.0,164.0,0.0,1.0,25.0,53.0,62.0,601.0,0.0,0.0,92.97880100296331,24.98453687954229,52737,0,0,0,11,DAVIS
838,110257,557.0,1433.4010170766933,2.573430910371083,2650.0,53.0,105.0,2492.0,2675.9839183547238,11.0,42.0,9.0,96.0,394.0,293.0,58.0,1747.0,0.0,0.0,0.0,25.983918354723983,49784,0,690,0,11,DAVIS
839,110258,307.0,998.4379498258348,3.252240878911514,782.0,10.0,17.0,755.0,795.9913406525437,10.0,0.0,4.0,13.0,32.0,214.0,28.0,481.0,0.0,0.0,0.0,13.991340652543682,116123,0,0,1440,11,DAVIS
840,110259,461.0,1298.9578871991553,2.8176960676771263,238.0,9.0,7.0,222.0,265.985024776769,8.0,1.0,1.0,6.0,9.0,61.0,22.0,130.0,0.0,0.0,5.998632322771826,21.98639245399721,67763,526,0,0,11,DAVIS
841,110260,344.0,1088.3962205527168,3.163942501606735,69.0,0.0,1.0,68.0,93.98805208706482,0.0,0.0,0.0,1.0,1.0,57.0,0.0,10.0,0.0,0.0,8.997948484157739,15.990103602907066,96735,482,0,0,11,DAVIS
842,110261,499.0,1576.7411187843627,3.159801841251228,0.0,0.0,0.0,0.0,256.93204393866654,0.0,0.0,0.0,0.0,0.0,0.0,0.0,0.0,0.0,0.0,232.9468885343059,23.9851554043606,126876,0,0,0,11,DAVIS
843,110262,192.0,660.353020280849,3.4393386472960885,0.0,0.0,0.0,0.0,26.9903302449507,0.0,0.0,0.0,0.0,0.0,0.0,0.0,0.0,0.0,0.0,17.995896968315478,8.994433276635224,130534,0,0,0,11,DAVIS
844,110263,496.0,1369.1451094146346,2.760373204464989,761.0,314.0,2.0,445.0,783.9857739291789,230.0,84.0,2.0,0.0,27.0,81.0,99.0,238.0,0.0,0.0,0.0,22.985773929178908,70250,0,1060,0,11,DAVIS
845,110264,110.0,267.89770732950615,2.4354337029955104,791.0,118.0,47.0,626.0,795.9969073759084,117.0,1.0,8.0,39.0,226.0,13.0,228.0,159.0,0.0,0.0,0.0,4.996907375908458,70250,0,0,0,11,DAVIS
846,110265,422.0,1136.8352894056534,2.6939224867432543,268.0,117.0,35.0,116.0,288.9980363153652,117.0,0.0,1.0,34.0,30.0,4.0,12.0,70.0,1.010406811731315,0.0,0.0,19.987629503633837,61472,0,0,0,11,DAVIS
847,110266,519.0,1535.2219169104171,2.9580383755499366,542.0,175.0,24.0,343.0,565.9851554043606,150.0,25.0,2.0,22.0,75.0,4.0,0.0,264.0,0.0,0.0,0.0,23.9851554043606,75541,0,0,0,11,DAVIS
848,110267,926.0,2741.25587610598,2.960319520632808,68.0,0.0,0.0,68.0,111.97278490799442,0.0,0.0,0.0,0.0,1.0,1.0,5.0,61.0,0.0,0.0,0.0,43.97278490799443,98234,0,0,0,11,DAVIS
849,110268,173.0,519.9785758498901,3.005656507802833,84.0,1.0,0.0,83.0,91.99505180145353,0.0,1.0,0.0,0.0,3.0,60.0,1.0,19.0,0.0,0.0,0.0,7.995051801453533,114098,0,1130,0,11,DAVIS
850,110269,341.0,999.4265022514048,2.930869508068636,181.0,2.0,30.0,149.0,207.9875961946554,1.0,1.0,0.0,30.0,38.0,62.0,0.0,49.0,0.0,0.0,10.997492591748347,15.990103602907066,82709,493,0,0,11,DAVIS
851,110270,201.0,569.4061971283968,2.8328666523800834,1.0,0.0,1.0,0.0,15.99306559940705,0.0,0.0,0.0,1.0,0.0,0.0,0.0,0.0,0.0,0.0,5.998632322771826,8.994433276635224,78307,0,0,0,11,DAVIS
852,110271,502.0,1502.5996868666027,2.9932264678617586,291.0,1.0,42.0,248.0,314.9851554043606,0.0,1.0,0.0,42.0,14.0,66.0,0.0,168.0,0.0,0.0,0.0,23.9851554043606,90295,723,0,0,11,DAVIS
853,110272,392.0,1259.41579017635,3.212795383102933,0.0,0.0,0.0,0.0,17.988866553270448,0.0,0.0,0.0,0.0,0.0,0.0,0.0,0.0,0.0,0.0,0.0,17.988866553270448,130534,0,0,0,11,DAVIS
854,110273,297.0,789.8533880305365,2.659439016937833,96.0,0.0,9.0,87.0,109.99134065254368,0.0,0.0,0.0,9.0,55.0,1.0,1.0,30.0,0.0,0.0,0.0,13.991340652543682,57827,0,0,0,11,DAVIS
855,110274,472.0,1306.8663066037163,2.7687845478892297,4878.0,1149.0,51.0,3678.0,4899.986392453997,824.0,325.0,50.0,1.0,865.0,71.0,66.0,2676.0,0.0,0.0,0.0,21.98639245399721,70250,0,0,0,11,DAVIS
856,110275,423.0,1382.9848433726163,3.2694677148288807,168.0,5.0,38.0,125.0,187.98762950363383,0.0,5.0,1.0,37.0,2.0,6.0,23.0,94.0,0.0,0.0,0.0,19.987629503633837,80298,0,0,0,11,DAVIS
857,110276,667.0,2250.933873023193,3.3747134528083857,0.0,0.0,0.0,0.0,37.97923010719957,0.0,0.0,0.0,0.0,0.0,0.0,0.0,0.0,0.0,0.0,6.99840437656713,30.98082573063244,109542,0,0,0,11,DAVIS
858,110277,498.0,1559.9357275496704,3.132401059336688,1.0,0.0,0.0,1.0,23.985773929178908,0.0,0.0,0.0,0.0,0.0,0.0,0.0,1.0,0.0,0.0,0.0,22.985773929178908,153361,0,0,0,11,DAVIS
859,110278,0.0,0.0,0.0,0.0,0.0,0.0,0.0,5.052034058656575,0.0,0.0,0.0,0.0,0.0,0.0,0.0,0.0,5.052034058656575,0.0,0.0,0.0,86612,0,0,0,11,DAVIS
860,110279,100.0,300.51993737332054,3.005199373733205,72.0,5.0,9.0,58.0,81.03853462283372,5.0,0.0,0.0,9.0,36.0,12.0,1.0,9.0,4.04162724692526,0.0,0.0,4.996907375908458,86612,0,0,0,11,DAVIS
861,110280,1.0,1.0,1.0,241.0,9.0,137.0,95.0,245.04162724692526,6.0,3.0,3.0,134.0,8.0,10.0,0.0,77.0,4.04162724692526,0.0,0.0,0.0,86612,0,0,0,11,DAVIS
862,110281,386.0,1177.3659388540289,3.050170826046707,436.0,61.0,179.0,196.0,474.1438289982167,42.0,19.0,7.0,172.0,17.0,17.0,0.0,162.0,15.156102175969725,0.0,4.998860268976522,17.988866553270448,91485,0,0,0,11,DAVIS
863,110282,251.0,768.1052346679936,3.0601802178007715,164.0,2.0,146.0,16.0,177.00298451391163,2.0,0.0,69.0,77.0,3.0,2.0,2.0,9.0,1.010406811731315,0.0,0.0,11.9925777021803,75093,0,0,0,11,DAVIS
864,110283,393.0,1249.5302659206486,3.1794663254978337,883.0,70.0,77.0,736.0,1116.9392395944426,32.0,38.0,3.0,74.0,536.0,124.0,8.0,68.0,0.0,0.0,214.95099156599042,18.98824802845214,54577,561,0,0,11,DAVIS
865,110284,192.0,488.34489823164586,2.543463011623156,2024.0,258.0,180.0,1586.0,2032.9944332766352,154.0,104.0,42.0,138.0,690.0,78.0,236.0,582.0,0.0,0.0,0.0,8.994433276635224,44001,0,0,0,11,DAVIS
866,110285,448.0,1295.9922299224447,2.892839798934028,442.0,2.0,239.0,201.0,468.98564330158734,1.0,1.0,29.0,210.0,7.0,40.0,2.0,152.0,0.0,0.0,5.998632322771826,20.987010978815523,86612,582,0,0,11,DAVIS
867,110286,3.0,4.942762127850667,1.6475873759502224,640.0,52.0,326.0,262.0,640.0,51.0,1.0,194.0,132.0,57.0,31.0,78.0,96.0,0.0,0.0,0.0,0.0,91485,0,0,0,11,DAVIS
868,110287,819.0,2544.533943417523,3.1068790517918474,491.0,86.0,79.0,326.0,531.9966911555485,86.0,0.0,14.0,65.0,7.0,133.0,1.0,185.0,2.02081362346263,0.0,0.0,38.97587753208597,91485,0,0,0,11,DAVIS
869,110288,11.0,25.702363064823462,2.336578460438497,221.0,1.0,202.0,18.0,221.99938147518168,1.0,0.0,161.0,41.0,1.0,2.0,1.0,14.0,0.0,0.0,0.0,0.9993814751816916,75093,0,0,0,11,DAVIS
870,110289,319.0,1011.2891313582464,3.1701853647593934,250.0,24.0,129.0,97.0,264.99072212772535,2.0,22.0,30.0,99.0,14.0,5.0,1.0,77.0,0.0,0.0,0.0,14.990722127725377,75093,0,0,0,11,DAVIS
871,110290,319.0,1051.8197808066218,3.297240692183768,293.0,150.0,59.0,84.0,307.99072212772535,1.0,149.0,3.0,56.0,18.0,53.0,3.0,10.0,0.0,0.0,0.0,14.990722127725377,66963,0,0,0,11,DAVIS
872,110291,277.0,743.3914240287403,2.683723552450326,1251.0,792.0,26.0,433.0,1364.9689366106877,542.0,250.0,4.0,22.0,98.0,116.0,19.0,200.0,0.0,0.0,100.97697743332574,12.991959177361991,44001,0,0,1512,11,DAVIS
873,110292,310.0,782.9335210515457,2.5255920033920827,61.0,22.0,9.0,30.0,75.99072212772538,22.0,0.0,0.0,9.0,1.0,0.0,2.0,27.0,0.0,0.0,0.0,14.990722127725377,64364,0,0,0,11,DAVIS
874,110293,1084.0,3172.264733654558,2.926443481231142,116.0,56.0,15.0,45.0,166.9684552342663,2.0,54.0,4.0,11.0,11.0,0.0,8.0,26.0,0.0,0.0,0.0,50.96845523426627,85933,0,0,0,11,DAVIS
875,110294,0.0,0.0,0.0,0.0,0.0,0.0,0.0,0.0,0.0,0.0,0.0,0.0,0.0,0.0,0.0,0.0,0.0,0.0,0.0,0.0,86612,0,0,0,11,DAVIS
876,110295,1375.0,3976.946408068647,2.892324660413561,3263.0,259.0,449.0,2555.0,3336.9683791289035,180.0,79.0,138.0,311.0,1544.0,375.0,128.0,508.0,1.010406811731315,0.0,7.9981764303624345,64.95979588680996,69182,1258,0,0,11,DAVIS
877,110296,0.0,0.0,0.0,1698.0,190.0,1157.0,351.0,1700.736,186.0,4.0,526.0,631.0,149.0,32.0,28.0,142.0,0.0,2.736,0.0,0.0,69182,0,0,0,11,DAVIS
878,110297,0.0,0.0,0.0,1122.0,0.0,937.0,185.0,1122.0,0.0,0.0,155.0,782.0,26.0,63.0,0.0,96.0,0.0,0.0,0.0,0.0,69182,0,0,0,11,DAVIS
879,110298,137.0,364.7758450353792,2.662597409017366,930.0,14.0,653.0,263.0,991.7266956628215,6.0,8.0,356.0,297.0,27.0,32.0,9.0,195.0,1.010406811731315,54.72,0.0,5.996288851090149,69182,0,0,0,11,DAVIS
880,110299,540.0,1547.0845460172586,2.864971381513442,742.0,224.0,33.0,485.0,766.9845368795422,82.0,142.0,32.0,1.0,152.0,4.0,18.0,311.0,0.0,0.0,0.0,24.98453687954229,69182,0,0,0,11,DAVIS
881,110300,0.0,0.0,0.0,1949.0,60.0,1104.0,785.0,1949.0,36.0,24.0,584.0,520.0,59.0,41.0,6.0,679.0,0.0,0.0,0.0,0.0,69182,0,0,0,11,DAVIS
882,110301,0.0,0.0,0.0,1228.0,4.0,1083.0,141.0,1228.0,0.0,4.0,705.0,378.0,17.0,87.0,0.0,37.0,0.0,0.0,0.0,0.0,69182,0,0,0,11,DAVIS
883,110302,615.0,1790.2684427075114,2.9110055978983924,99.0,36.0,20.0,43.0,153.97613617894697,31.0,5.0,5.0,15.0,4.0,0.0,2.0,37.0,0.0,0.0,25.994073398677912,28.982062780269057,58205,0,0,0,11,DAVIS
884,110303,604.0,1627.1572924884397,2.6939690272987407,82.0,10.0,9.0,63.0,253.9498570516112,10.0,0.0,6.0,3.0,60.0,0.0,0.0,3.0,0.0,0.0,143.96717574652382,27.982681305087365,46701,727,0,0,11,DAVIS
885,110304,221.0,596.0971126187904,2.6972720027999566,147.0,22.0,15.0,110.0,164.99199118217936,21.0,1.0,5.0,10.0,20.0,62.0,4.0,24.0,0.0,0.0,7.9981764303624345,9.993814751816917,46701,470,0,0,11,DAVIS
886,110305,395.0,1067.636619615744,2.702877518014541,0.0,0.0,0.0,0.0,18.98824802845214,0.0,0.0,0.0,0.0,0.0,0.0,0.0,0.0,0.0,0.0,0.0,18.98824802845214,106785,0,0,0,11,DAVIS
887,110306,332.0,1036.0029419974996,3.120490789149095,7.0,1.0,0.0,6.0,22.990103602907066,1.0,0.0,0.0,0.0,1.0,0.0,1.0,4.0,0.0,0.0,0.0,15.990103602907066,152415,0,0,0,11,DAVIS
888,110307,0.0,0.0,0.0,307.0,0.0,179.0,128.0,307.0,0.0,0.0,111.0,68.0,50.0,36.0,0.0,42.0,0.0,0.0,0.0,0.0,69182,812,305,0,11,DAVIS
889,110308,26.0,69.19866978990933,2.661487299611897,122.0,1.0,114.0,7.0,122.99938147518169,0.0,1.0,45.0,69.0,2.0,1.0,0.0,4.0,0.0,0.0,0.0,0.9993814751816916,69182,0,0,0,11,DAVIS
890,110309,0.0,0.0,0.0,717.0,22.0,547.0,148.0,717.0,22.0,0.0,446.0,101.0,4.0,63.0,0.0,81.0,0.0,0.0,0.0,0.0,69182,0,0,0,11,DAVIS
891,110310,706.0,2037.406549100045,2.885844970396664,212.0,31.0,20.0,161.0,276.9722944024456,17.0,14.0,3.0,17.0,10.0,32.0,1.0,118.0,0.0,0.0,31.992705721449738,32.979588680995825,59059,0,0,0,11,DAVIS
892,110311,685.0,2081.891408250701,3.039257530292994,65.0,0.0,0.0,65.0,107.97769979756247,0.0,0.0,0.0,0.0,18.0,3.0,6.0,38.0,0.0,0.0,10.997492591748347,31.98020720581413,128611,0,0,0,11,DAVIS
893,110312,0.0,0.0,0.0,604.0,4.0,425.0,175.0,604.0,4.0,0.0,399.0,26.0,53.0,5.0,30.0,87.0,0.0,0.0,0.0,0.0,69182,0,0,0,11,DAVIS
894,110313,708.0,2044.326416079036,2.887466689377169,23.0,18.0,0.0,5.0,95.65158868099581,18.0,0.0,0.0,0.0,1.0,0.0,2.0,2.0,0.0,39.67199999999999,0.0,32.979588680995825,98984,0,0,0,11,DAVIS
895,110314,291.0,857.0749529693056,2.945274752471841,65.0,0.0,0.0,65.0,78.99134065254368,0.0,0.0,0.0,0.0,2.0,3.0,2.0,58.0,0.0,0.0,0.0,13.991340652543682,153599,0,0,0,11,DAVIS
896,110315,305.0,883.7658684596992,2.897593011343276,57.0,0.0,0.0,57.0,70.99134065254368,0.0,0.0,0.0,0.0,2.0,0.0,6.0,49.0,0.0,0.0,0.0,13.991340652543682,153518,0,0,0,11,DAVIS
897,110316,0.0,0.0,0.0,5.0,0.0,3.0,2.0,5.0,0.0,0.0,0.0,3.0,1.0,0.0,0.0,1.0,0.0,0.0,0.0,0.0,65562,0,0,0,11,DAVIS
898,110317,0.0,0.0,0.0,0.0,0.0,0.0,0.0,7.072847682119205,0.0,0.0,0.0,0.0,0.0,0.0,0.0,0.0,7.072847682119205,0.0,0.0,0.0,91175,0,0,0,11,DAVIS
899,110318,0.0,0.0,0.0,0.0,0.0,0.0,0.0,24.24976348155156,0.0,0.0,0.0,0.0,0.0,0.0,0.0,0.0,24.24976348155156,0.0,0.0,0.0,77899,0,0,0,11,DAVIS
900,110319,0.0,0.0,0.0,0.0,0.0,0.0,0.0,0.0,0.0,0.0,0.0,0.0,0.0,0.0,0.0,0.0,0.0,0.0,0.0,0.0,77899,0,0,0,11,DAVIS
901,110320,0.0,0.0,0.0,0.0,0.0,0.0,0.0,0.0,0.0,0.0,0.0,0.0,0.0,0.0,0.0,0.0,0.0,0.0,0.0,0.0,101962,0,0,0,11,DAVIS
902,110321,0.0,0.0,0.0,0.0,0.0,0.0,0.0,0.0,0.0,0.0,0.0,0.0,0.0,0.0,0.0,0.0,0.0,0.0,0.0,0.0,86612,0,0,0,11,DAVIS
903,110322,0.0,0.0,0.0,0.0,0.0,0.0,0.0,0.0,0.0,0.0,0.0,0.0,0.0,0.0,0.0,0.0,0.0,0.0,0.0,0.0,92898,0,0,0,11,DAVIS
904,110323,0.0,0.0,0.0,0.0,0.0,0.0,0.0,0.0,0.0,0.0,0.0,0.0,0.0,0.0,0.0,0.0,0.0,0.0,0.0,0.0,91692,0,0,0,11,DAVIS
905,110324,0.0,0.0,0.0,0.0,0.0,0.0,0.0,0.0,0.0,0.0,0.0,0.0,0.0,0.0,0.0,0.0,0.0,0.0,0.0,0.0,130534,0,0,0,11,DAVIS
906,350001,0.0,0.0,0.0,0.0,0.0,0.0,0.0,0.0,0.0,0.0,0.0,0.0,0.0,0.0,0.0,0.0,0.0,0.0,0.0,0.0,45129,0,0,0,35,SALT LAKE
907,350002,0.0,0.0,0.0,640.0,4.0,250.0,386.0,640.0,3.0,1.0,47.0,203.0,3.0,310.0,0.0,73.0,0.0,0.0,0.0,0.0,45129,0,0,0,35,SALT LAKE
908,350003,0.0,0.0,0.0,196.0,1.0,111.0,84.0,196.0,1.0,0.0,8.0,103.0,0.0,67.0,0.0,17.0,0.0,0.0,0.0,0.0,45129,0,0,0,35,SALT LAKE
909,350004,0.0,0.0,0.0,161.0,1.0,115.0,45.0,161.0,1.0,0.0,59.0,56.0,0.0,37.0,0.0,8.0,0.0,0.0,0.0,0.0,45129,0,0,0,35,SALT LAKE
910,350005,0.0,0.0,0.0,0.0,0.0,0.0,0.0,0.0,0.0,0.0,0.0,0.0,0.0,0.0,0.0,0.0,0.0,0.0,0.0,0.0,79063,0,0,0,35,SALT LAKE
911,350006,0.0,0.0,0.0,704.0,3.0,272.0,429.0,704.0,3.0,0.0,34.0,238.0,2.0,342.0,0.0,85.0,0.0,0.0,0.0,0.0,79063,0,0,0,35,SALT LAKE
912,350007,0.0,0.0,0.0,0.0,0.0,0.0,0.0,0.0,0.0,0.0,0.0,0.0,0.0,0.0,0.0,0.0,0.0,0.0,0.0,0.0,79063,0,0,0,35,SALT LAKE
913,350008,0.0,0.0,0.0,0.0,0.0,0.0,0.0,0.0,0.0,0.0,0.0,0.0,0.0,0.0,0.0,0.0,0.0,0.0,0.0,0.0,79063,0,0,0,35,SALT LAKE
914,350009,0.0,0.0,0.0,13161.0,99.0,4005.0,9057.0,13161.0,8.0,91.0,2052.0,1953.0,260.0,5107.0,1.0,3689.0,0.0,0.0,0.0,0.0,79063,0,0,0,35,SALT LAKE
915,350010,0.0,0.0,0.0,0.0,0.0,0.0,0.0,0.0,0.0,0.0,0.0,0.0,0.0,0.0,0.0,0.0,0.0,0.0,0.0,0.0,79063,0,0,0,35,SALT LAKE
916,350011,0.0,0.0,0.0,0.0,0.0,0.0,0.0,0.0,0.0,0.0,0.0,0.0,0.0,0.0,0.0,0.0,0.0,0.0,0.0,0.0,79063,0,0,0,35,SALT LAKE
917,350012,0.0,0.0,0.0,0.0,0.0,0.0,0.0,0.0,0.0,0.0,0.0,0.0,0.0,0.0,0.0,0.0,0.0,0.0,0.0,0.0,79063,0,0,0,35,SALT LAKE
918,350013,0.0,0.0,0.0,0.0,0.0,0.0,0.0,0.0,0.0,0.0,0.0,0.0,0.0,0.0,0.0,0.0,0.0,0.0,0.0,0.0,79063,0,0,0,35,SALT LAKE
919,350014,0.0,0.0,0.0,0.0,0.0,0.0,0.0,0.0,0.0,0.0,0.0,0.0,0.0,0.0,0.0,0.0,0.0,0.0,0.0,0.0,79063,0,0,0,35,SALT LAKE
920,350015,0.0,0.0,0.0,0.0,0.0,0.0,0.0,0.0,0.0,0.0,0.0,0.0,0.0,0.0,0.0,0.0,0.0,0.0,0.0,0.0,79063,0,0,0,35,SALT LAKE
921,350016,0.0,0.0,0.0,50.0,0.0,0.0,50.0,282.0680376861557,0.0,0.0,0.0,0.0,1.0,3.0,0.0,46.0,15.045078888054094,0.0,217.02295879810163,0.0,79063,0,0,0,35,SALT LAKE
922,350017,0.0,0.0,0.0,66.0,1.0,28.0,37.0,66.0,1.0,0.0,0.0,28.0,5.0,6.0,0.0,26.0,0.0,0.0,0.0,0.0,79063,0,0,0,35,SALT LAKE
923,350018,0.0,0.0,0.0,14969.0,1326.0,2486.0,11157.0,18369.37132093706,1311.0,15.0,16.0,2470.0,952.0,6933.0,8.0,3264.0,4.012021036814425,0.0,3396.359299900245,0.0,79063,0,0,0,35,SALT LAKE
924,350019,0.0,0.0,0.0,5.0,0.0,5.0,0.0,1678.2273929483467,0.0,0.0,0.0,5.0,0.0,0.0,0.0,0.0,0.0,1673.2273929483467,0.0,0.0,76192,0,0,0,35,SALT LAKE
925,350020,0.0,0.0,0.0,0.0,0.0,0.0,0.0,413.6390466144625,0.0,0.0,0.0,0.0,0.0,0.0,0.0,0.0,0.0,413.6390466144625,0.0,0.0,76192,0,0,0,35,SALT LAKE
926,350021,288.0,947.0913419316936,3.2885116039294915,593.0,6.0,260.0,327.0,613.9921175723277,4.0,2.0,11.0,249.0,3.0,27.0,0.0,297.0,0.0,0.0,0.0,20.99211757232777,76192,0,0,0,35,SALT LAKE
927,350022,0.0,0.0,0.0,44.0,7.0,32.0,5.0,147.0108974940298,7.0,0.0,0.0,32.0,0.0,3.0,0.0,2.0,0.0,0.0,103.0108974940298,0.0,76192,0,0,0,35,SALT LAKE
928,350023,0.0,0.0,0.0,74.0,0.0,18.0,56.0,74.0,0.0,0.0,0.0,18.0,0.0,8.0,0.0,48.0,0.0,0.0,0.0,0.0,76192,0,0,0,35,SALT LAKE
929,350024,0.0,0.0,0.0,0.0,0.0,0.0,0.0,46.13824192336589,0.0,0.0,0.0,0.0,0.0,0.0,0.0,0.0,46.13824192336589,0.0,0.0,0.0,76192,0,0,0,35,SALT LAKE
930,350025,0.0,0.0,0.0,706.0,9.0,259.0,438.0,927.0233820017532,8.0,1.0,0.0,259.0,2.0,79.0,0.0,357.0,0.0,0.0,221.02338200175325,0.0,76192,0,0,0,35,SALT LAKE
931,350026,31.0,101.08850592638802,3.260919546012517,387.0,3.0,146.0,238.0,639.1271805610046,1.0,2.0,7.0,139.0,1.0,24.0,2.0,211.0,35.10518407212622,0.0,215.0227471962758,1.9992492926026448,102017,0,0,0,35,SALT LAKE
932,350027,9.0,24.536045127764083,2.7262272364182314,198.0,3.0,77.0,118.0,245.1378665696672,1.0,2.0,3.0,74.0,1.0,20.0,6.0,91.0,46.13824192336589,0.0,0.0,0.9996246463013224,102017,0,0,0,35,SALT LAKE
933,350028,221.0,700.7494488489422,3.17081198574182,30.0,1.0,12.0,17.0,96.08046921860617,0.0,1.0,0.0,12.0,0.0,0.0,2.0,15.0,28.084147257700977,0.0,22.002327620084035,15.99399434082116,102017,0,0,0,35,SALT LAKE
934,350029,155.0,502.4982042166084,3.241923898171667,0.0,0.0,0.0,0.0,11.998876368518152,0.0,0.0,0.0,0.0,0.0,0.0,0.0,0.0,1.0030052592036065,0.0,0.0,10.995871109314546,102017,0,0,0,35,SALT LAKE
935,350030,0.0,0.0,0.0,0.0,0.0,0.0,0.0,0.0,0.0,0.0,0.0,0.0,0.0,0.0,0.0,0.0,0.0,0.0,0.0,0.0,102017,0,0,0,35,SALT LAKE
936,350031,76.0,242.41612586230917,3.189685866609331,0.0,0.0,0.0,0.0,5.997747877807934,0.0,0.0,0.0,0.0,0.0,0.0,0.0,0.0,0.0,0.0,0.0,5.997747877807934,104129,0,0,0,35,SALT LAKE
937,350032,0.0,0.0,0.0,0.0,0.0,0.0,0.0,0.0,0.0,0.0,0.0,0.0,0.0,0.0,0.0,0.0,0.0,0.0,0.0,0.0,105293,0,0,0,35,SALT LAKE
938,350033,53.0,161.93789784324295,3.055432034778169,0.0,0.0,0.0,0.0,3.9984985852052897,0.0,0.0,0.0,0.0,0.0,0.0,0.0,0.0,0.0,0.0,0.0,3.9984985852052897,103174,0,0,0,35,SALT LAKE
939,350034,49.0,120.71734202859928,2.463619225073455,516.0,3.0,397.0,116.0,808.0869584139374,3.0,0.0,1.0,396.0,1.0,20.0,0.0,95.0,20.060105184072125,0.0,268.02835464466006,3.9984985852052897,64798,0,0,0,35,SALT LAKE
940,350035,0.0,0.0,0.0,14.0,0.0,0.0,14.0,14.0,0.0,0.0,0.0,0.0,0.0,12.0,0.0,2.0,0.0,0.0,0.0,0.0,56502,0,0,0,35,SALT LAKE
941,350036,237.0,719.3968431460429,3.0354297179157927,98.0,0.0,0.0,98.0,115.99662424632609,0.0,0.0,0.0,0.0,0.0,91.0,1.0,6.0,1.0030052592036065,0.0,0.0,16.99361898712248,64725,0,723,0,35,SALT LAKE
942,350037,0.0,0.0,0.0,614.0,285.0,38.0,291.0,614.0,0.0,285.0,38.0,0.0,152.0,115.0,23.0,1.0,0.0,0.0,0.0,0.0,45129,0,0,0,35,SALT LAKE
943,350038,1.0,1.0,1.0,1234.0,60.0,456.0,718.0,2085.290099198945,2.0,58.0,272.0,184.0,230.0,290.0,63.0,135.0,69.20736288504884,0.0,782.0827363138961,0.0,45129,0,0,0,35,SALT LAKE
944,350039,0.0,0.0,0.0,641.0,26.0,140.0,475.0,641.0,26.0,0.0,16.0,124.0,37.0,195.0,0.0,243.0,0.0,0.0,0.0,0.0,64798,0,0,0,35,SALT LAKE
945,350040,0.0,0.0,0.0,176.0,0.0,166.0,10.0,176.0,0.0,0.0,133.0,33.0,2.0,4.0,0.0,4.0,0.0,0.0,0.0,0.0,64798,0,0,0,35,SALT LAKE
946,350041,0.0,0.0,0.0,319.0,29.0,247.0,43.0,327.61748013690413,28.0,1.0,48.0,199.0,7.0,15.0,0.0,21.0,0.0,8.617480136904156,0.0,0.0,116535,0,0,0,35,SALT LAKE
947,350042,0.0,0.0,0.0,1932.0,1.0,737.0,1194.0,1932.0,0.0,1.0,0.0,737.0,6.0,44.0,0.0,1144.0,0.0,0.0,0.0,0.0,56502,0,0,0,35,SALT LAKE
948,350043,6.0,9.814418051105632,1.635736341850939,598.0,68.0,79.0,451.0,599.0030052592036,68.0,0.0,4.0,75.0,0.0,100.0,0.0,351.0,1.0030052592036065,0.0,0.0,0.0,64798,0,0,0,35,SALT LAKE
949,350044,43.0,86.36687884972957,2.008532066272781,604.0,61.0,365.0,178.0,606.998873938904,29.0,32.0,0.0,365.0,65.0,23.0,0.0,90.0,0.0,0.0,0.0,2.998873938903967,52447,0,0,0,35,SALT LAKE
950,350045,0.0,0.0,0.0,1089.0,0.0,770.0,319.0,1102.0390683696469,0.0,0.0,296.0,474.0,0.0,294.0,0.0,25.0,13.039068369646882,0.0,0.0,0.0,56502,0,0,0,35,SALT LAKE
951,350046,1350.0,4947.44813956235,3.6647763996758154,13.0,3.0,0.0,10.0,111.96283998383092,3.0,0.0,0.0,0.0,0.0,8.0,0.0,2.0,0.0,0.0,0.0,98.96283998383092,64689,487,0,0,35,SALT LAKE
952,350047,155.0,485.8136935297289,3.1342818937401864,86.0,9.0,17.0,60.0,96.99587110931455,2.0,7.0,0.0,17.0,0.0,11.0,0.0,49.0,0.0,0.0,0.0,10.995871109314546,30068,0,0,0,35,SALT LAKE
953,350048,0.0,0.0,0.0,0.0,0.0,0.0,0.0,0.0,0.0,0.0,0.0,0.0,0.0,0.0,0.0,0.0,0.0,0.0,0.0,0.0,64798,285,0,0,35,SALT LAKE
954,350049,0.0,0.0,0.0,0.0,0.0,0.0,0.0,0.0,0.0,0.0,0.0,0.0,0.0,0.0,0.0,0.0,0.0,0.0,0.0,0.0,45129,0,0,0,35,SALT LAKE
955,350050,0.0,0.0,0.0,1389.0,42.0,217.0,1130.0,1561.0181977570205,3.0,39.0,81.0,136.0,419.0,347.0,141.0,223.0,0.0,0.0,172.01819775702063,0.0,45129,0,0,0,35,SALT LAKE
956,350051,0.0,0.0,0.0,1523.0,35.0,512.0,976.0,1913.1775368956978,16.0,19.0,38.0,474.0,347.0,266.0,108.0,255.0,47.14124718256949,0.0,343.0362897131284,0.0,45129,0,0,0,35,SALT LAKE
957,350052,0.0,0.0,0.0,221.0,20.0,105.0,96.0,397.02731933554435,0.0,20.0,83.0,22.0,22.0,57.0,16.0,1.0,3.009015777610819,0.0,173.01830355793354,0.0,45129,0,0,0,35,SALT LAKE
958,350053,0.0,0.0,0.0,2394.0,0.0,2171.0,223.0,2412.0540946656647,0.0,0.0,0.0,2171.0,0.0,223.0,0.0,0.0,18.054094665664916,0.0,0.0,0.0,56502,0,0,0,35,SALT LAKE
959,350054,0.0,0.0,0.0,1309.0,15.0,804.0,490.0,1309.0,0.0,15.0,472.0,332.0,159.0,281.0,20.0,30.0,0.0,0.0,0.0,0.0,56502,0,0,0,35,SALT LAKE
960,350055,643.0,2378.0334937828948,3.698341358915855,1113.0,429.0,177.0,507.0,1159.9823583761622,402.0,27.0,2.0,175.0,3.0,214.0,0.0,290.0,0.0,0.0,0.0,46.98235837616215,53594,702,91,0,35,SALT LAKE
961,350056,708.0,2066.9164415628466,2.919373505032269,56.0,2.0,0.0,54.0,107.98048160766876,0.0,2.0,0.0,0.0,1.0,45.0,5.0,3.0,0.0,0.0,0.0,51.98048160766877,61390,337,232,160,35,SALT LAKE
962,350057,476.0,1299.428949966386,2.7298927520302225,63.0,2.0,1.0,60.0,97.98686262054628,0.0,2.0,0.0,1.0,0.0,0.0,16.0,44.0,0.0,0.0,0.0,34.98686262054628,64537,0,0,0,35,SALT LAKE
963,350058,0.0,0.0,0.0,2360.0,137.0,1377.0,846.0,2360.0,107.0,30.0,541.0,836.0,401.0,403.0,1.0,41.0,0.0,0.0,0.0,0.0,52447,0,0,0,35,SALT LAKE
964,350059,577.0,1410.3318739438796,2.4442493482562906,0.0,0.0,0.0,0.0,41.98423514465554,0.0,0.0,0.0,0.0,0.0,0.0,0.0,0.0,0.0,0.0,0.0,41.98423514465554,116535,0,0,0,35,SALT LAKE
965,350060,0.0,0.0,0.0,13387.0,2848.0,6826.0,3713.0,13387.0,173.0,2675.0,22.0,6804.0,221.0,1138.0,72.0,2282.0,0.0,0.0,0.0,0.0,56502,0,0,0,35,SALT LAKE
966,350061,207.0,635.974289711645,3.072339563824372,37.0,12.0,1.0,24.0,51.99436969451983,8.0,4.0,0.0,1.0,13.0,0.0,8.0,3.0,0.0,0.0,0.0,14.994369694519836,30068,0,0,0,35,SALT LAKE
967,350062,356.0,1033.4582207814233,2.902972530284897,86.0,9.0,1.0,76.0,111.99024080383438,0.0,9.0,0.0,1.0,10.0,40.0,26.0,0.0,0.0,0.0,0.0,25.990240803834386,48811,0,0,0,35,SALT LAKE
968,350063,443.0,1209.136303896214,2.7294273225648173,23.0,17.0,0.0,6.0,54.98798868164232,0.0,17.0,0.0,0.0,0.0,0.0,0.0,6.0,0.0,0.0,0.0,31.98798868164232,49071,0,0,0,35,SALT LAKE
969,350064,354.0,991.2562231616688,2.80015882249059,0.0,0.0,0.0,0.0,25.990240803834386,0.0,0.0,0.0,0.0,0.0,0.0,0.0,0.0,0.0,0.0,0.0,25.990240803834386,81295,326,0,0,35,SALT LAKE
970,350065,750.0,2056.12058170663,2.741494108942174,54.0,5.0,0.0,49.0,108.97935554657273,5.0,0.0,0.0,0.0,0.0,1.0,0.0,48.0,0.0,0.0,0.0,54.979355546572734,45921,0,0,0,35,SALT LAKE
971,350066,517.0,981.4418051105632,1.898340048569755,296.0,6.0,70.0,220.0,344.9869003694923,6.0,0.0,45.0,25.0,25.0,13.0,1.0,181.0,0.0,0.0,11.001163810042017,37.98573655945025,59977,0,0,0,35,SALT LAKE
972,350067,196.0,422.01997619754223,2.153163143865012,781.0,43.0,119.0,619.0,826.9981306774317,29.0,14.0,77.0,42.0,141.0,31.0,191.0,256.0,0.0,0.0,32.00338562921314,13.994745048218514,52447,0,0,0,35,SALT LAKE
973,350068,676.0,1168.897189886681,1.729137854861954,0.0,0.0,0.0,0.0,48.9816076687648,0.0,0.0,0.0,0.0,0.0,0.0,0.0,0.0,0.0,0.0,0.0,48.9816076687648,60090,0,0,0,35,SALT LAKE
974,350069,862.0,2287.7408477127237,2.6539917026829736,56.0,7.0,1.0,48.0,228.98799081740347,0.0,7.0,0.0,1.0,19.0,15.0,3.0,11.0,0.0,0.0,110.01163810042017,62.976352716983314,171320,349,0,0,35,SALT LAKE
975,350070,0.0,0.0,0.0,289.0,14.0,28.0,247.0,463.0184093588465,0.0,14.0,28.0,0.0,33.0,124.0,90.0,0.0,0.0,0.0,174.01840935884647,0.0,45129,0,0,0,35,SALT LAKE
976,350071,0.0,0.0,0.0,0.0,0.0,0.0,0.0,0.0,0.0,0.0,0.0,0.0,0.0,0.0,0.0,0.0,0.0,0.0,0.0,0.0,45129,0,0,0,35,SALT LAKE
977,350072,0.0,0.0,0.0,2898.0,17.0,2633.0,248.0,2899.0030052592037,13.0,4.0,2290.0,343.0,17.0,204.0,0.0,27.0,1.0030052592036065,0.0,0.0,0.0,45129,0,0,0,35,SALT LAKE
978,350073,0.0,0.0,0.0,15153.0,806.0,4148.0,10199.0,15243.009522082162,214.0,592.0,2857.0,1291.0,3159.0,2529.0,0.0,4511.0,0.0,0.0,90.00952208216196,0.0,56502,0,0,0,35,SALT LAKE
979,350074,0.0,0.0,0.0,2959.0,151.0,1644.0,1164.0,3026.5035944048523,0.0,151.0,1491.0,153.0,158.0,188.0,177.0,641.0,0.0,67.50359440485208,0.0,0.0,56502,0,0,0,35,SALT LAKE
980,350075,685.0,2060.0463489270724,3.0073669327402515,176.0,88.0,3.0,85.0,225.9812323150661,17.0,71.0,3.0,0.0,3.0,7.0,25.0,50.0,0.0,0.0,0.0,49.98123231506612,38829,0,0,0,35,SALT LAKE
981,350076,505.0,1340.6495057810296,2.654751496596098,352.0,4.0,70.0,278.0,388.98611191314893,1.0,3.0,3.0,67.0,6.0,21.0,3.0,248.0,0.0,0.0,0.0,36.98611191314893,60653,452,0,0,35,SALT LAKE
982,350077,315.0,861.7059048870747,2.7355743012288083,18.0,17.0,0.0,1.0,40.99136686493041,15.0,2.0,0.0,0.0,0.0,0.0,0.0,1.0,0.0,0.0,0.0,22.991366864930416,57237,0,0,0,35,SALT LAKE
983,350078,256.0,725.2854939767063,2.833146460846509,0.0,0.0,0.0,0.0,18.992868279725126,0.0,0.0,0.0,0.0,0.0,0.0,0.0,0.0,0.0,0.0,0.0,18.992868279725126,211467,0,0,0,35,SALT LAKE
984,350079,1461.0,4051.3917714964055,2.773026537642988,2568.0,121.0,36.0,2411.0,2674.9598371542415,56.0,65.0,4.0,32.0,87.0,2212.0,5.0,107.0,0.0,0.0,0.0,106.9598371542415,40069,410,0,0,35,SALT LAKE
985,350080,577.0,1482.9585675220612,2.570118834526969,1675.0,97.0,20.0,1558.0,1851.9985182678984,33.0,64.0,0.0,20.0,4.0,1475.0,12.0,67.0,0.0,0.0,135.01428312324293,41.98423514465554,38845,0,0,0,35,SALT LAKE
986,350081,99.0,214.93575531921337,2.17106823554761,872.0,28.0,60.0,784.0,951.0049901898387,11.0,17.0,9.0,51.0,10.0,123.0,0.0,651.0,0.0,0.0,72.00761766572957,6.997372524109257,46352,0,0,0,35,SALT LAKE
987,350082,479.0,1269.985695813069,2.651327131133756,0.0,0.0,0.0,0.0,34.98686262054628,0.0,0.0,0.0,0.0,0.0,0.0,0.0,0.0,0.0,0.0,0.0,34.98686262054628,35544,0,0,0,35,SALT LAKE
988,350083,143.0,349.39328261936055,2.443309668666857,439.0,178.0,2.0,259.0,448.9962464630132,86.0,92.0,1.0,1.0,4.0,48.0,1.0,206.0,0.0,0.0,0.0,9.996246463013224,46352,434,0,0,35,SALT LAKE
989,350084,404.0,1054.068498688745,2.6090804422988736,64.0,1.0,1.0,62.0,93.98873938903967,1.0,0.0,0.0,1.0,9.0,3.0,46.0,4.0,0.0,0.0,0.0,29.988739389039672,34137,0,0,0,35,SALT LAKE
990,350085,367.0,786.1348858935612,2.14205690979172,344.0,95.0,43.0,206.0,370.9898654501357,90.0,5.0,21.0,22.0,27.0,12.0,120.0,47.0,0.0,0.0,0.0,26.989865450135703,51230,0,0,0,35,SALT LAKE
991,350086,344.0,791.0420949191141,2.299540973602076,328.0,8.0,252.0,68.0,352.99061615753305,8.0,0.0,4.0,248.0,7.0,4.0,13.0,44.0,0.0,0.0,0.0,24.99061615753306,51326,0,0,0,35,SALT LAKE
992,350087,1004.0,2114.0256482081536,2.1056032352670853,830.0,117.0,69.0,644.0,1111.9947115707948,109.0,8.0,54.0,15.0,376.0,93.0,22.0,153.0,0.0,0.0,209.02211239079833,72.97259917999654,51230,0,0,0,35,SALT LAKE
993,350088,30.0,70.66380996796056,2.355460332265352,253.0,39.0,188.0,26.0,254.99924929260266,39.0,0.0,57.0,131.0,10.0,2.0,2.0,12.0,0.0,0.0,0.0,1.9992492926026448,51230,0,0,0,35,SALT LAKE
994,350089,367.0,790.0606531140035,2.1527538231989194,468.0,22.0,31.0,415.0,526.9932510793489,20.0,2.0,10.0,21.0,10.0,274.0,18.0,113.0,0.0,0.0,32.00338562921314,26.989865450135703,51390,0,948,1903,35,SALT LAKE
995,350090,1195.0,2242.5945246776373,1.8766481378055544,107.0,63.0,0.0,44.0,252.97358648207677,22.0,41.0,0.0,0.0,9.0,0.0,9.0,26.0,0.0,0.0,59.00624225386173,86.96734422821505,48532,0,0,0,35,SALT LAKE
996,350091,443.0,801.8379547753302,1.8100179566034544,345.0,11.0,18.0,316.0,376.9879886816423,9.0,2.0,5.0,13.0,92.0,69.0,15.0,140.0,0.0,0.0,0.0,31.98798868164232,27015,262,0,0,35,SALT LAKE
997,350092,500.0,912.7408787528238,1.825481757505648,0.0,0.0,0.0,0.0,41.98664091771349,0.0,0.0,0.0,0.0,0.0,0.0,0.0,0.0,0.0,0.0,5.000529004564553,36.98611191314893,66900,0,0,0,35,SALT LAKE
998,350093,484.0,874.464648353512,1.8067451412262645,228.0,6.0,45.0,177.0,262.9868626205463,0.0,6.0,0.0,45.0,107.0,0.0,0.0,70.0,0.0,0.0,0.0,34.98686262054628,54299,0,0,0,35,SALT LAKE
999,350094,0.0,0.0,0.0,2158.0,54.0,0.0,2104.0,2158.0,19.0,35.0,0.0,0.0,2.0,1649.0,1.0,452.0,0.0,0.0,0.0,0.0,66900,0,0,0,35,SALT LAKE
1000,350095,270.0,549.6074108619155,2.03558300319228,2055.0,33.0,5.0,2017.0,2074.9924929260264,0.0,33.0,0.0,5.0,56.0,204.0,1748.0,9.0,0.0,0.0,0.0,19.992492926026447,100099,0,0,0,35,SALT LAKE
1001,350096,535.0,859.7430212768535,1.6069963014520623,351.0,161.0,0.0,190.0,389.9853612057516,157.0,4.0,0.0,0.0,4.0,38.0,1.0,147.0,0.0,0.0,0.0,38.98536120575157,58481,0,0,0,35,SALT LAKE
1002,350097,431.0,874.464648353512,2.028920297803972,0.0,0.0,0.0,0.0,31.98798868164232,0.0,0.0,0.0,0.0,0.0,0.0,0.0,0.0,0.0,0.0,0.0,31.98798868164232,100099,0,0,0,35,SALT LAKE
1003,350098,620.0,1159.0827718355754,1.8694883416702828,16.0,2.0,0.0,14.0,60.98310908355951,2.0,0.0,0.0,0.0,4.0,0.0,4.0,6.0,0.0,0.0,0.0,44.98310908355951,45319,0,0,0,35,SALT LAKE
1004,350099,401.0,829.318325318426,2.068125499547197,22.0,10.0,0.0,12.0,50.98911474273835,1.0,9.0,0.0,0.0,10.0,0.0,1.0,1.0,0.0,0.0,0.0,28.98911474273835,79338,0,0,0,35,SALT LAKE
1005,350100,43.0,79.49678621395563,1.8487624700919916,0.0,0.0,0.0,0.0,2.998873938903967,0.0,0.0,0.0,0.0,0.0,0.0,0.0,0.0,0.0,0.0,0.0,2.998873938903967,131360,0,0,0,35,SALT LAKE
1006,350101,380.0,1024.625244535428,2.6963822224616525,355.0,3.0,7.0,345.0,382.989490096437,0.0,3.0,0.0,7.0,6.0,5.0,245.0,89.0,0.0,0.0,0.0,27.989490096437027,183906,0,0,0,35,SALT LAKE
1007,350102,0.0,0.0,0.0,13123.0,8.0,9.0,13106.0,13123.0,0.0,8.0,1.0,8.0,1096.0,636.0,11332.0,42.0,0.0,0.0,0.0,0.0,22017,0,0,0,35,SALT LAKE
1008,350103,0.0,0.0,0.0,5659.0,211.0,693.0,4755.0,5659.0,13.0,198.0,218.0,475.0,1745.0,2355.0,94.0,561.0,0.0,0.0,0.0,0.0,45129,0,0,0,35,SALT LAKE
1009,350104,0.0,0.0,0.0,471.0,7.0,139.0,325.0,674.0214775853209,4.0,3.0,20.0,119.0,79.0,216.0,8.0,22.0,0.0,0.0,203.02147758532087,0.0,45129,0,0,0,35,SALT LAKE
1010,350105,0.0,0.0,0.0,129.0,0.0,99.0,30.0,348.02317039992744,0.0,0.0,16.0,83.0,2.0,24.0,0.0,4.0,0.0,0.0,219.02317039992744,0.0,45129,0,0,0,35,SALT LAKE
1011,350106,1.0,1.0,1.0,2331.0,35.0,1127.0,1169.0,2337.0180315552216,7.0,28.0,115.0,1012.0,116.0,477.0,0.0,576.0,6.018031555221638,0.0,0.0,0.0,69745,0,0,0,35,SALT LAKE
1012,350107,0.0,0.0,0.0,504.0,6.0,132.0,366.0,504.0,6.0,0.0,48.0,84.0,41.0,127.0,0.0,198.0,0.0,0.0,0.0,0.0,69745,0,0,0,35,SALT LAKE
1013,350108,0.0,0.0,0.0,0.0,0.0,0.0,0.0,0.0,0.0,0.0,0.0,0.0,0.0,0.0,0.0,0.0,0.0,0.0,0.0,0.0,56502,0,0,0,35,SALT LAKE
1014,350109,0.0,0.0,0.0,0.0,0.0,0.0,0.0,0.0,0.0,0.0,0.0,0.0,0.0,0.0,0.0,0.0,0.0,0.0,0.0,0.0,56502,0,0,0,35,SALT LAKE
1015,350110,0.0,0.0,0.0,11.0,0.0,1.0,10.0,11.0,0.0,0.0,0.0,1.0,0.0,0.0,0.0,10.0,0.0,0.0,0.0,0.0,56502,0,0,0,35,SALT LAKE
1016,350111,579.0,1542.8265176338057,2.66463992682868,572.0,88.0,200.0,284.0,1019.0270845143843,40.0,48.0,89.0,111.0,91.0,35.0,9.0,149.0,0.0,0.0,405.0428493697288,41.98423514465554,38960,0,0,0,35,SALT LAKE
1017,350112,235.0,568.2548051590162,2.418105553868154,1861.0,93.0,461.0,1307.0,1877.9936189871225,38.0,55.0,4.0,457.0,177.0,487.0,0.0,643.0,0.0,0.0,0.0,16.99361898712248,35043,0,0,0,35,SALT LAKE
1018,350113,4.0,6.0,1.5,269.0,0.0,165.0,104.0,269.0,0.0,0.0,66.0,99.0,5.0,39.0,0.0,60.0,0.0,0.0,0.0,0.0,35043,0,0,0,35,SALT LAKE
1019,350114,101.0,297.3768669485007,2.9443254153316905,1506.0,58.0,493.0,955.0,1512.9973725241093,46.0,12.0,20.0,473.0,472.0,344.0,0.0,139.0,0.0,0.0,0.0,6.997372524109257,32095,0,0,0,35,SALT LAKE
1020,350115,137.0,332.708771932481,2.4285311819889124,467.0,45.0,257.0,165.0,476.9962464630132,24.0,21.0,219.0,38.0,18.0,73.0,0.0,74.0,0.0,0.0,0.0,9.996246463013224,32095,0,0,0,35,SALT LAKE
1021,350116,75.0,211.00998809877112,2.8134665079836148,344.0,17.0,143.0,184.0,392.00267267076174,12.0,5.0,16.0,127.0,42.0,25.0,77.0,40.0,0.0,0.0,43.00454943925516,4.998123231506612,32095,0,0,0,35,SALT LAKE
1022,350117,107.0,298.35830875361125,2.7883954089122547,504.0,162.0,49.0,293.0,520.9979493786268,45.0,117.0,25.0,24.0,38.0,39.0,19.0,197.0,0.0,0.0,9.000952208216196,7.996997170410579,32095,0,0,0,35,SALT LAKE
1023,350118,1047.0,2503.658044837047,2.391268428688679,350.0,4.0,63.0,283.0,426.9710977652018,0.0,4.0,14.0,49.0,30.0,6.0,0.0,247.0,0.0,0.0,0.0,76.97109776520183,42543,0,0,0,35,SALT LAKE
1024,350119,2606.0,6201.73076649365,2.379789242706696,553.0,19.0,81.0,453.0,743.9283074435525,0.0,19.0,68.0,13.0,187.0,1.0,20.0,245.0,0.0,0.0,0.0,190.92830744355257,42543,0,0,0,35,SALT LAKE
1025,350120,929.0,1845.110593607859,1.9861255044218076,74.0,24.0,7.0,43.0,141.97447594848992,0.0,24.0,7.0,0.0,23.0,0.0,20.0,0.0,0.0,0.0,0.0,67.97447594848992,42543,0,0,0,35,SALT LAKE
1026,350121,1392.0,2893.2904414659406,2.078513248179555,349.0,10.0,71.0,268.0,487.96562855651257,4.0,6.0,52.0,19.0,147.0,8.0,11.0,102.0,0.0,0.0,37.0039146337777,101.96171392273487,42543,0,0,0,35,SALT LAKE
1027,350122,895.0,1758.7437147581295,1.9650767762660664,10515.0,2084.0,1095.0,7336.0,11014.126857242103,1313.0,771.0,429.0,666.0,2338.0,431.0,756.0,3811.0,0.0,20.10745365457065,414.04380157794503,64.97560200958596,42543,0,0,0,35,SALT LAKE
1028,350123,1075.0,2580.210505635671,2.400195819195973,0.0,0.0,0.0,0.0,78.97034705780447,0.0,0.0,0.0,0.0,0.0,0.0,0.0,0.0,0.0,0.0,0.0,78.97034705780447,42543,0,0,0,35,SALT LAKE
1029,350124,249.0,629.1041970758711,2.5265228798227755,2096.0,137.0,83.0,1876.0,2113.993243633424,0.0,137.0,83.0,0.0,1277.0,279.0,313.0,7.0,0.0,0.0,0.0,17.993243633423802,42543,0,0,0,35,SALT LAKE
1030,350125,460.0,1026.5881281456493,2.2317133220557595,1058.0,113.0,68.0,877.0,1091.9872379742449,0.0,113.0,68.0,0.0,223.0,104.0,0.0,550.0,0.0,0.0,0.0,33.98723797424496,42543,0,0,0,35,SALT LAKE
1031,350126,178.0,425.9457434179845,2.392953614707778,548.0,200.0,18.0,330.0,560.9951204019172,0.0,200.0,17.0,1.0,249.0,3.0,17.0,61.0,0.0,0.0,0.0,12.995120401917193,42543,0,0,0,35,SALT LAKE
1032,350127,2231.0,5446.020576558516,2.441067044625063,0.0,0.0,0.0,0.0,162.93881734711556,0.0,0.0,0.0,0.0,0.0,0.0,0.0,0.0,0.0,0.0,0.0,162.93881734711556,42543,0,0,0,35,SALT LAKE
1033,350128,413.0,872.5017647432908,2.1125950720176534,454.0,44.0,9.0,401.0,483.98873938903967,0.0,44.0,0.0,9.0,233.0,58.0,0.0,110.0,0.0,0.0,0.0,29.988739389039672,43489,0,0,0,35,SALT LAKE
1034,350129,471.0,825.3925580979837,1.7524258133715154,3177.0,1144.0,0.0,2033.0,3210.987237974245,723.0,421.0,0.0,0.0,1472.0,41.0,3.0,517.0,0.0,0.0,0.0,33.98723797424496,50921,0,0,0,35,SALT LAKE
1035,350130,91.0,227.6944987856507,2.5021373492928647,5410.0,507.0,3.0,4900.0,5416.997372524109,0.0,507.0,2.0,1.0,4220.0,189.0,23.0,468.0,0.0,0.0,0.0,6.997372524109257,54475,0,0,0,35,SALT LAKE
1036,350131,616.0,1369.1113181292358,2.2225833086513567,5724.0,511.0,0.0,5213.0,5905.997603808629,0.0,511.0,0.0,0.0,4345.0,98.0,5.0,765.0,0.0,0.0,137.01449472506877,44.98310908355951,50921,0,0,0,35,SALT LAKE
1037,350132,318.0,666.3989856700725,2.0955942945599766,2572.0,168.0,0.0,2404.0,2809.0140082602934,0.0,168.0,0.0,0.0,1621.0,123.0,110.0,550.0,0.0,0.0,214.02264139536288,22.991366864930416,50921,0,0,0,35,SALT LAKE
1038,350133,1164.0,2031.5845365788664,1.745347540016208,0.0,0.0,0.0,0.0,84.9680949356124,0.0,0.0,0.0,0.0,0.0,0.0,0.0,0.0,0.0,0.0,0.0,84.9680949356124,37315,0,0,0,35,SALT LAKE
1039,350134,712.0,1275.8743466437322,1.7919583520277138,254.0,1.0,1.0,252.0,305.98048160766876,1.0,0.0,1.0,0.0,92.0,45.0,19.0,96.0,0.0,0.0,0.0,51.98048160766877,51794,0,0,0,35,SALT LAKE
1040,350135,380.0,916.6666459732662,2.412280647298069,835.0,22.0,0.0,813.0,938.9975309658182,4.0,18.0,0.0,0.0,582.0,9.0,99.0,123.0,0.0,0.0,76.0080408693812,27.989490096437027,39970,0,0,0,35,SALT LAKE
1041,350136,331.0,550.588852667026,1.6634104310182054,708.0,4.0,6.0,698.0,822.0005135933937,0.0,4.0,6.0,0.0,302.0,49.0,89.0,258.0,0.0,0.0,90.00952208216196,23.990991511231737,39970,0,0,0,35,SALT LAKE
1042,350137,218.0,362.1520260857978,1.6612478260816417,1301.0,16.0,14.0,1271.0,1316.9939943408212,12.0,4.0,10.0,4.0,334.0,46.0,198.0,693.0,0.0,0.0,0.0,15.99399434082116,25840,0,0,0,35,SALT LAKE
1043,350138,600.0,947.0913419316936,1.578485569886156,597.0,112.0,6.0,479.0,640.9834844372582,5.0,107.0,6.0,0.0,190.0,30.0,65.0,194.0,0.0,0.0,0.0,43.98348443725818,43385,276,47,0,35,SALT LAKE
1044,350139,223.0,449.500346740638,2.0156966221553274,3310.0,29.0,16.0,3265.0,3325.9939943408212,1.0,28.0,16.0,0.0,1774.0,360.0,119.0,1012.0,0.0,0.0,0.0,15.99399434082116,25840,0,0,0,35,SALT LAKE
1045,350140,650.0,1207.173420285993,1.8571898773630664,492.0,8.0,3.0,481.0,539.9819830224635,8.0,0.0,3.0,0.0,169.0,17.0,46.0,249.0,0.0,0.0,0.0,47.981983022463474,43554,0,0,0,35,SALT LAKE
1046,350141,489.0,911.7594369477132,1.8645387258644444,663.0,37.0,37.0,589.0,698.9864872668476,31.0,6.0,18.0,19.0,126.0,59.0,155.0,249.0,0.0,0.0,0.0,35.986487266847604,47503,0,426,0,35,SALT LAKE
1047,350142,449.0,832.2626507337577,1.8535916497411085,101.0,36.0,0.0,65.0,133.98761332794365,8.0,28.0,0.0,0.0,9.0,1.0,24.0,31.0,0.0,0.0,0.0,32.98761332794364,70463,0,0,0,35,SALT LAKE
1048,350143,447.0,863.6687884972957,1.932144940709834,1227.0,95.0,1.0,1131.0,1259.9876133279436,84.0,11.0,0.0,1.0,27.0,10.0,968.0,126.0,0.0,0.0,0.0,32.98761332794364,41532,0,0,0,35,SALT LAKE
1049,350144,366.0,687.9907053825049,1.8797560256352592,34.0,0.0,0.0,34.0,60.9898654501357,0.0,0.0,0.0,0.0,4.0,8.0,0.0,22.0,0.0,0.0,0.0,26.989865450135703,131360,444,0,0,35,SALT LAKE
1050,350145,410.0,803.8008383855514,1.9604898497208567,17.0,6.0,0.0,11.0,46.98873938903967,6.0,0.0,0.0,0.0,1.0,0.0,0.0,10.0,0.0,0.0,0.0,29.988739389039672,24327,0,0,0,35,SALT LAKE
1051,350146,0.0,0.0,0.0,22617.0,171.0,8.0,22438.0,22617.0,24.0,147.0,1.0,7.0,29.0,21813.0,207.0,389.0,0.0,0.0,0.0,0.0,22017,0,0,0,35,SALT LAKE
1052,350147,0.0,0.0,0.0,2991.0,1645.0,825.0,521.0,2991.0,8.0,1637.0,14.0,811.0,9.0,89.0,66.0,357.0,0.0,0.0,0.0,0.0,22017,0,0,0,35,SALT LAKE
1053,350148,0.0,0.0,0.0,5305.0,85.0,923.0,4297.0,5305.0,69.0,16.0,70.0,853.0,1324.0,1854.0,12.0,1107.0,0.0,0.0,0.0,0.0,45129,0,0,0,35,SALT LAKE
1054,350149,0.0,0.0,0.0,2568.0,323.0,2081.0,164.0,7775.550905353526,0.0,323.0,12.0,2069.0,2.0,158.0,4.0,0.0,0.0,0.0,5207.550905353526,0.0,45129,0,0,0,35,SALT LAKE
1055,350150,0.0,0.0,0.0,2090.0,0.0,1645.0,445.0,2090.0,0.0,0.0,63.0,1582.0,6.0,212.0,0.0,227.0,0.0,0.0,0.0,0.0,45129,0,0,0,35,SALT LAKE
1056,350151,0.0,0.0,0.0,1378.0,5.0,734.0,639.0,1385.1812334475997,5.0,0.0,399.0,335.0,37.0,202.0,0.0,400.0,0.0,7.181233447599559,0.0,0.0,69745,0,0,0,35,SALT LAKE
1057,350152,0.0,0.0,0.0,627.0,1.0,483.0,143.0,627.0,1.0,0.0,106.0,377.0,12.0,62.0,0.0,69.0,0.0,0.0,0.0,0.0,69745,0,0,0,35,SALT LAKE
1058,350153,0.0,0.0,0.0,764.0,1.0,457.0,306.0,764.0,1.0,0.0,370.0,87.0,18.0,82.0,0.0,206.0,0.0,0.0,0.0,0.0,69745,0,0,0,35,SALT LAKE
1059,350154,5.0,6.0,1.2,930.0,5.0,201.0,724.0,930.0,0.0,5.0,51.0,150.0,37.0,48.0,247.0,392.0,0.0,0.0,0.0,0.0,69745,0,0,0,35,SALT LAKE
1060,350155,467.0,1457.4410805891866,3.120858844944725,0.0,0.0,0.0,0.0,33.98723797424496,0.0,0.0,0.0,0.0,0.0,0.0,0.0,0.0,0.0,0.0,0.0,33.98723797424496,39712,0,0,0,35,SALT LAKE
1061,350156,436.0,1421.1277338000957,3.259467279358017,454.0,0.0,68.0,386.0,485.9879886816423,0.0,0.0,20.0,48.0,3.0,79.0,97.0,207.0,0.0,0.0,0.0,31.98798868164232,46000,408,0,0,35,SALT LAKE
1062,350157,253.0,852.8729286410795,3.3710392436406305,21.0,14.0,2.0,5.0,39.99286827972513,5.0,9.0,0.0,2.0,1.0,0.0,1.0,3.0,0.0,0.0,0.0,18.992868279725126,42301,0,0,0,35,SALT LAKE
1063,350158,243.0,798.8936293599986,3.2876281043621343,40.0,1.0,14.0,25.0,57.9932436334238,0.0,1.0,0.0,14.0,0.0,1.0,12.0,12.0,0.0,0.0,0.0,17.993243633423802,50879,0,0,0,35,SALT LAKE
1064,350159,273.0,822.4482326826521,3.012630888947444,296.0,2.0,178.0,116.0,315.99249292602644,2.0,0.0,0.0,178.0,15.0,65.0,1.0,35.0,0.0,0.0,0.0,19.992492926026447,43890,394,0,0,35,SALT LAKE
1065,350160,1051.0,2525.24976454948,2.4027114791146333,15.0,0.0,1.0,14.0,452.0091860938497,0.0,0.0,0.0,1.0,4.0,0.0,1.0,9.0,0.0,0.0,360.03808832864786,76.97109776520183,42543,0,0,0,35,SALT LAKE
1066,350161,1163.0,2577.2661802203397,2.2160500259848144,1773.0,155.0,43.0,1575.0,1956.9785692259907,1.0,154.0,26.0,17.0,547.0,38.0,116.0,874.0,0.0,0.0,99.01047429037816,84.9680949356124,42543,0,0,0,35,SALT LAKE
1067,350162,312.0,634.9928479065345,2.0352334868799185,6316.0,2777.0,986.0,2553.0,6338.991366864931,56.0,2721.0,986.0,0.0,699.0,206.0,780.0,868.0,0.0,0.0,0.0,22.991366864930416,42543,0,0,0,35,SALT LAKE
1068,350163,393.0,996.1634321872218,2.534767003020921,0.0,0.0,0.0,0.0,28.98911474273835,0.0,0.0,0.0,0.0,0.0,0.0,0.0,0.0,0.0,0.0,0.0,28.98911474273835,42543,0,0,0,35,SALT LAKE
1069,350164,459.0,846.9842778104162,1.8452816510030852,898.0,313.0,42.0,543.0,1784.5135212404364,32.0,281.0,34.0,8.0,234.0,8.0,236.0,65.0,0.0,1.436246689304597,851.090036576887,33.98723797424496,42543,0,0,0,35,SALT LAKE
1070,350165,232.0,512.312622267714,2.208244061498767,2701.0,493.0,461.0,1747.0,2717.9936189871223,0.0,493.0,461.0,0.0,1094.0,212.0,123.0,318.0,0.0,0.0,0.0,16.99361898712248,42543,0,0,0,35,SALT LAKE
1071,350166,412.0,824.4111162928732,2.000997855079789,1558.0,448.0,0.0,1110.0,1587.9887393890397,0.0,448.0,0.0,0.0,846.0,2.0,38.0,224.0,0.0,0.0,0.0,29.988739389039672,42543,0,0,0,35,SALT LAKE
1072,350167,630.0,1338.6866221708085,2.1248994002711243,782.0,295.0,0.0,487.0,927.9933138211519,0.0,295.0,0.0,0.0,464.0,0.0,20.0,3.0,0.0,0.0,100.01058009129108,45.98273372986083,42543,0,0,0,35,SALT LAKE
1073,350168,695.0,1579.1398644228964,2.272143689817117,652.0,114.0,70.0,468.0,702.9808569613674,0.0,114.0,70.0,0.0,378.0,2.0,51.0,37.0,0.0,0.0,0.0,50.98085696136744,42543,0,0,0,35,SALT LAKE
1074,350169,20.0,41.22055581464366,2.061027790732183,3530.0,1664.0,3.0,1863.0,3673.014648375935,0.0,1664.0,0.0,3.0,1579.0,1.0,277.0,6.0,0.0,0.0,142.01502372963333,0.9996246463013224,42543,0,0,0,35,SALT LAKE
1075,350170,278.0,672.2876365007359,2.418300850722072,2367.0,749.0,27.0,1591.0,2386.9924929260264,0.0,749.0,6.0,21.0,1259.0,51.0,17.0,264.0,0.0,0.0,0.0,19.992492926026447,42543,0,0,0,35,SALT LAKE
1076,350171,520.0,1240.542441659752,2.385658541653369,1851.0,194.0,2.0,1655.0,1888.9857365594503,34.0,160.0,0.0,2.0,857.0,333.0,55.0,410.0,0.0,0.0,0.0,37.98573655945025,50921,0,0,0,35,SALT LAKE
1077,350172,378.0,675.2319619160676,1.7863279415768984,4350.0,1120.0,0.0,3230.0,4377.989490096437,21.0,1099.0,0.0,0.0,1462.0,23.0,137.0,1608.0,0.0,0.0,0.0,27.989490096437027,50921,0,0,0,35,SALT LAKE
1078,350173,393.0,998.1263157974428,2.539761617805198,1384.0,215.0,0.0,1169.0,1555.0041384723718,0.0,215.0,0.0,0.0,729.0,10.0,22.0,408.0,0.0,0.0,142.01502372963333,28.98911474273835,50921,0,0,0,35,SALT LAKE
1079,350174,176.0,390.6138384340042,2.219396809284115,2538.0,571.0,0.0,1967.0,2770.0182908018446,113.0,458.0,0.0,0.0,1253.0,278.0,66.0,370.0,0.0,0.0,219.02317039992744,12.995120401917193,50921,0,0,0,35,SALT LAKE
1080,350175,39.0,97.16273870594576,2.49135227451143,3883.0,724.0,0.0,3159.0,3885.998873938904,0.0,724.0,0.0,0.0,1539.0,9.0,130.0,1481.0,0.0,0.0,0.0,2.998873938903967,50921,0,0,0,35,SALT LAKE
1081,350176,111.0,272.8408218207366,2.458025421808438,1471.0,273.0,0.0,1198.0,2093.0619589309376,20.0,253.0,0.0,0.0,494.0,250.0,16.0,438.0,0.0,0.0,614.0649617605271,7.996997170410579,50921,0,0,0,35,SALT LAKE
1082,350177,346.0,805.7637219957725,2.328796884380845,2904.0,84.0,8.0,2812.0,2969.2055234666745,0.0,84.0,0.0,8.0,1578.0,902.0,0.0,332.0,0.0,40.21490730914131,0.0,24.99061615753306,50921,0,0,0,35,SALT LAKE
1083,350178,179.0,440.6673704946429,2.4618288854449326,1875.0,215.0,0.0,1660.0,1973.0041134795144,38.0,177.0,0.0,0.0,1042.0,3.0,57.0,558.0,0.0,0.0,85.00899307759741,12.995120401917193,50921,0,0,0,35,SALT LAKE
1084,350179,694.0,1586.991398863781,2.286731122282105,998.0,266.0,0.0,732.0,1428.0209555073607,164.0,102.0,0.0,0.0,279.0,398.0,19.0,36.0,0.0,0.0,379.04009854599315,50.98085696136744,50921,0,0,0,35,SALT LAKE
1085,350180,669.0,1439.7751280971963,2.152130236318679,191.0,23.0,1.0,167.0,425.0011808376533,3.0,20.0,1.0,0.0,89.0,54.0,8.0,16.0,0.0,0.0,185.01957316888848,48.9816076687648,39970,0,0,0,35,SALT LAKE
1086,350181,724.0,1420.1462919949852,1.9615280276173828,2533.0,254.0,2.0,2277.0,2772.999891024684,1.0,253.0,2.0,0.0,1765.0,20.0,316.0,176.0,0.0,0.0,187.0197847707143,52.980106253970085,39970,0,0,0,35,SALT LAKE
1087,350182,239.0,406.3169073157732,1.700070741907001,1503.0,87.0,0.0,1416.0,1519.9936189871225,15.0,72.0,0.0,0.0,586.0,43.0,212.0,575.0,0.0,0.0,0.0,16.99361898712248,39970,0,0,0,35,SALT LAKE
1088,350183,337.0,530.9600165648147,1.5755490105780852,387.0,8.0,6.0,373.0,574.0077559054246,3.0,5.0,5.0,1.0,147.0,4.0,124.0,98.0,0.0,0.0,162.01713974789152,24.99061615753306,39970,0,0,0,35,SALT LAKE
1089,350184,236.0,457.3518811815225,1.9379316999217056,250.0,18.0,2.0,230.0,293.9964756117711,15.0,3.0,2.0,0.0,104.0,5.0,13.0,108.0,0.0,0.0,27.002856624648587,16.99361898712248,39970,0,0,0,35,SALT LAKE
1090,350185,388.0,660.5103348394091,1.70234622381291,373.0,49.0,1.0,323.0,400.989490096437,7.0,42.0,1.0,0.0,96.0,0.0,61.0,166.0,0.0,0.0,0.0,27.989490096437027,39970,0,0,0,35,SALT LAKE
1091,350186,311.0,540.7744346159204,1.7388245486042455,313.0,85.0,4.0,224.0,335.9913668649304,19.0,66.0,0.0,4.0,98.0,9.0,21.0,96.0,0.0,0.0,0.0,22.991366864930416,56384,0,0,0,35,SALT LAKE
1092,350187,310.0,568.2548051590162,1.833080016641988,977.0,207.0,3.0,767.0,1079.9998309379632,130.0,77.0,3.0,0.0,340.0,44.0,130.0,253.0,0.0,0.0,80.00846407303285,22.991366864930416,56384,0,0,0,35,SALT LAKE
1093,350188,244.0,444.5931377150852,1.82210302342248,381.0,5.0,0.0,376.0,424.99599445715944,0.0,5.0,0.0,0.0,24.0,247.0,89.0,16.0,0.0,0.0,26.002750823735678,17.993243633423802,25840,0,0,0,35,SALT LAKE
1094,350189,634.0,1089.4004036727254,1.718297166676223,332.0,138.0,2.0,192.0,1113.0604974008504,2.0,136.0,0.0,2.0,98.0,0.0,20.0,74.0,0.0,0.0,735.0777636709894,45.98273372986083,56384,0,0,0,35,SALT LAKE
1095,350190,146.0,235.5460332265352,1.613328994702296,1215.0,171.0,2.0,1042.0,1297.0033829741312,96.0,75.0,2.0,0.0,232.0,32.0,75.0,703.0,0.0,0.0,71.00751186481666,10.995871109314546,56384,0,0,0,35,SALT LAKE
1096,350191,376.0,618.308337219655,1.6444370670735504,1989.0,76.0,8.0,1905.0,2186.0073704507186,10.0,66.0,8.0,0.0,900.0,87.0,134.0,784.0,0.0,0.0,169.0178803542819,27.989490096437027,25840,0,75,73,35,SALT LAKE
1097,350192,534.0,952.979992762357,1.7846067280193951,1117.0,76.0,7.0,1034.0,1158.857854584361,33.0,43.0,7.0,0.0,29.0,22.0,430.0,553.0,0.0,2.872493378609194,0.0,38.98536120575157,60033,0,0,0,35,SALT LAKE
1098,350193,608.0,1107.0663561647154,1.8208328226393349,243.0,42.0,1.0,200.0,286.9834844372582,8.0,34.0,0.0,1.0,8.0,0.0,175.0,17.0,0.0,0.0,0.0,43.98348443725818,41753,0,0,0,35,SALT LAKE
1099,350194,569.0,1003.0335248229958,1.762800570866425,266.0,22.0,10.0,234.0,307.98423514465554,22.0,0.0,0.0,10.0,16.0,47.0,115.0,56.0,0.0,0.0,0.0,41.98423514465554,47503,0,0,0,35,SALT LAKE
1100,350195,453.0,916.6666459732662,2.023546679852685,106.0,11.0,7.0,88.0,138.98761332794365,10.0,1.0,0.0,7.0,6.0,7.0,31.0,44.0,0.0,0.0,0.0,32.98761332794364,40464,0,0,0,35,SALT LAKE
1101,350196,269.0,490.72090255528167,1.8242412734397089,404.0,356.0,0.0,48.0,430.9932335324168,134.0,222.0,0.0,0.0,1.0,2.0,10.0,35.0,0.0,0.0,7.000740606390375,19.992492926026447,30252,0,0,0,35,SALT LAKE
1102,350197,372.0,877.4089737688437,2.3586262735721606,9353.0,445.0,126.0,8782.0,9379.989865450136,0.0,445.0,107.0,19.0,2691.0,703.0,5168.0,220.0,0.0,0.0,0.0,26.989865450135703,31535,0,0,0,35,SALT LAKE
1103,350198,0.0,0.0,0.0,0.0,0.0,0.0,0.0,0.0,0.0,0.0,0.0,0.0,0.0,0.0,0.0,0.0,0.0,0.0,0.0,0.0,45129,0,0,0,35,SALT LAKE
1104,350199,0.0,0.0,0.0,51.0,19.0,29.0,3.0,51.0,19.0,0.0,5.0,24.0,2.0,0.0,0.0,1.0,0.0,0.0,0.0,0.0,69745,0,0,0,35,SALT LAKE
1105,350200,0.0,0.0,0.0,2265.0,220.0,1830.0,215.0,2265.0,220.0,0.0,238.0,1592.0,131.0,9.0,0.0,75.0,0.0,0.0,0.0,0.0,69745,0,0,0,35,SALT LAKE
1106,350201,1.0,1.0,1.0,1704.0,168.0,1128.0,408.0,1704.0,168.0,0.0,228.0,900.0,25.0,85.0,0.0,298.0,0.0,0.0,0.0,0.0,69745,0,0,0,35,SALT LAKE
1107,350202,0.0,0.0,0.0,716.0,0.0,594.0,122.0,716.0,0.0,0.0,309.0,285.0,1.0,0.0,0.0,121.0,0.0,0.0,0.0,0.0,69745,0,0,0,35,SALT LAKE
1108,350203,792.0,2481.084883319504,3.1326829334842223,25.0,10.0,1.0,14.0,101.980239702822,4.0,6.0,0.0,1.0,1.0,1.0,3.0,9.0,0.0,0.0,19.0020102173453,57.9782294854767,38757,0,0,0,35,SALT LAKE
1109,350204,349.0,1099.214821723831,3.1496126696957907,15.0,0.0,1.0,14.0,43.99055820657311,0.0,0.0,0.0,1.0,0.0,0.0,0.0,14.0,0.0,0.0,3.000317402738732,25.990240803834386,54400,0,0,0,35,SALT LAKE
1110,350205,227.0,702.7123324591633,3.095649041670323,66.0,0.0,1.0,65.0,82.99361898712249,0.0,0.0,0.0,1.0,0.0,2.0,62.0,1.0,0.0,0.0,0.0,16.99361898712248,37920,0,0,0,35,SALT LAKE
1111,350206,244.0,870.5388811330697,3.567782299725696,172.0,7.0,0.0,165.0,189.9932436334238,4.0,3.0,0.0,0.0,2.0,158.0,0.0,5.0,0.0,0.0,0.0,17.993243633423802,32294,0,0,0,35,SALT LAKE
1112,350207,122.0,388.6509548237831,3.1856635641293694,76.0,9.0,8.0,59.0,84.9966218167119,9.0,0.0,0.0,8.0,1.0,7.0,32.0,19.0,0.0,0.0,0.0,8.996621816711901,32294,0,0,0,35,SALT LAKE
1113,350208,79.0,228.6759405907613,2.894632159376725,15.0,0.0,0.0,15.0,20.997747877807935,0.0,0.0,0.0,0.0,12.0,0.0,3.0,0.0,0.0,0.0,0.0,5.997747877807934,34270,0,0,0,35,SALT LAKE
1114,350209,2276.0,5389.096951862103,2.3677930368462667,5434.0,36.0,324.0,5074.0,5600.93731593232,19.0,17.0,22.0,302.0,3090.0,2.0,83.0,1899.0,0.0,0.0,0.0,166.93731593232084,50921,0,0,0,35,SALT LAKE
1115,350210,593.0,1472.1627076658451,2.482567803820986,565.0,19.0,177.0,369.0,699.9935934749446,8.0,11.0,85.0,92.0,40.0,7.0,0.0,322.0,0.0,0.0,92.00973368398778,42.98385979095686,50921,0,0,0,35,SALT LAKE
1116,350211,298.0,569.2362469641267,1.910188748201768,353.0,16.0,152.0,185.0,482.0030629163105,16.0,0.0,108.0,44.0,20.0,13.0,34.0,118.0,0.0,0.0,107.01132069768144,21.99174221862909,50921,0,0,0,35,SALT LAKE
1117,350212,48.0,143.29050354614225,2.985218823877964,105.0,3.0,11.0,91.0,429.03235487733673,0.0,3.0,8.0,3.0,26.0,0.0,8.0,57.0,0.0,0.0,320.0338562921314,3.9984985852052897,50921,0,0,0,35,SALT LAKE
1118,350213,227.0,565.3104797436845,2.490354536315791,2446.0,53.0,21.0,2372.0,2462.9936189871223,9.0,44.0,15.0,6.0,1424.0,1.0,125.0,822.0,0.0,0.0,0.0,16.99361898712248,50921,0,0,0,35,SALT LAKE
1119,350214,174.0,416.13132536687885,2.391559341188959,2879.0,103.0,12.0,2764.0,3180.025591064835,1.0,102.0,10.0,2.0,2080.0,1.0,341.0,342.0,0.0,0.0,288.0304706629183,12.995120401917193,50921,0,0,0,35,SALT LAKE
1120,350215,102.0,225.7316151754296,2.2130550507395057,502.0,41.0,171.0,290.0,634.0105976382231,41.0,0.0,127.0,44.0,57.0,8.0,0.0,225.0,0.0,0.0,125.01322511411384,6.997372524109257,50921,0,0,0,35,SALT LAKE
1121,350216,31.0,81.45966982417676,2.627731284650863,736.0,67.0,19.0,650.0,830.0089829765903,0.0,67.0,16.0,3.0,541.0,0.0,39.0,70.0,0.0,0.0,92.00973368398778,1.9992492926026448,50921,0,0,0,35,SALT LAKE
1122,350217,542.0,1297.466066356165,2.393848830915433,1.0,0.0,1.0,0.0,122.99366152691158,0.0,0.0,1.0,0.0,0.0,0.0,0.0,0.0,0.0,0.0,82.00867567485868,39.984985852052894,50921,0,0,0,35,SALT LAKE
1123,350218,371.0,916.6666459732662,2.470799584833601,635.0,125.0,10.0,500.0,661.9898654501357,7.0,118.0,3.0,7.0,329.0,12.0,47.0,112.0,0.0,0.0,0.0,26.989865450135703,50921,0,0,0,35,SALT LAKE
1124,350219,420.0,886.2419500148387,2.110099880987711,205.0,14.0,3.0,188.0,301.9953468955931,1.0,13.0,1.0,2.0,82.0,0.0,20.0,86.0,0.0,0.0,66.00698286025211,30.988364035341,50921,0,0,0,35,SALT LAKE
1125,350220,243.0,497.5909951910557,2.047699568687472,456.0,61.0,21.0,374.0,494.99546545259494,3.0,58.0,0.0,21.0,40.0,0.0,1.0,333.0,0.0,0.0,21.002221819171126,17.993243633423802,50921,0,0,0,35,SALT LAKE
1126,350221,338.0,849.9286032257478,2.5145816663483664,592.0,215.0,0.0,377.0,994.0305031017004,0.0,215.0,0.0,0.0,320.0,0.0,9.0,48.0,0.0,0.0,377.03988694416734,24.99061615753306,50921,0,0,0,35,SALT LAKE
1127,350222,353.0,875.4460901586225,2.4800172525740014,2023.0,411.0,0.0,1612.0,2181.0042065243383,0.0,411.0,0.0,0.0,1094.0,0.0,65.0,453.0,0.0,0.0,132.01396572050422,25.990240803834386,50921,0,0,0,35,SALT LAKE
1128,350223,507.0,1055.0499404938555,2.0809663520588866,175.0,48.0,1.0,126.0,228.9879105286684,36.0,12.0,1.0,0.0,49.0,0.0,20.0,57.0,0.0,0.0,17.001798615519483,36.98611191314893,50921,0,0,0,35,SALT LAKE
1129,350224,74.0,170.77087408923802,2.3077145147194327,787.0,181.0,0.0,606.0,791.9981232315066,14.0,167.0,0.0,0.0,85.0,3.0,0.0,518.0,0.0,0.0,0.0,4.998123231506612,50921,0,0,0,35,SALT LAKE
1130,350225,543.0,1173.804398912234,2.1617023921035616,1173.0,432.0,0.0,741.0,1212.984985852053,34.0,398.0,0.0,0.0,79.0,1.0,3.0,658.0,0.0,0.0,0.0,39.984985852052894,50921,0,0,0,35,SALT LAKE
1131,350226,355.0,923.53673860904,2.6015119397437747,1204.0,508.0,1.0,695.0,1229.9902408038345,0.0,508.0,1.0,0.0,495.0,0.0,59.0,141.0,0.0,0.0,0.0,25.990240803834386,50921,0,0,0,35,SALT LAKE
1132,350227,720.0,1765.6138073939037,2.4522413991581997,2334.0,439.0,7.0,1888.0,2862.0303616876026,25.0,414.0,4.0,3.0,815.0,1.0,714.0,358.0,0.0,0.0,475.05025543363257,52.980106253970085,50921,0,0,0,35,SALT LAKE
1133,350228,320.0,854.8358122513007,2.6713619132853146,2254.0,896.0,1.0,1357.0,2276.9913668649306,1.0,895.0,0.0,1.0,573.0,0.0,47.0,737.0,0.0,0.0,0.0,22.991366864930416,50921,0,0,0,35,SALT LAKE
1134,350229,0.0,0.0,0.0,2926.0,1767.0,0.0,1159.0,2926.0,210.0,1557.0,0.0,0.0,66.0,6.0,2.0,1085.0,0.0,0.0,0.0,0.0,50921,0,0,0,35,SALT LAKE
1135,350230,403.0,954.942876372578,2.36958530117265,0.0,0.0,0.0,0.0,1171.1099393852824,0.0,0.0,0.0,0.0,0.0,0.0,0.0,0.0,0.0,0.0,1142.120824642544,28.98911474273835,50921,0,0,0,35,SALT LAKE
1136,350231,980.0,2401.5880971055485,2.4506000990872945,1739.0,511.0,4.0,1224.0,1810.9729745336952,11.0,500.0,4.0,0.0,373.0,0.0,319.0,532.0,0.0,0.0,0.0,71.97297453369521,50921,0,0,0,35,SALT LAKE
1137,350232,560.0,1171.8415153020126,2.0925741344678794,543.0,185.0,0.0,358.0,719.99899942251,5.0,180.0,0.0,0.0,127.0,0.0,43.0,188.0,0.0,0.0,136.01438892415587,40.98461049835422,50921,0,0,0,35,SALT LAKE
1138,350233,579.0,1498.6616364038302,2.588362066327859,0.0,0.0,0.0,0.0,41.98423514465554,0.0,0.0,0.0,0.0,0.0,0.0,0.0,0.0,0.0,0.0,0.0,41.98423514465554,50921,0,0,0,35,SALT LAKE
1139,350234,107.0,307.1912849996063,2.870946588781367,3171.0,102.0,3.0,3066.0,3178.9969971704104,13.0,89.0,1.0,2.0,1535.0,368.0,10.0,1153.0,0.0,0.0,0.0,7.996997170410579,50921,0,0,0,35,SALT LAKE
1140,350235,386.0,832.2626507337577,2.156120856823206,1030.0,99.0,34.0,897.0,1143.9985889749473,61.0,38.0,32.0,2.0,54.0,98.0,47.0,698.0,0.0,0.0,86.00909887851031,27.989490096437027,22976,0,408,0,35,SALT LAKE
1141,350236,397.0,890.167717235281,2.24223606356494,236.0,51.0,0.0,185.0,1889.1609354253053,20.0,31.0,0.0,0.0,34.0,0.0,22.0,129.0,0.0,0.0,1624.171820682567,28.98911474273835,22976,0,0,0,35,SALT LAKE
1142,350237,213.0,541.755876421031,2.54345481887808,2326.0,607.0,0.0,1719.0,2341.9939943408212,34.0,573.0,0.0,0.0,1277.0,0.0,300.0,142.0,0.0,0.0,0.0,15.99399434082116,22976,0,0,0,35,SALT LAKE
1143,350238,0.0,0.0,0.0,490.0,6.0,0.0,484.0,490.0,0.0,6.0,0.0,0.0,117.0,357.0,0.0,10.0,0.0,0.0,0.0,0.0,50921,0,0,0,35,SALT LAKE
1144,350239,170.0,278.7294726514,1.6395851332435294,174.0,28.0,40.0,106.0,185.99549575561588,24.0,4.0,3.0,37.0,32.0,1.0,0.0,73.0,0.0,0.0,0.0,11.995495755615869,33167,0,0,0,35,SALT LAKE
1145,350240,248.0,418.0942089771,1.685863745875403,569.0,3.0,0.0,566.0,586.9932436334238,3.0,0.0,0.0,0.0,38.0,118.0,74.0,336.0,0.0,0.0,0.0,17.993243633423802,22976,0,0,0,35,SALT LAKE
1146,350241,589.0,1174.7858407173444,1.9945430232892092,2371.0,76.0,1.0,2294.0,2413.983859790957,2.0,74.0,1.0,0.0,1263.0,34.0,613.0,384.0,0.0,0.0,0.0,42.98385979095686,22976,0,0,0,35,SALT LAKE
1147,350242,0.0,0.0,0.0,801.0,3.0,0.0,798.0,801.0,0.0,3.0,0.0,0.0,563.0,17.0,0.0,218.0,0.0,0.0,0.0,0.0,22976,0,0,0,35,SALT LAKE
1148,350243,472.0,833.2440925388682,1.765347653684043,44.0,8.0,2.0,34.0,78.98686262054628,8.0,0.0,2.0,0.0,3.0,0.0,0.0,31.0,0.0,0.0,0.0,34.98686262054628,40130,0,0,0,35,SALT LAKE
1149,350244,88.0,136.4204109103683,1.5502319421632762,1.0,0.0,0.0,1.0,6.997747877807934,0.0,0.0,0.0,0.0,1.0,0.0,0.0,0.0,0.0,0.0,0.0,5.997747877807934,40130,0,0,0,35,SALT LAKE
1150,350245,357.0,604.568151948107,1.6934682127397955,219.0,1.0,0.0,218.0,244.99024080383438,0.0,1.0,0.0,0.0,181.0,31.0,1.0,5.0,0.0,0.0,0.0,25.990240803834386,22976,0,0,0,35,SALT LAKE
1151,350246,18.0,47.10920664530704,2.617178146961502,738.0,117.0,185.0,436.0,1007.0279792909614,0.0,117.0,3.0,182.0,143.0,198.0,2.0,93.0,0.0,0.0,268.02835464466006,0.9996246463013224,22976,0,0,0,35,SALT LAKE
1152,350247,281.0,488.7580189450605,1.739352380587404,40.0,12.0,7.0,21.0,60.99211757232777,4.0,8.0,0.0,7.0,0.0,0.0,0.0,21.0,0.0,0.0,0.0,20.99211757232777,28852,0,0,0,35,SALT LAKE
1153,350248,411.0,756.6916317402444,1.84109886068186,57.0,8.0,1.0,48.0,86.98873938903967,8.0,0.0,0.0,1.0,12.0,1.0,0.0,35.0,0.0,0.0,0.0,29.988739389039672,46301,0,0,0,35,SALT LAKE
1154,350249,162.0,301.302634168943,1.8598928035119937,372.0,13.0,0.0,359.0,383.9954957556159,1.0,12.0,0.0,0.0,276.0,7.0,3.0,73.0,0.0,0.0,0.0,11.995495755615869,46301,0,0,0,35,SALT LAKE
1155,350250,181.0,334.67165554270207,1.8490146715066411,858.0,28.0,0.0,830.0,870.9951204019172,0.0,28.0,0.0,0.0,457.0,10.0,18.0,345.0,0.0,0.0,0.0,12.995120401917193,46301,0,0,0,35,SALT LAKE
1156,350251,494.0,900.9635770914972,1.8238129090921,76.0,59.0,0.0,17.0,111.9864872668476,9.0,50.0,0.0,0.0,0.0,0.0,12.0,5.0,0.0,0.0,0.0,35.986487266847604,43390,0,0,0,35,SALT LAKE
1157,350252,179.0,320.93147027115424,1.7929132417382918,1940.0,407.0,23.0,1510.0,1952.9951204019171,167.0,240.0,13.0,10.0,414.0,51.0,12.0,1033.0,0.0,0.0,0.0,12.995120401917193,46301,0,0,0,35,SALT LAKE
1158,350253,15.0,40.2391140095331,2.68260760063554,1777.0,614.0,13.0,1150.0,1777.9996246463013,395.0,219.0,1.0,12.0,496.0,55.0,40.0,559.0,0.0,0.0,0.0,0.9996246463013224,46301,0,0,0,35,SALT LAKE
1159,350254,614.0,1178.7116079377863,1.9197257458270136,452.0,262.0,20.0,170.0,496.9831090835595,166.0,96.0,20.0,0.0,37.0,0.0,35.0,98.0,0.0,0.0,0.0,44.98310908355951,47798,0,0,0,35,SALT LAKE
1160,350255,557.0,1077.6231020113985,1.9346913860168733,535.0,30.0,5.0,500.0,575.9846104983542,0.0,30.0,0.0,5.0,88.0,16.0,243.0,153.0,0.0,0.0,0.0,40.98461049835422,34196,0,0,0,35,SALT LAKE
1161,350256,477.0,911.7594369477132,1.9114453604773864,928.0,456.0,58.0,414.0,962.9868626205463,235.0,221.0,53.0,5.0,8.0,34.0,245.0,127.0,0.0,0.0,0.0,34.98686262054628,34196,188,0,0,35,SALT LAKE
1162,350257,417.0,825.3925580979837,1.9793586525131504,618.0,209.0,14.0,395.0,648.988364035341,176.0,33.0,12.0,2.0,6.0,239.0,6.0,144.0,0.0,0.0,0.0,30.988364035341,59246,0,0,0,35,SALT LAKE
1163,350258,639.0,1295.5031827459436,2.027391522294121,8.0,0.0,0.0,8.0,54.98235837616215,0.0,0.0,0.0,0.0,1.0,0.0,0.0,7.0,0.0,0.0,0.0,46.98235837616215,35273,0,0,0,35,SALT LAKE
1164,350259,420.0,838.1513015644211,1.9955983370581456,21.0,11.0,0.0,10.0,53.424610724645596,0.0,11.0,0.0,0.0,3.0,0.0,0.0,7.0,0.0,1.436246689304597,0.0,30.988364035341,39092,0,0,0,35,SALT LAKE
1165,350260,368.0,729.2112611971486,1.9815523402096429,237.0,10.0,1.0,226.0,279.99155826474225,9.0,1.0,0.0,1.0,5.0,203.0,7.0,11.0,0.0,0.0,16.00169281460657,26.989865450135703,61652,0,0,1956,35,SALT LAKE
1166,350261,216.0,431.8343942486479,1.9992333067067032,2282.0,42.0,208.0,2032.0,2297.9939943408212,10.0,32.0,0.0,208.0,39.0,528.0,102.0,1363.0,0.0,0.0,0.0,15.99399434082116,27416,0,0,0,35,SALT LAKE
1167,350262,0.0,0.0,0.0,3596.0,50.0,1.0,3545.0,3596.0,0.0,50.0,0.0,1.0,64.0,756.0,2629.0,96.0,0.0,0.0,0.0,0.0,25693,0,0,0,35,SALT LAKE
1168,350263,565.0,1355.371132857688,2.398886960810067,0.0,0.0,0.0,0.0,40.98461049835422,0.0,0.0,0.0,0.0,0.0,0.0,0.0,0.0,0.0,0.0,0.0,40.98461049835422,25693,0,0,0,35,SALT LAKE
1169,350264,0.0,0.0,0.0,212.0,0.0,0.0,212.0,218.01803155522163,0.0,0.0,0.0,0.0,1.0,6.0,2.0,203.0,6.018031555221638,0.0,0.0,0.0,31535,0,0,0,35,SALT LAKE
1170,350265,0.0,0.0,0.0,57.0,3.0,6.0,48.0,57.0,3.0,0.0,3.0,3.0,0.0,22.0,0.0,26.0,0.0,0.0,0.0,0.0,45129,0,0,0,35,SALT LAKE
1171,350266,0.0,0.0,0.0,450.0,46.0,265.0,139.0,450.0,46.0,0.0,228.0,37.0,18.0,50.0,0.0,71.0,0.0,0.0,0.0,0.0,45129,0,0,0,35,SALT LAKE
1172,350267,1.0,1.962883610221127,1.962883610221127,354.0,21.0,258.0,75.0,528.0184093588465,21.0,0.0,30.0,228.0,4.0,6.0,1.0,64.0,0.0,0.0,174.01840935884647,0.0,69745,0,0,0,35,SALT LAKE
1173,350268,0.0,0.0,0.0,2102.0,246.0,1058.0,798.0,2102.0,243.0,3.0,558.0,500.0,87.0,409.0,0.0,302.0,0.0,0.0,0.0,0.0,69745,0,0,0,35,SALT LAKE
1174,350269,0.0,0.0,0.0,2165.0,126.0,1557.0,482.0,2165.0,126.0,0.0,734.0,823.0,100.0,127.0,0.0,255.0,0.0,0.0,0.0,0.0,69745,0,0,0,35,SALT LAKE
1175,350270,0.0,0.0,0.0,1217.0,43.0,935.0,239.0,1217.0,40.0,3.0,450.0,485.0,48.0,106.0,0.0,85.0,0.0,0.0,0.0,0.0,69745,0,0,0,35,SALT LAKE
1176,350271,0.0,0.0,0.0,327.0,0.0,325.0,2.0,327.0,0.0,0.0,320.0,5.0,0.0,0.0,0.0,2.0,0.0,0.0,0.0,0.0,69745,0,0,0,35,SALT LAKE
1177,350272,0.0,0.0,0.0,1123.0,94.0,369.0,660.0,1123.0,41.0,53.0,192.0,177.0,83.0,158.0,0.0,419.0,0.0,0.0,0.0,0.0,69745,574,129,0,35,SALT LAKE
1178,350273,460.0,1612.5088857966557,3.505454099557946,447.0,33.0,81.0,333.0,480.987237974245,33.0,0.0,47.0,34.0,57.0,92.0,5.0,179.0,0.0,0.0,0.0,33.98723797424496,47029,391,84,0,35,SALT LAKE
1179,350274,384.0,1289.6145319152802,3.358371176862709,77.0,5.0,47.0,25.0,104.98949009643702,5.0,0.0,2.0,45.0,1.0,3.0,0.0,21.0,0.0,0.0,0.0,27.989490096437027,44639,0,0,0,35,SALT LAKE
1180,350275,537.0,1850.017802633412,3.4450983289262798,0.0,0.0,0.0,0.0,38.98536120575157,0.0,0.0,0.0,0.0,0.0,0.0,0.0,0.0,0.0,0.0,0.0,38.98536120575157,59421,0,0,0,35,SALT LAKE
1181,350276,175.0,524.0899239290409,2.994799565308805,215.0,1.0,26.0,188.0,227.9951204019172,1.0,0.0,1.0,25.0,0.0,115.0,0.0,73.0,0.0,0.0,0.0,12.995120401917193,56172,284,0,0,35,SALT LAKE
1182,350277,64.0,198.2512446323338,3.0976756973802155,30.0,25.0,3.0,2.0,34.99812323150661,25.0,0.0,0.0,3.0,0.0,1.0,0.0,1.0,0.0,0.0,0.0,4.998123231506612,34780,0,0,0,35,SALT LAKE
1183,350278,126.0,458.3333229866331,3.637566055449469,380.0,4.0,237.0,139.0,392.99704502036354,4.0,0.0,134.0,103.0,74.0,58.0,1.0,6.0,0.0,0.0,4.000423203651643,8.996621816711901,48701,0,0,0,35,SALT LAKE
1184,350279,93.0,256.156311133857,2.7543689369231936,178.0,49.0,87.0,42.0,184.99737252410927,25.0,24.0,41.0,46.0,5.0,9.0,0.0,28.0,0.0,0.0,0.0,6.997372524109257,32294,0,0,0,35,SALT LAKE
1185,350280,0.0,0.0,0.0,427.0,0.0,330.0,97.0,427.0,0.0,0.0,230.0,100.0,0.0,13.0,0.0,84.0,0.0,0.0,0.0,0.0,48701,0,0,0,35,SALT LAKE
1186,350281,170.0,407.2983491208838,2.395872641887552,478.0,71.0,228.0,179.0,572.0041714304745,65.0,6.0,191.0,37.0,14.0,12.0,1.0,152.0,0.0,0.0,82.00867567485868,11.995495755615869,19046,0,0,0,35,SALT LAKE
1187,350282,0.0,0.0,0.0,614.0,58.0,207.0,349.0,614.0,58.0,0.0,114.0,93.0,38.0,58.0,0.0,253.0,0.0,0.0,0.0,0.0,48701,0,0,0,35,SALT LAKE
1188,350283,78.0,205.1213372681077,2.629760734206509,1015.0,371.0,111.0,533.0,1030.9988058869371,337.0,34.0,92.0,19.0,6.0,56.0,102.0,369.0,0.0,0.0,10.001058009129107,5.997747877807934,19046,0,0,0,35,SALT LAKE
1189,350284,37.0,64.77515913729718,1.7506799766837076,646.0,9.0,130.0,507.0,1012.7817374240211,8.0,1.0,77.0,53.0,4.0,16.0,30.0,457.0,0.0,5.744986758294963,358.03787672682205,2.998873938903967,19046,0,0,0,35,SALT LAKE
1190,350285,230.0,498.5724369961662,2.1677062478094182,280.0,90.0,56.0,134.0,444.00917172132034,15.0,75.0,56.0,0.0,32.0,3.0,3.0,96.0,0.0,0.0,147.01555273419788,16.99361898712248,19046,0,0,0,35,SALT LAKE
1191,350286,352.0,752.7658645198021,2.1385393878403467,101.0,13.0,10.0,78.0,206.99870487686724,12.0,1.0,3.0,7.0,12.0,4.0,28.0,34.0,0.0,0.0,80.00846407303285,25.990240803834386,19046,0,0,0,35,SALT LAKE
1192,350287,231.0,484.8322517246183,2.098840916556789,1490.0,332.0,106.0,1052.0,1520.9951001999034,306.0,26.0,23.0,83.0,282.0,298.0,15.0,457.0,0.0,0.0,14.00148121278075,16.99361898712248,19046,0,0,258,35,SALT LAKE
1193,350288,254.0,520.1641567085985,2.0478903807425137,1078.0,407.0,63.0,608.0,1096.9928682797251,345.0,62.0,63.0,0.0,56.0,27.0,17.0,508.0,0.0,0.0,0.0,18.992868279725126,19046,0,0,0,35,SALT LAKE
1194,350289,567.0,1427.9978264358697,2.5185146850720805,942.0,227.0,18.0,697.0,982.9846104983542,150.0,77.0,16.0,2.0,40.0,91.0,6.0,560.0,0.0,0.0,0.0,40.98461049835422,70218,404,0,0,35,SALT LAKE
1195,350290,637.0,1644.8964653653045,2.5822550476692374,207.0,59.0,21.0,127.0,272.98436859350744,13.0,46.0,0.0,21.0,14.0,5.0,77.0,31.0,0.0,0.0,19.0020102173453,46.98235837616215,76177,0,0,0,35,SALT LAKE
1196,350291,0.0,0.0,0.0,0.0,0.0,0.0,0.0,0.0,0.0,0.0,0.0,0.0,0.0,0.0,0.0,0.0,0.0,0.0,0.0,0.0,76177,0,0,0,35,SALT LAKE
1197,350292,635.0,1397.5731304774422,2.2009025676810112,197.0,118.0,0.0,79.0,242.98273372986083,17.0,101.0,0.0,0.0,11.0,0.0,1.0,67.0,0.0,0.0,0.0,45.98273372986083,68454,0,0,0,35,SALT LAKE
1198,350293,548.0,1160.064213640686,2.116905499344317,194.0,76.0,4.0,114.0,233.9849858520529,15.0,61.0,2.0,2.0,35.0,1.0,43.0,35.0,0.0,0.0,0.0,39.984985852052894,79868,0,0,0,35,SALT LAKE
1199,350294,203.0,466.1848574275176,2.296477130184816,7.0,0.0,0.0,7.0,24.99468709725857,0.0,0.0,0.0,0.0,4.0,0.0,0.0,3.0,0.0,0.0,3.000317402738732,14.994369694519836,126214,0,0,0,35,SALT LAKE
1200,350295,285.0,801.8379547753302,2.8134665079836148,5.0,0.0,0.0,5.0,25.99211757232777,0.0,0.0,0.0,0.0,4.0,0.0,0.0,1.0,0.0,0.0,0.0,20.99211757232777,124089,0,0,0,35,SALT LAKE
1201,350296,286.0,773.3761424271239,2.7041123861088248,244.0,21.0,10.0,213.0,264.99211757232774,0.0,21.0,2.0,8.0,8.0,73.0,1.0,131.0,0.0,0.0,0.0,20.99211757232777,117066,470,0,0,35,SALT LAKE
1202,350297,134.0,366.0777933062401,2.731923830643583,0.0,0.0,0.0,0.0,9.996246463013224,0.0,0.0,0.0,0.0,0.0,0.0,0.0,0.0,0.0,0.0,0.0,9.996246463013224,117066,0,0,0,35,SALT LAKE
1203,350298,488.0,1256.245510541521,2.574273587175248,43.0,19.0,0.0,24.0,78.9864872668476,0.0,19.0,0.0,0.0,8.0,0.0,0.0,16.0,0.0,0.0,0.0,35.986487266847604,114574,0,0,0,35,SALT LAKE
1204,350299,566.0,1427.0163846307591,2.521230361538444,331.0,29.0,24.0,278.0,371.98461049835424,16.0,13.0,1.0,23.0,36.0,62.0,5.0,175.0,0.0,0.0,0.0,40.98461049835422,85173,485,0,0,35,SALT LAKE
1205,350300,204.0,501.5167624114979,2.4584155020171465,482.0,202.0,0.0,280.0,496.99436969451983,0.0,202.0,0.0,0.0,4.0,29.0,2.0,245.0,0.0,0.0,0.0,14.994369694519836,142362,0,0,0,35,SALT LAKE
1206,350301,913.0,2106.174113767269,2.3068719756487064,0.0,0.0,0.0,0.0,66.9748513021886,0.0,0.0,0.0,0.0,0.0,0.0,0.0,0.0,0.0,0.0,0.0,66.9748513021886,143431,0,0,0,35,SALT LAKE
1207,350302,1.0,1.0,1.0,584.0,1.0,78.0,505.0,853.028460445573,0.0,1.0,10.0,68.0,0.0,54.0,0.0,451.0,0.0,0.0,269.028460445573,0.0,45129,0,0,0,35,SALT LAKE
1208,350303,0.0,0.0,0.0,0.0,0.0,0.0,0.0,0.0,0.0,0.0,0.0,0.0,0.0,0.0,0.0,0.0,0.0,0.0,0.0,0.0,45129,0,0,0,35,SALT LAKE
1209,350304,0.0,0.0,0.0,15.0,0.0,7.0,8.0,15.0,0.0,0.0,0.0,7.0,0.0,7.0,0.0,1.0,0.0,0.0,0.0,0.0,45129,0,0,0,35,SALT LAKE
1210,350305,0.0,0.0,0.0,690.0,1.0,467.0,222.0,690.0,1.0,0.0,80.0,387.0,0.0,203.0,0.0,19.0,0.0,0.0,0.0,0.0,45129,0,0,0,35,SALT LAKE
1211,350306,0.0,0.0,0.0,3409.0,24.0,3056.0,329.0,3409.0,23.0,1.0,634.0,2422.0,0.0,242.0,0.0,87.0,0.0,0.0,0.0,0.0,69745,0,0,0,35,SALT LAKE
1212,350307,0.0,0.0,0.0,5529.0,180.0,3026.0,2323.0,5529.0,157.0,23.0,960.0,2066.0,264.0,260.0,77.0,1722.0,0.0,0.0,0.0,0.0,69745,0,0,0,35,SALT LAKE
1213,350308,0.0,0.0,0.0,6589.0,485.0,3211.0,2893.0,6589.0,149.0,336.0,1956.0,1255.0,187.0,218.0,27.0,2461.0,0.0,0.0,0.0,0.0,69745,0,0,0,35,SALT LAKE
1214,350309,0.0,0.0,0.0,2773.0,136.0,2049.0,588.0,2773.0,129.0,7.0,1148.0,901.0,134.0,312.0,0.0,142.0,0.0,0.0,0.0,0.0,69745,0,0,0,35,SALT LAKE
1215,350310,0.0,0.0,0.0,1235.0,11.0,824.0,400.0,1974.6670450618449,11.0,0.0,576.0,248.0,46.0,72.0,39.0,243.0,0.0,739.6670450618448,0.0,0.0,69745,0,0,0,35,SALT LAKE
1216,350311,0.0,0.0,0.0,2330.0,505.0,756.0,1069.0,2330.0,497.0,8.0,360.0,396.0,256.0,257.0,42.0,514.0,0.0,0.0,0.0,0.0,69745,0,0,0,35,SALT LAKE
1217,350312,309.0,1046.2169642478605,3.3858154182778657,1286.0,247.0,111.0,928.0,1313.3001069339207,118.0,129.0,35.0,76.0,57.0,70.0,213.0,588.0,0.0,4.308740068990365,0.0,22.991366864930416,64668,0,0,0,35,SALT LAKE
1218,350313,286.0,1071.734451180735,3.747323255876696,381.0,8.0,46.0,327.0,401.99211757232774,8.0,0.0,2.0,44.0,7.0,237.0,11.0,72.0,0.0,0.0,0.0,20.99211757232777,66746,570,820,0,35,SALT LAKE
1219,350314,354.0,1329.8536459248132,3.756648717301733,36.0,14.0,1.0,21.0,61.99024080383438,10.0,4.0,1.0,0.0,15.0,0.0,0.0,6.0,0.0,0.0,0.0,25.990240803834386,72182,0,0,0,35,SALT LAKE
1220,350315,270.0,1039.3468716120865,3.8494328578225434,94.0,32.0,2.0,60.0,113.99249292602644,9.0,23.0,1.0,1.0,42.0,5.0,2.0,11.0,0.0,0.0,0.0,19.992492926026447,37499,0,0,0,35,SALT LAKE
1221,350316,56.0,160.9564560381324,2.874222429252364,10.0,0.0,0.0,10.0,13.99849858520529,0.0,0.0,0.0,0.0,1.0,0.0,0.0,9.0,0.0,0.0,0.0,3.9984985852052897,48701,0,0,0,35,SALT LAKE
1222,350317,30.0,128.5688764694838,4.28562921564946,840.0,61.0,298.0,481.0,841.9992492926026,55.0,6.0,195.0,103.0,69.0,198.0,26.0,188.0,0.0,0.0,0.0,1.9992492926026448,37499,279,0,0,35,SALT LAKE
1223,350318,220.0,776.3204678424556,3.5287293992838893,53.0,0.0,3.0,50.0,68.99399434082116,0.0,0.0,0.0,3.0,27.0,3.0,0.0,20.0,0.0,0.0,0.0,15.99399434082116,48701,0,0,0,35,SALT LAKE
1224,350319,0.0,0.0,0.0,662.0,111.0,360.0,191.0,662.0,111.0,0.0,252.0,108.0,1.0,96.0,0.0,94.0,0.0,0.0,0.0,0.0,37499,0,0,0,35,SALT LAKE
1225,350320,0.0,0.0,0.0,1157.0,137.0,20.0,1000.0,1157.0,137.0,0.0,20.0,0.0,4.0,174.0,0.0,822.0,0.0,0.0,0.0,0.0,37499,0,0,0,35,SALT LAKE
1226,350321,23.0,51.03497386574929,2.218911907206491,2741.0,598.0,375.0,1768.0,2808.006126351942,484.0,114.0,179.0,196.0,8.0,149.0,1.0,1610.0,0.0,0.0,65.00687705933919,1.9992492926026448,52826,0,0,0,35,SALT LAKE
1227,350322,217.0,453.42611396108026,2.0895212624934576,819.0,164.0,426.0,229.0,834.9939943408211,142.0,22.0,217.0,209.0,2.0,22.0,76.0,129.0,0.0,0.0,0.0,15.99399434082116,52826,0,0,0,35,SALT LAKE
1228,350323,410.0,859.7430212768535,2.096934198236228,651.0,85.0,336.0,230.0,702.9910670091238,24.0,61.0,27.0,309.0,5.0,13.0,13.0,199.0,0.0,0.0,22.002327620084035,29.988739389039672,52826,0,0,0,35,SALT LAKE
1229,350324,265.0,562.3661543283528,2.122136431427746,405.0,134.0,7.0,264.0,449.9956191034608,8.0,126.0,5.0,2.0,64.0,33.0,80.0,87.0,0.0,0.0,26.002750823735678,18.992868279725126,52826,0,0,0,35,SALT LAKE
1230,350325,115.0,269.89649640540495,2.3469260556991736,1380.0,210.0,98.0,1072.0,1417.000065396885,74.0,136.0,55.0,43.0,140.0,87.0,2.0,843.0,0.0,0.0,29.00306822647441,7.996997170410579,52826,0,0,0,35,SALT LAKE
1231,350326,557.0,1181.655933353118,2.1214648713700504,1724.0,93.0,59.0,1572.0,1764.9846104983542,9.0,84.0,9.0,50.0,42.0,791.0,86.0,653.0,0.0,0.0,0.0,40.98461049835422,25539,560,0,318,35,SALT LAKE
1232,350327,678.0,1494.735869183388,2.204625175786708,56.0,9.0,6.0,41.0,115.98229032419523,7.0,2.0,2.0,4.0,28.0,2.0,1.0,10.0,0.0,0.0,10.001058009129107,49.98123231506612,72818,0,0,0,35,SALT LAKE
1233,350328,540.0,1196.3775604297766,2.2155140007958827,311.0,68.0,84.0,159.0,350.9849858520529,19.0,49.0,0.0,84.0,19.0,46.0,21.0,73.0,0.0,0.0,0.0,39.984985852052894,61505,413,0,0,35,SALT LAKE
1234,350329,538.0,1198.340444039998,2.2273985948698845,149.0,69.0,1.0,79.0,198.98652501579357,65.0,4.0,0.0,1.0,40.0,0.0,17.0,22.0,0.0,0.0,11.001163810042017,38.98536120575157,80460,0,0,0,35,SALT LAKE
1235,350330,634.0,1369.1113181292358,2.159481574336334,360.0,93.0,31.0,236.0,405.98273372986085,23.0,70.0,12.0,19.0,49.0,59.0,45.0,83.0,0.0,0.0,0.0,45.98273372986083,68937,596,0,0,35,SALT LAKE
1236,350331,547.0,1217.969280142209,2.226634881429998,427.0,44.0,106.0,277.0,466.9849858520529,29.0,15.0,4.0,102.0,85.0,24.0,43.0,125.0,0.0,0.0,0.0,39.984985852052894,76947,0,0,0,35,SALT LAKE
1237,350332,170.0,377.85509496756686,2.2226770292209816,41.0,33.0,1.0,7.0,52.99549575561587,2.0,31.0,1.0,0.0,4.0,2.0,0.0,1.0,0.0,0.0,0.0,11.995495755615869,126214,0,0,0,35,SALT LAKE
1238,350333,549.0,1333.7794131452556,2.4294706978966403,60.0,35.0,1.0,24.0,99.98498585205289,1.0,34.0,0.0,1.0,5.0,1.0,0.0,18.0,0.0,0.0,0.0,39.984985852052894,95967,0,0,0,35,SALT LAKE
1239,350334,175.0,473.0549500632915,2.7031711432188086,0.0,0.0,0.0,0.0,12.995120401917193,0.0,0.0,0.0,0.0,0.0,0.0,0.0,0.0,0.0,0.0,0.0,12.995120401917193,124089,0,0,0,35,SALT LAKE
1240,350335,454.0,1065.8458003500718,2.347677974339365,130.0,42.0,0.0,88.0,162.98761332794365,26.0,16.0,0.0,0.0,59.0,0.0,8.0,21.0,0.0,0.0,0.0,32.98761332794364,117451,0,0,0,35,SALT LAKE
1241,350336,322.0,908.8151115323816,2.822407178671993,234.0,134.0,3.0,97.0,257.99099151123175,134.0,0.0,0.0,3.0,22.0,71.0,2.0,2.0,0.0,0.0,0.0,23.990991511231737,151429,0,755,0,35,SALT LAKE
1242,350337,396.0,1076.641660206288,2.718792071228,149.0,20.0,1.0,128.0,177.98911474273837,18.0,2.0,0.0,1.0,26.0,9.0,10.0,83.0,0.0,0.0,0.0,28.98911474273835,107916,0,0,0,35,SALT LAKE
1243,350338,452.0,1269.985695813069,2.809702866843073,1869.0,361.0,10.0,1498.0,1901.9876133279436,224.0,137.0,6.0,4.0,76.0,419.0,37.0,966.0,0.0,0.0,0.0,32.98761332794364,79751,0,0,0,35,SALT LAKE
1244,350339,294.0,729.2112611971486,2.480310412235199,522.0,198.0,11.0,313.0,543.991742218629,13.0,185.0,0.0,11.0,9.0,23.0,29.0,252.0,0.0,0.0,0.0,21.99174221862909,115751,0,0,0,35,SALT LAKE
1245,350340,483.0,1145.3425865640274,2.3713097030311125,56.0,1.0,0.0,55.0,90.98686262054628,1.0,0.0,0.0,0.0,11.0,32.0,10.0,2.0,0.0,0.0,0.0,34.98686262054628,156479,418,0,0,35,SALT LAKE
1246,350341,0.0,0.0,0.0,1889.0,176.0,595.0,1118.0,1889.0,176.0,0.0,336.0,259.0,305.0,241.0,0.0,572.0,0.0,0.0,0.0,0.0,69745,0,0,0,35,SALT LAKE
1247,350342,0.0,0.0,0.0,2528.0,287.0,1780.0,461.0,2528.0,238.0,49.0,93.0,1687.0,57.0,176.0,0.0,228.0,0.0,0.0,0.0,0.0,69745,0,0,0,35,SALT LAKE
1248,350343,0.0,0.0,0.0,21.0,0.0,2.0,19.0,21.0,0.0,0.0,0.0,2.0,0.0,0.0,0.0,19.0,0.0,0.0,0.0,0.0,64668,0,0,0,35,SALT LAKE
1249,350344,12.0,46.12776484019648,3.843980403349706,1864.0,86.0,930.0,848.0,1864.9996246463013,85.0,1.0,682.0,248.0,90.0,94.0,0.0,664.0,0.0,0.0,0.0,0.9996246463013224,37499,0,0,0,35,SALT LAKE
1250,350345,0.0,0.0,0.0,1260.0,329.0,627.0,304.0,1260.0,298.0,31.0,91.0,536.0,6.0,142.0,0.0,156.0,0.0,0.0,0.0,0.0,37499,0,0,0,35,SALT LAKE
1251,350346,6.0,13.740185271547888,2.2900308785913146,231.0,41.0,131.0,59.0,231.0,41.0,0.0,23.0,108.0,1.0,49.0,0.0,9.0,0.0,0.0,0.0,0.0,37499,0,0,0,35,SALT LAKE
1252,350347,0.0,0.0,0.0,467.0,12.0,179.0,276.0,467.0,12.0,0.0,12.0,167.0,0.0,43.0,0.0,233.0,0.0,0.0,0.0,0.0,37499,0,0,0,35,SALT LAKE
1253,350348,3.0,5.88865083066338,1.962883610221127,1499.0,1063.0,196.0,240.0,1499.0,868.0,195.0,63.0,133.0,73.0,49.0,7.0,111.0,0.0,0.0,0.0,0.0,34686,0,0,0,35,SALT LAKE
1254,350349,23.0,51.03497386574929,2.218911907206491,683.0,259.0,325.0,99.0,695.0003073017317,252.0,7.0,286.0,39.0,4.0,38.0,0.0,57.0,0.0,0.0,10.001058009129107,1.9992492926026448,34686,0,0,0,35,SALT LAKE
1255,350350,382.0,763.5617243760182,1.998852681612613,475.0,12.0,154.0,309.0,515.9908655083049,12.0,0.0,8.0,146.0,40.0,100.0,20.0,149.0,0.0,0.0,13.001375411867839,27.989490096437027,34686,0,0,0,35,SALT LAKE
1256,350351,415.0,846.0028360053057,2.0385610506151943,242.0,42.0,24.0,176.0,271.98873938903967,6.0,36.0,15.0,9.0,34.0,1.0,7.0,134.0,0.0,0.0,0.0,29.988739389039672,34686,0,0,0,35,SALT LAKE
1257,350352,67.0,137.40185271547887,2.05077392112655,2343.0,129.0,868.0,1346.0,2347.9981232315067,32.0,97.0,793.0,75.0,914.0,229.0,6.0,197.0,0.0,0.0,0.0,4.998123231506612,34686,0,0,0,35,SALT LAKE
1258,350353,897.0,1679.246928544174,1.8720701544528136,6853.0,88.0,17.0,6748.0,6926.976073063191,67.0,21.0,1.0,16.0,33.0,6564.0,5.0,146.0,0.0,0.0,8.000846407303285,65.97522665588728,27074,0,0,0,35,SALT LAKE
1259,350354,641.0,1129.6395176822584,1.7623081399099196,1373.0,19.0,5.0,1349.0,1419.9823583761622,9.0,10.0,3.0,2.0,33.0,171.0,314.0,831.0,0.0,0.0,0.0,46.98235837616215,60370,0,0,0,35,SALT LAKE
1260,350355,589.0,1050.1427314683028,1.7829248412025516,501.0,161.0,3.0,337.0,543.9838597909569,58.0,103.0,3.0,0.0,68.0,20.0,10.0,239.0,0.0,0.0,0.0,42.98385979095686,67318,0,0,0,35,SALT LAKE
1261,350356,597.0,1207.173420285993,2.022066030629804,639.0,111.0,12.0,516.0,682.9834844372582,22.0,89.0,11.0,1.0,153.0,8.0,168.0,187.0,0.0,0.0,0.0,43.98348443725818,54863,0,0,0,35,SALT LAKE
1262,350357,455.0,886.2419500148387,1.947784505527118,216.0,1.0,1.0,214.0,248.98761332794365,0.0,1.0,1.0,0.0,46.0,20.0,10.0,138.0,0.0,0.0,0.0,32.98761332794364,59906,0,0,0,35,SALT LAKE
1263,350358,239.0,480.906484504176,2.0121610230300253,703.0,24.0,0.0,679.0,719.9936189871224,0.0,24.0,0.0,0.0,7.0,631.0,2.0,39.0,0.0,0.0,0.0,16.99361898712248,60405,0,0,0,35,SALT LAKE
1264,350359,479.0,1137.491052123143,2.374720359338503,408.0,162.0,2.0,244.0,442.9868626205463,25.0,137.0,1.0,1.0,22.0,4.0,150.0,68.0,0.0,0.0,0.0,34.98686262054628,92591,0,0,0,35,SALT LAKE
1265,350360,492.0,1149.2683537844696,2.3359112881798163,39.0,6.0,0.0,33.0,74.9864872668476,4.0,2.0,0.0,0.0,4.0,18.0,1.0,10.0,0.0,0.0,0.0,35.986487266847604,116830,0,0,0,35,SALT LAKE
1266,350361,462.0,1222.876489167762,2.6469188077224284,15.0,5.0,0.0,10.0,48.98723797424496,5.0,0.0,0.0,0.0,7.0,0.0,0.0,3.0,0.0,0.0,0.0,33.98723797424496,94432,0,0,0,35,SALT LAKE
1267,350362,431.0,1118.843657826042,2.59592496015323,65.0,2.0,2.0,61.0,96.98798868164232,1.0,1.0,1.0,1.0,17.0,14.0,10.0,20.0,0.0,0.0,0.0,31.98798868164232,86636,0,0,0,35,SALT LAKE
1268,350363,517.0,1375.9814107650095,2.6614727480947966,242.0,106.0,0.0,136.0,462.00499232559997,70.0,36.0,0.0,0.0,24.0,49.0,1.0,62.0,0.0,0.0,182.01925576614974,37.98573655945025,76455,556,0,0,35,SALT LAKE
1269,350364,489.0,1152.2126791998014,2.3562631476478555,519.0,31.0,42.0,446.0,554.9864872668476,0.0,31.0,2.0,40.0,11.0,224.0,4.0,207.0,0.0,0.0,0.0,35.986487266847604,99958,501,591,0,35,SALT LAKE
1270,350365,396.0,927.4625058294824,2.342077034922935,10.0,4.0,0.0,6.0,38.98911474273835,0.0,4.0,0.0,0.0,3.0,0.0,0.0,3.0,0.0,0.0,0.0,28.98911474273835,107730,0,0,0,35,SALT LAKE
1271,350366,300.0,645.7887077627506,2.152629025875836,476.0,200.0,29.0,247.0,497.9917422186291,111.0,89.0,2.0,27.0,12.0,7.0,59.0,169.0,0.0,0.0,0.0,21.99174221862909,67016,0,0,0,35,SALT LAKE
1272,350367,373.0,845.021394200195,2.265472906702936,281.0,135.0,17.0,129.0,541.0145170628439,25.0,110.0,17.0,0.0,29.0,2.0,14.0,84.0,0.0,0.0,233.0246516127082,26.989865450135703,63303,0,0,0,35,SALT LAKE
1273,350368,993.0,2073.7865341986203,2.0884053718012288,808.0,427.0,2.0,379.0,946.9795820402487,148.0,279.0,2.0,0.0,165.0,12.0,29.0,173.0,0.0,0.0,66.00698286025211,72.97259917999654,63303,0,0,0,35,SALT LAKE
1274,350369,305.0,615.3640118043232,2.017586923948601,745.0,269.0,5.0,471.0,780.9932234314098,80.0,189.0,5.0,0.0,106.0,57.0,31.0,277.0,0.0,0.0,14.00148121278075,21.99174221862909,59906,0,0,0,35,SALT LAKE
1275,350370,346.0,802.8193965804408,2.320287273353875,2001.0,514.0,42.0,1445.0,2038.916836360198,321.0,193.0,5.0,37.0,528.0,32.0,5.0,880.0,0.0,12.9262202026648,0.0,24.99061615753306,63303,0,0,0,35,SALT LAKE
1276,350371,692.0,1384.8143870110048,2.0011768598424924,359.0,70.0,11.0,278.0,409.9808569613674,24.0,46.0,0.0,11.0,113.0,12.0,27.0,126.0,0.0,0.0,0.0,50.98085696136744,60405,0,0,0,35,SALT LAKE
1277,350372,0.0,0.0,0.0,23.0,6.0,0.0,17.0,23.0,0.0,6.0,0.0,0.0,0.0,17.0,0.0,0.0,0.0,0.0,0.0,0.0,83576,0,0,1832,35,SALT LAKE
1278,350373,500.0,1115.8993324107105,2.231798664821421,29.0,0.0,1.0,28.0,75.98716992227804,0.0,0.0,0.0,1.0,9.0,8.0,4.0,7.0,0.0,0.0,10.001058009129107,36.98611191314893,83576,0,0,0,35,SALT LAKE
1279,350374,292.0,786.1348858935612,2.692242759909456,73.0,27.0,1.0,45.0,93.99211757232777,24.0,3.0,0.0,1.0,30.0,0.0,6.0,9.0,0.0,0.0,0.0,20.99211757232777,157449,0,0,0,35,SALT LAKE
1280,350375,757.0,1814.685897649432,2.3972072624166865,681.0,28.0,3.0,650.0,735.9793555465727,3.0,25.0,0.0,3.0,154.0,70.0,22.0,404.0,0.0,0.0,0.0,54.979355546572734,72786,0,0,0,35,SALT LAKE
1281,350376,502.0,1192.4517932093345,2.3754019785046503,283.0,36.0,1.0,246.0,324.2948519821393,0.0,36.0,0.0,1.0,70.0,8.0,149.0,19.0,0.0,4.308740068990365,0.0,36.98611191314893,109244,0,0,0,35,SALT LAKE
1282,350377,334.0,718.4154013409324,2.150944315392013,47.0,32.0,0.0,15.0,70.99099151123174,29.0,3.0,0.0,0.0,11.0,0.0,0.0,4.0,0.0,0.0,0.0,23.990991511231737,48050,0,0,0,35,SALT LAKE
1283,350378,270.0,602.605268337886,2.2318713642143924,32.0,1.0,28.0,3.0,51.99249292602644,1.0,0.0,0.0,28.0,1.0,0.0,1.0,1.0,0.0,0.0,0.0,19.992492926026447,67016,0,0,0,35,SALT LAKE
1284,350379,537.0,1215.0249547268777,2.262616303029567,41.0,2.0,0.0,39.0,79.98536120575157,2.0,0.0,0.0,0.0,2.0,0.0,35.0,2.0,0.0,0.0,0.0,38.98536120575157,55325,0,0,0,35,SALT LAKE
1285,350380,183.0,387.66951301867255,2.118412639446298,6.0,0.0,1.0,5.0,26.995966809220477,0.0,0.0,0.0,1.0,0.0,0.0,0.0,5.0,0.0,0.0,8.000846407303285,12.995120401917193,63303,0,0,0,35,SALT LAKE
1286,350381,515.0,1191.470351404224,2.3135346629208238,93.0,21.0,4.0,68.0,130.98573655945026,15.0,6.0,0.0,4.0,18.0,0.0,1.0,49.0,0.0,0.0,0.0,37.98573655945025,73323,0,0,0,35,SALT LAKE
1287,350382,76.0,172.73375769945915,2.272812601308673,377.0,57.0,9.0,311.0,418.0014509097598,36.0,21.0,3.0,6.0,37.0,9.0,27.0,238.0,0.0,0.0,35.00370303195187,5.997747877807934,63303,0,0,0,35,SALT LAKE
1288,350383,236.0,592.7908502867803,2.511825636808391,949.0,407.0,2.0,540.0,965.9936189871224,190.0,217.0,0.0,2.0,251.0,0.0,121.0,168.0,0.0,0.0,0.0,16.99361898712248,63303,0,0,0,35,SALT LAKE
1289,350384,167.0,380.7994203828986,2.2802360501969976,34.0,0.0,0.0,34.0,45.99549575561587,0.0,0.0,0.0,0.0,8.0,0.0,0.0,26.0,0.0,0.0,0.0,11.995495755615869,73323,0,0,0,35,SALT LAKE
1290,350385,711.0,1729.3004606048123,2.4322088053513538,108.0,41.0,0.0,67.0,159.98048160766876,1.0,40.0,0.0,0.0,22.0,11.0,16.0,18.0,0.0,0.0,0.0,51.98048160766877,90891,0,0,0,35,SALT LAKE
1291,350386,406.0,974.5717124747894,2.400422937130023,391.0,14.0,6.0,371.0,420.98873938903967,13.0,1.0,1.0,5.0,7.0,63.0,12.0,289.0,0.0,0.0,0.0,29.988739389039672,71658,0,0,0,35,SALT LAKE
1292,350387,347.0,949.0542255419148,2.735026586576123,119.0,15.0,0.0,104.0,143.99061615753305,2.0,13.0,0.0,0.0,4.0,6.0,1.0,93.0,0.0,0.0,0.0,24.99061615753306,122892,0,0,0,35,SALT LAKE
1293,350388,39.0,78.51534440884507,2.013213959201156,1086.0,224.0,1.0,861.0,1088.998873938904,185.0,39.0,1.0,0.0,92.0,165.0,118.0,486.0,0.0,0.0,0.0,2.998873938903967,72786,0,0,0,35,SALT LAKE
1294,350389,0.0,0.0,0.0,0.0,0.0,0.0,0.0,0.0,0.0,0.0,0.0,0.0,0.0,0.0,0.0,0.0,0.0,0.0,0.0,0.0,47674,0,0,0,35,SALT LAKE
1295,350390,172.0,433.797277858869,2.522077196853889,0.0,0.0,0.0,0.0,12.995120401917193,0.0,0.0,0.0,0.0,0.0,0.0,0.0,0.0,0.0,0.0,0.0,12.995120401917193,74666,361,67,0,35,SALT LAKE
1296,350391,390.0,996.1634321872218,2.554265210736466,18.0,0.0,0.0,18.0,46.98911474273835,0.0,0.0,0.0,0.0,2.0,0.0,3.0,13.0,0.0,0.0,0.0,28.98911474273835,76749,0,0,0,35,SALT LAKE
1297,350392,459.0,1138.4724939282537,2.4803322307805087,366.0,78.0,4.0,284.0,399.987237974245,43.0,35.0,0.0,4.0,39.0,32.0,69.0,144.0,0.0,0.0,0.0,33.98723797424496,70057,0,0,0,35,SALT LAKE
1298,350393,695.0,1751.8736221223555,2.5206814706796483,165.0,64.0,7.0,94.0,215.98085696136744,32.0,32.0,1.0,6.0,16.0,22.0,2.0,54.0,0.0,0.0,0.0,50.98085696136744,84114,0,0,0,35,SALT LAKE
1299,350394,331.0,877.4089737688437,2.6507823980931837,77.0,1.0,2.0,74.0,100.99099151123174,1.0,0.0,0.0,2.0,3.0,53.0,0.0,18.0,0.0,0.0,0.0,23.990991511231737,81276,628,0,0,35,SALT LAKE
1300,350395,160.0,385.70662940845136,2.410666433802821,218.0,19.0,19.0,180.0,229.99549575561588,2.0,17.0,0.0,19.0,59.0,34.0,10.0,77.0,0.0,0.0,0.0,11.995495755615869,71658,0,0,0,35,SALT LAKE
1301,350396,396.0,833.2440925388682,2.104151748835526,1435.0,498.0,5.0,932.0,1479.9908075573449,464.0,34.0,0.0,5.0,131.0,42.0,38.0,721.0,0.0,0.0,16.00169281460657,28.98911474273835,47989,0,0,0,35,SALT LAKE
1302,350397,4.0,4.0,1.0,135.0,1.0,126.0,8.0,139.01202103681442,1.0,0.0,64.0,62.0,0.0,4.0,0.0,4.0,4.012021036814425,0.0,0.0,0.0,45129,0,0,0,35,SALT LAKE
1303,350398,369.0,977.5160378901212,2.6490949536317645,446.0,22.0,82.0,342.0,698.0252684887033,14.0,8.0,1.0,81.0,2.0,119.0,7.0,214.0,4.012021036814425,0.0,221.02338200175325,26.989865450135703,45129,0,0,0,35,SALT LAKE
1304,350399,634.0,1938.3475650933624,3.0573305443112977,6.0,1.0,3.0,2.0,55.99475476667526,1.0,0.0,0.0,3.0,0.0,1.0,0.0,1.0,4.012021036814425,0.0,0.0,45.98273372986083,51401,0,0,0,35,SALT LAKE
1305,350400,1.0,1.962883610221127,1.962883610221127,47.0,0.0,4.0,43.0,60.039068369646884,0.0,0.0,0.0,4.0,0.0,6.0,0.0,37.0,13.039068369646882,0.0,0.0,0.0,82805,0,0,0,35,SALT LAKE
1306,350401,1269.0,3438.972085107414,2.709985882669357,506.0,60.0,13.0,433.0,598.965092106023,13.0,47.0,7.0,6.0,30.0,351.0,22.0,30.0,0.0,0.0,0.0,92.96509210602298,47499,608,0,2581,35,SALT LAKE
1307,350402,392.0,1151.2312373946909,2.9368143811089054,130.0,8.0,0.0,122.0,165.99275480741943,8.0,0.0,0.0,0.0,0.0,41.0,79.0,2.0,1.0030052592036065,0.0,6.000634805477464,28.98911474273835,51401,448,0,0,35,SALT LAKE
1308,350403,608.0,1955.0320757802424,3.215513282533293,0.0,0.0,0.0,0.0,44.98648969646178,0.0,0.0,0.0,0.0,0.0,0.0,0.0,0.0,1.0030052592036065,0.0,0.0,43.98348443725818,82805,0,0,0,35,SALT LAKE
1309,350404,546.0,1685.135579374837,3.0863288999539145,35.0,0.0,0.0,35.0,364.02716014904684,0.0,0.0,0.0,0.0,0.0,35.0,0.0,0.0,4.012021036814425,0.0,285.03015326017953,39.984985852052894,82805,378,102,0,35,SALT LAKE
1310,350405,902.0,3084.6715934625004,3.4198132965216197,24.0,4.0,1.0,19.0,96.97596726227766,0.0,4.0,0.0,1.0,1.0,1.0,0.0,17.0,0.0,0.0,7.000740606390375,65.97522665588728,56753,0,0,0,35,SALT LAKE
1311,350406,742.0,2294.610940348497,3.0924675745936616,114.0,40.0,10.0,64.0,167.97973090027142,11.0,29.0,0.0,10.0,0.0,3.0,37.0,24.0,0.0,0.0,0.0,53.97973090027141,56215,0,0,0,35,SALT LAKE
1312,350407,1068.0,3294.700139756161,3.0849252244907874,139.0,32.0,16.0,91.0,217.97372767070675,28.0,4.0,4.0,12.0,6.0,66.0,1.0,18.0,1.0030052592036065,0.0,0.0,77.97072241150315,67131,478,0,0,35,SALT LAKE
1313,350408,0.0,0.0,0.0,13.0,0.0,11.0,2.0,25.036063110443276,0.0,0.0,0.0,11.0,0.0,1.0,0.0,1.0,12.036063110443276,0.0,0.0,0.0,79063,0,0,0,35,SALT LAKE
1314,350409,638.0,2103.2297883519373,3.296598414344729,218.0,89.0,22.0,107.0,264.98235837616215,7.0,82.0,14.0,8.0,2.0,76.0,1.0,28.0,0.0,0.0,0.0,46.98235837616215,79063,706,0,0,35,SALT LAKE
1315,350410,261.0,921.573854998819,3.5309343103403026,813.0,408.0,1.0,404.0,884.9984757281094,257.0,151.0,0.0,1.0,26.0,3.0,59.0,316.0,0.0,0.0,53.00560744838427,18.992868279725126,67744,0,0,0,35,SALT LAKE
1316,350411,995.0,3673.536676528839,3.6919966598279785,804.0,212.0,150.0,442.0,882.973233985474,212.0,0.0,23.0,127.0,4.0,280.0,46.0,112.0,0.0,0.0,6.000634805477464,72.97259917999654,55950,492,1202,0,35,SALT LAKE
1317,350412,76.0,240.453242252088,3.163858450685369,91.0,30.0,11.0,50.0,103.01577943302958,30.0,0.0,4.0,7.0,1.0,3.0,0.0,46.0,6.018031555221638,0.0,0.0,5.997747877807934,67744,0,0,0,35,SALT LAKE
1318,350413,324.0,1171.8415153020126,3.6167948003148536,0.0,0.0,0.0,0.0,23.990991511231737,0.0,0.0,0.0,0.0,0.0,0.0,0.0,0.0,0.0,0.0,0.0,23.990991511231737,67744,0,0,0,35,SALT LAKE
1319,350414,0.0,0.0,0.0,154.0,0.0,154.0,0.0,154.0,0.0,0.0,154.0,0.0,0.0,0.0,0.0,0.0,0.0,0.0,0.0,0.0,75048,0,0,0,35,SALT LAKE
1320,350415,442.0,1629.1933964835353,3.6859579105962337,8.0,0.0,0.0,8.0,39.98798868164232,0.0,0.0,0.0,0.0,0.0,0.0,0.0,8.0,0.0,0.0,0.0,31.98798868164232,75048,0,0,0,35,SALT LAKE
1321,350416,0.0,0.0,0.0,295.0,17.0,258.0,20.0,295.0,17.0,0.0,1.0,257.0,0.0,5.0,0.0,15.0,0.0,0.0,0.0,0.0,76219,0,0,0,35,SALT LAKE
1322,350417,0.0,0.0,0.0,257.0,6.0,96.0,155.0,262.01502629601805,3.0,3.0,1.0,95.0,0.0,38.0,0.0,117.0,5.015026296018031,0.0,0.0,0.0,76219,0,0,0,35,SALT LAKE
1323,350418,0.0,0.0,0.0,56.0,0.0,9.0,47.0,56.0,0.0,0.0,0.0,9.0,0.0,12.0,0.0,35.0,0.0,0.0,0.0,0.0,76219,0,0,0,35,SALT LAKE
1324,350419,0.0,0.0,0.0,2381.0,18.0,1535.0,828.0,2381.0,18.0,0.0,25.0,1510.0,4.0,8.0,0.0,816.0,0.0,0.0,0.0,0.0,69745,0,0,0,35,SALT LAKE
1325,350420,0.0,0.0,0.0,1819.0,115.0,1379.0,325.0,1824.744986758295,115.0,0.0,136.0,1243.0,206.0,53.0,0.0,66.0,0.0,5.744986758294963,0.0,0.0,69745,0,0,0,35,SALT LAKE
1326,350421,0.0,0.0,0.0,3377.0,312.0,2324.0,741.0,3377.0,312.0,0.0,1720.0,604.0,145.0,13.0,83.0,500.0,0.0,0.0,0.0,0.0,69745,0,0,0,35,SALT LAKE
1327,350422,336.0,1110.9921233851578,3.306524176741541,3614.0,58.0,1691.0,1865.0,3638.990616157533,13.0,45.0,872.0,819.0,95.0,149.0,35.0,1586.0,0.0,0.0,0.0,24.99061615753306,44002,220,78,342,35,SALT LAKE
1328,350423,0.0,0.0,0.0,3216.0,129.0,2665.0,422.0,3216.0,70.0,59.0,252.0,2413.0,360.0,3.0,0.0,59.0,0.0,0.0,0.0,0.0,44002,0,0,0,35,SALT LAKE
1329,350424,0.0,0.0,0.0,990.0,19.0,618.0,353.0,990.0,12.0,7.0,355.0,263.0,92.0,109.0,0.0,152.0,0.0,0.0,0.0,0.0,44002,0,0,0,35,SALT LAKE
1330,350425,0.0,0.0,0.0,5079.0,207.0,2597.0,2275.0,5079.0,131.0,76.0,1383.0,1214.0,395.0,671.0,47.0,1162.0,0.0,0.0,0.0,0.0,37336,0,0,0,35,SALT LAKE
1331,350426,819.0,2307.3696838149344,2.817301201239236,3924.0,140.0,375.0,3409.0,3992.984229902877,103.0,37.0,150.0,225.0,543.0,295.0,1090.0,1481.0,2.006010518407213,0.0,7.000740606390375,59.97747877807935,42499,0,0,197,35,SALT LAKE
1332,350427,49.0,135.43896910525774,2.764060593984852,533.0,18.0,388.0,127.0,536.9984985852053,18.0,0.0,359.0,29.0,1.0,124.0,0.0,2.0,0.0,0.0,0.0,3.9984985852052897,76219,0,0,0,35,SALT LAKE
1333,350428,1.0,1.0,1.0,151.0,25.0,15.0,111.0,160.02704733283247,22.0,3.0,0.0,15.0,4.0,0.0,0.0,107.0,9.027047332832456,0.0,0.0,0.0,76219,0,0,0,35,SALT LAKE
1334,350429,293.0,898.0192516761655,3.064912121761657,525.0,261.0,43.0,221.0,545.9921175723277,179.0,82.0,5.0,38.0,6.0,21.0,11.0,183.0,0.0,0.0,0.0,20.99211757232777,76219,0,0,0,35,SALT LAKE
1335,350430,0.0,0.0,0.0,2342.0,731.0,714.0,897.0,2344.006010518407,335.0,396.0,66.0,648.0,50.0,362.0,1.0,484.0,2.006010518407213,0.0,0.0,0.0,69745,0,0,0,35,SALT LAKE
1336,350431,0.0,0.0,0.0,1677.0,0.0,0.0,1677.0,1677.0,0.0,0.0,0.0,0.0,1534.0,17.0,41.0,85.0,0.0,0.0,0.0,0.0,69745,0,0,0,35,SALT LAKE
1337,350432,0.0,0.0,0.0,5362.0,65.0,2.0,5295.0,5362.0,0.0,65.0,0.0,2.0,1116.0,93.0,8.0,4078.0,0.0,0.0,0.0,0.0,69745,0,0,0,35,SALT LAKE
1338,350433,498.0,1605.6387931608815,3.2241742834555853,92.0,0.0,0.0,92.0,128.9894925260512,0.0,0.0,0.0,0.0,26.0,59.0,0.0,7.0,1.0030052592036065,0.0,0.0,35.986487266847604,76219,706,0,0,35,SALT LAKE
1339,350434,253.0,772.3947006220134,3.05294348071942,0.0,0.0,0.0,0.0,18.992868279725126,0.0,0.0,0.0,0.0,0.0,0.0,0.0,0.0,0.0,0.0,0.0,18.992868279725126,76219,0,0,0,35,SALT LAKE
1340,350435,354.0,1139.453935733364,3.218796428625322,0.0,0.0,0.0,0.0,25.990240803834386,0.0,0.0,0.0,0.0,0.0,0.0,0.0,0.0,0.0,0.0,0.0,25.990240803834386,78784,0,0,0,35,SALT LAKE
1341,350436,211.0,615.3640118043232,2.9164171175560343,635.0,240.0,15.0,380.0,706.0002945456429,110.0,130.0,1.0,14.0,11.0,37.0,76.0,256.0,0.0,0.0,56.005924851123,14.994369694519836,78784,0,0,0,35,SALT LAKE
1342,350437,972.0,3308.440325027709,3.4037451903577254,1312.0,569.0,18.0,725.0,1382.9733498873939,266.0,303.0,8.0,10.0,48.0,311.0,57.0,309.0,0.0,0.0,0.0,70.9733498873939,69745,1825,131,0,35,SALT LAKE
1343,350438,0.0,0.0,0.0,1380.0,2.0,0.0,1378.0,1380.0,2.0,0.0,0.0,0.0,584.0,10.0,0.0,784.0,0.0,0.0,0.0,0.0,69745,0,0,0,35,SALT LAKE
1344,350439,0.0,0.0,0.0,951.0,11.0,93.0,847.0,955.0120210368144,4.0,7.0,3.0,90.0,276.0,170.0,48.0,353.0,4.012021036814425,0.0,0.0,0.0,69745,0,0,0,35,SALT LAKE
1345,350440,281.0,942.1841329061408,3.352968444505839,0.0,0.0,0.0,0.0,20.99211757232777,0.0,0.0,0.0,0.0,0.0,0.0,0.0,0.0,0.0,0.0,0.0,20.99211757232777,69845,0,0,0,35,SALT LAKE
1346,350441,0.0,0.0,0.0,650.0,70.0,288.0,292.0,650.0,68.0,2.0,21.0,267.0,3.0,178.0,0.0,111.0,0.0,0.0,0.0,0.0,69745,738,592,303,35,SALT LAKE
1347,350442,726.0,2302.4624747893818,3.1714359156878538,298.0,34.0,172.0,92.0,350.98010625397006,11.0,23.0,96.0,76.0,2.0,3.0,0.0,87.0,0.0,0.0,0.0,52.980106253970085,54846,0,0,0,35,SALT LAKE
1348,350443,619.0,1959.939284805795,3.166299329250073,358.0,22.0,73.0,263.0,402.9831090835595,22.0,0.0,6.0,67.0,1.0,107.0,9.0,146.0,0.0,0.0,0.0,44.98310908355951,52889,848,0,0,35,SALT LAKE
1349,350444,412.0,1275.8743466437322,3.09678239476634,5.0,1.0,0.0,4.0,34.98873938903967,0.0,1.0,0.0,0.0,0.0,0.0,0.0,4.0,0.0,0.0,0.0,29.988739389039672,53656,0,0,0,35,SALT LAKE
1350,350445,326.0,921.573854998819,2.826913665640549,1369.0,87.0,59.0,1223.0,1452.9973395660063,15.0,72.0,35.0,24.0,610.0,315.0,36.0,262.0,0.0,0.0,60.00634805477464,23.990991511231737,37336,343,244,224,35,SALT LAKE
1351,350446,293.0,833.2440925388682,2.8438364933067177,2036.0,19.0,316.0,1701.0,2056.992117572328,15.0,4.0,151.0,165.0,646.0,146.0,239.0,670.0,0.0,0.0,0.0,20.99211757232777,37336,0,0,0,35,SALT LAKE
1352,350447,207.0,624.1969880503183,3.015444386716513,811.0,43.0,115.0,653.0,825.9943696945198,43.0,0.0,80.0,35.0,93.0,191.0,41.0,328.0,0.0,0.0,0.0,14.994369694519836,37336,569,0,0,35,SALT LAKE
1353,350448,243.0,720.3782849511535,2.9645196911570104,189.0,15.0,33.0,141.0,207.99624889262742,12.0,3.0,8.0,25.0,8.0,21.0,7.0,105.0,1.0030052592036065,0.0,0.0,17.993243633423802,41116,0,0,0,35,SALT LAKE
1354,350449,1058.0,3389.899994851886,3.204064267345828,41.0,31.0,5.0,5.0,117.97109776520183,0.0,31.0,1.0,4.0,3.0,2.0,0.0,0.0,0.0,0.0,0.0,76.97109776520183,76219,0,0,0,35,SALT LAKE
1355,350450,692.0,2258.2975935594063,3.2634358288430727,3.0,0.0,1.0,2.0,57.99287799818186,0.0,0.0,0.0,1.0,0.0,1.0,0.0,1.0,4.012021036814425,0.0,0.0,50.98085696136744,84164,685,0,0,35,SALT LAKE
1356,350451,63.0,158.99357242791126,2.5237074988557344,929.0,606.0,0.0,323.0,935.0011284907102,414.0,192.0,0.0,0.0,6.0,162.0,12.0,143.0,1.0030052592036065,0.0,0.0,4.998123231506612,84164,0,0,0,35,SALT LAKE
1357,350452,221.0,829.318325318426,3.752571607775683,298.0,224.0,0.0,74.0,313.99399434082113,69.0,155.0,0.0,0.0,11.0,14.0,23.0,26.0,0.0,0.0,0.0,15.99399434082116,79849,0,0,0,35,SALT LAKE
1358,350453,535.0,2139.543135141028,3.999146046992576,498.0,62.0,75.0,361.0,536.9853612057516,34.0,28.0,9.0,66.0,2.0,59.0,4.0,296.0,0.0,0.0,0.0,38.98536120575157,79849,537,0,0,35,SALT LAKE
1359,350454,355.0,1254.2826269313,3.533190498398028,0.0,0.0,0.0,0.0,25.990240803834386,0.0,0.0,0.0,0.0,0.0,0.0,0.0,0.0,0.0,0.0,0.0,25.990240803834386,63421,0,0,0,35,SALT LAKE
1360,350455,395.0,1416.2205247745428,3.5853684171507414,78.0,35.0,8.0,35.0,106.98911474273835,10.0,25.0,0.0,8.0,26.0,1.0,4.0,4.0,0.0,0.0,0.0,28.98911474273835,70922,0,0,0,35,SALT LAKE
1361,350456,303.0,1057.994265909187,3.4917302505253707,189.0,1.0,76.0,112.0,210.9917422186291,1.0,0.0,11.0,65.0,0.0,57.0,5.0,50.0,0.0,0.0,0.0,21.99174221862909,62388,608,0,0,35,SALT LAKE
1362,350457,306.0,1097.25193811361,3.585790647430098,0.0,0.0,0.0,0.0,21.99174221862909,0.0,0.0,0.0,0.0,0.0,0.0,0.0,0.0,0.0,0.0,0.0,21.99174221862909,71274,0,0,0,35,SALT LAKE
1363,350458,701.0,2369.2005175369,3.3797439622495005,1462.0,173.0,6.0,1283.0,1512.9808569613674,172.0,1.0,1.0,5.0,61.0,127.0,621.0,474.0,0.0,0.0,0.0,50.98085696136744,33328,0,0,0,35,SALT LAKE
1364,350459,714.0,2458.5117218019614,3.4432937280139515,605.0,222.0,5.0,378.0,656.9804816076688,174.0,48.0,0.0,5.0,45.0,19.0,15.0,299.0,0.0,0.0,0.0,51.98048160766877,36857,0,0,0,35,SALT LAKE
1365,350460,160.0,542.7373182261415,3.3921082389133845,147.0,73.0,0.0,74.0,158.99549575561588,30.0,43.0,0.0,0.0,2.0,0.0,46.0,26.0,0.0,0.0,0.0,11.995495755615869,36857,0,0,0,35,SALT LAKE
1366,350461,670.0,2178.8008073454507,3.2519415035006727,1226.0,153.0,38.0,1035.0,1274.9816076687648,39.0,114.0,28.0,10.0,2.0,277.0,28.0,728.0,0.0,0.0,0.0,48.9816076687648,46904,701,918,0,35,SALT LAKE
1367,350462,551.0,1797.0199451574415,3.2613792108120534,394.0,128.0,3.0,263.0,433.9849858520529,64.0,64.0,0.0,3.0,10.0,2.0,0.0,251.0,0.0,0.0,0.0,39.984985852052894,63726,0,0,0,35,SALT LAKE
1368,350463,374.0,1207.173420285993,3.2277364178769865,34.0,14.0,0.0,20.0,60.9898654501357,14.0,0.0,0.0,0.0,6.0,0.0,0.0,14.0,0.0,0.0,0.0,26.989865450135703,47226,0,0,0,35,SALT LAKE
1369,350464,0.0,0.0,0.0,2527.0,484.0,1.0,2042.0,2527.0,7.0,477.0,1.0,0.0,194.0,6.0,1.0,1841.0,0.0,0.0,0.0,0.0,49530,0,0,0,35,SALT LAKE
1370,350465,441.0,1263.115603177295,2.8642077169553177,816.0,315.0,80.0,421.0,847.9879886816423,167.0,148.0,9.0,71.0,18.0,25.0,0.0,378.0,0.0,0.0,0.0,31.98798868164232,49530,0,0,0,35,SALT LAKE
1371,350466,594.0,1723.411809774149,2.901366683121464,839.0,178.0,61.0,600.0,881.9838597909569,106.0,72.0,10.0,51.0,109.0,43.0,4.0,444.0,0.0,0.0,0.0,42.98385979095686,41116,0,0,0,35,SALT LAKE
1372,350467,749.0,2702.890731274492,3.608665862849788,331.0,24.0,81.0,226.0,441.9910793142771,22.0,2.0,50.0,31.0,0.0,90.0,0.0,136.0,2.006010518407213,0.0,54.00571324929717,54.979355546572734,78175,536,0,0,35,SALT LAKE
1373,350468,970.0,3514.5431041009274,3.623240313506111,433.0,11.0,51.0,371.0,503.9733498873939,11.0,0.0,5.0,46.0,0.0,147.0,78.0,146.0,0.0,0.0,0.0,70.9733498873939,74796,0,816,0,35,SALT LAKE
1374,350469,149.0,536.8486673954782,3.603011190573679,289.0,1.0,49.0,239.0,302.00188162772173,1.0,0.0,1.0,48.0,1.0,84.0,10.0,144.0,2.006010518407213,0.0,0.0,10.995871109314546,60646,495,0,0,35,SALT LAKE
1375,350470,237.0,813.615256436657,3.432975765555515,665.0,444.0,9.0,212.0,682.9966242463261,438.0,6.0,2.0,7.0,1.0,36.0,44.0,131.0,1.0030052592036065,0.0,0.0,16.99361898712248,60646,483,0,0,35,SALT LAKE
1376,350471,745.0,2472.251907073509,3.318458935669139,471.0,87.0,16.0,368.0,526.9823608057764,34.0,53.0,0.0,16.0,6.0,53.0,5.0,304.0,1.0030052592036065,0.0,0.0,54.979355546572734,58856,255,0,0,35,SALT LAKE
1377,350472,1017.0,3411.491714564318,3.3544657960317776,166.0,25.0,41.0,100.0,252.9735992381657,19.0,6.0,6.0,35.0,5.0,2.0,42.0,51.0,0.0,0.0,13.001375411867839,73.97222382629786,68968,0,0,0,35,SALT LAKE
1378,350473,438.0,1722.4303679690386,3.932489424586846,682.0,140.0,111.0,431.0,713.9879886816423,111.0,29.0,5.0,106.0,12.0,90.0,4.0,325.0,0.0,0.0,0.0,31.98798868164232,64858,350,0,0,35,SALT LAKE
1379,350474,460.0,1730.281902409923,3.761482396543311,1204.0,535.0,10.0,659.0,1237.9872379742449,520.0,15.0,5.0,5.0,189.0,177.0,60.0,233.0,0.0,0.0,0.0,33.98723797424496,44924,550,0,0,35,SALT LAKE
1380,350475,220.0,768.4689334015711,3.4930406063707777,162.0,123.0,0.0,39.0,177.99399434082116,110.0,13.0,0.0,0.0,16.0,0.0,0.0,23.0,0.0,0.0,0.0,15.99399434082116,83458,0,0,0,35,SALT LAKE
1381,350476,83.0,302.2840759740535,3.6419768189645,951.0,157.0,21.0,773.0,956.9977478778079,152.0,5.0,12.0,9.0,14.0,197.0,2.0,560.0,0.0,0.0,0.0,5.997747877807934,83458,0,0,3170,35,SALT LAKE
1382,350477,642.0,2103.2297883519373,3.276058860361273,906.0,311.0,18.0,577.0,952.9823583761622,196.0,115.0,4.0,14.0,5.0,25.0,21.0,526.0,0.0,0.0,0.0,46.98235837616215,37849,0,0,0,35,SALT LAKE
1383,350478,718.0,1810.7601304289892,2.521950042380208,1428.0,161.0,0.0,1267.0,1739.007402889501,27.0,134.0,0.0,0.0,230.0,483.0,37.0,517.0,0.0,0.0,258.02729663553094,52.980106253970085,51435,0,0,0,35,SALT LAKE
1384,350479,153.0,360.1891424755768,2.3541774018011554,1498.0,1122.0,4.0,372.0,3010.1546782795936,617.0,505.0,0.0,4.0,172.0,1.0,0.0,199.0,0.0,0.0,1501.158807170279,10.995871109314546,47387,0,0,0,35,SALT LAKE
1385,350480,592.0,1529.0863323622575,2.5829161019632734,131.0,35.0,1.0,95.0,173.98385979095687,2.0,33.0,0.0,1.0,5.0,1.0,1.0,88.0,0.0,0.0,0.0,42.98385979095686,52933,0,0,0,35,SALT LAKE
1386,350481,555.0,1451.5524297585232,2.6154097833486905,1196.0,128.0,124.0,944.0,1273.9885251321318,93.0,35.0,36.0,88.0,66.0,115.0,71.0,692.0,0.0,0.0,37.0039146337777,40.98461049835422,41157,840,0,0,35,SALT LAKE
1387,350482,688.0,1964.846493831348,2.85588153173161,1580.0,644.0,190.0,746.0,1629.981232315066,584.0,60.0,166.0,24.0,98.0,95.0,39.0,514.0,0.0,0.0,0.0,49.98123231506612,55456,0,0,0,35,SALT LAKE
1388,350483,881.0,2490.89930137061,2.8273544850971737,0.0,0.0,0.0,0.0,63.97597736328464,0.0,0.0,0.0,0.0,0.0,0.0,0.0,0.0,0.0,0.0,0.0,63.97597736328464,49968,0,0,0,35,SALT LAKE
1389,350484,1156.0,4130.888557710361,3.573433008399966,13.0,0.0,6.0,7.0,99.404341624917,0.0,0.0,0.0,6.0,1.0,0.0,0.0,6.0,0.0,1.436246689304597,0.0,84.9680949356124,58948,0,0,0,35,SALT LAKE
1390,350485,515.0,1911.8486363553773,3.712327449233743,90.0,11.0,44.0,35.0,127.98573655945026,6.0,5.0,1.0,43.0,2.0,2.0,1.0,30.0,0.0,0.0,0.0,37.98573655945025,70286,0,0,0,35,SALT LAKE
1391,350486,504.0,1930.496030652478,3.830349267167615,85.0,37.0,0.0,48.0,121.98611191314893,37.0,0.0,0.0,0.0,3.0,35.0,8.0,2.0,0.0,0.0,0.0,36.98611191314893,60179,0,0,0,35,SALT LAKE
1392,350487,225.0,844.0399523950845,3.751288677311487,74.0,9.0,7.0,58.0,89.99399434082116,6.0,3.0,1.0,6.0,15.0,0.0,4.0,39.0,0.0,0.0,0.0,15.99399434082116,77419,0,0,0,35,SALT LAKE
1393,350488,255.0,951.9985509572464,3.733327650812731,31.0,0.0,5.0,26.0,49.99286827972513,0.0,0.0,2.0,3.0,0.0,0.0,1.0,25.0,0.0,0.0,0.0,18.992868279725126,77419,0,0,0,35,SALT LAKE
1394,350489,426.0,1414.2576411643215,3.319853617756624,168.0,2.0,8.0,158.0,198.988364035341,2.0,0.0,0.0,8.0,1.0,78.0,2.0,77.0,0.0,0.0,0.0,30.988364035341,72491,555,0,0,35,SALT LAKE
1395,350490,401.0,1315.132018848155,3.279630969696147,66.0,1.0,0.0,65.0,94.98911474273835,0.0,1.0,0.0,0.0,0.0,46.0,19.0,0.0,0.0,0.0,0.0,28.98911474273835,65436,571,0,0,35,SALT LAKE
1396,350491,313.0,783.1905604782296,2.5022062635087208,0.0,0.0,0.0,0.0,22.991366864930416,0.0,0.0,0.0,0.0,0.0,0.0,0.0,0.0,0.0,0.0,0.0,22.991366864930416,66767,0,0,0,35,SALT LAKE
1397,350492,333.0,840.1141851746422,2.5228654209448718,0.0,0.0,0.0,0.0,23.990991511231737,0.0,0.0,0.0,0.0,0.0,0.0,0.0,0.0,0.0,0.0,0.0,23.990991511231737,47387,0,0,0,35,SALT LAKE
1398,350493,121.0,302.2840759740535,2.498215503917798,0.0,0.0,0.0,0.0,8.996621816711901,0.0,0.0,0.0,0.0,0.0,0.0,0.0,0.0,0.0,0.0,0.0,8.996621816711901,52933,0,0,0,35,SALT LAKE
1399,350494,1573.0,4172.109113525004,2.652326200588051,200.0,27.0,3.0,170.0,314.95683432465205,20.0,7.0,2.0,1.0,7.0,32.0,15.0,116.0,0.0,0.0,0.0,114.95683432465208,31069,0,0,0,35,SALT LAKE
1400,350495,917.0,2625.356828670757,2.862984545987739,579.0,281.0,82.0,216.0,645.9748513021887,278.0,3.0,55.0,27.0,5.0,21.0,5.0,185.0,0.0,0.0,0.0,66.9748513021886,59727,0,0,0,35,SALT LAKE
1401,350496,0.0,0.0,0.0,6819.0,17.0,843.0,5959.0,6819.0,5.0,12.0,61.0,782.0,290.0,2077.0,1.0,3591.0,0.0,0.0,0.0,0.0,79063,0,0,0,35,SALT LAKE
1402,350497,1.0,1.0,1.0,6.0,0.0,3.0,3.0,407.0424261660772,0.0,0.0,0.0,3.0,2.0,0.0,0.0,1.0,0.0,0.0,401.0424261660772,0.0,79063,0,0,0,35,SALT LAKE
1403,350498,0.0,0.0,0.0,1262.0,11.0,455.0,796.0,1262.0,11.0,0.0,6.0,449.0,13.0,228.0,0.0,555.0,0.0,0.0,0.0,0.0,91680,0,0,0,35,SALT LAKE
1404,350499,219.0,812.6338146315464,3.710656687815281,50.0,6.0,0.0,44.0,65.99399434082116,6.0,0.0,0.0,0.0,0.0,20.0,14.0,10.0,0.0,0.0,0.0,15.99399434082116,91680,0,0,0,35,SALT LAKE
1405,350500,561.0,2249.464617313411,4.009740850826045,216.0,0.0,60.0,156.0,256.98461049835424,0.0,0.0,25.0,35.0,0.0,59.0,1.0,96.0,0.0,0.0,0.0,40.98461049835422,86131,590,0,0,35,SALT LAKE
1406,350501,255.0,1023.6438027303176,4.014289422471833,1135.0,376.0,54.0,705.0,1154.9958735389287,376.0,0.0,0.0,54.0,1.0,452.0,0.0,252.0,1.0030052592036065,0.0,0.0,18.992868279725126,78083,0,0,2559,35,SALT LAKE
1407,350502,376.0,1418.183408384764,3.771764384002032,371.0,61.0,233.0,77.0,399.99249535564064,41.0,20.0,15.0,218.0,2.0,10.0,37.0,28.0,1.0030052592036065,0.0,0.0,27.989490096437027,74436,0,0,0,35,SALT LAKE
1408,350503,479.0,1790.1498525216675,3.737264827811415,16.0,11.0,0.0,5.0,50.98686262054628,11.0,0.0,0.0,0.0,0.0,0.0,0.0,5.0,0.0,0.0,0.0,34.98686262054628,66802,0,0,0,35,SALT LAKE
1409,350504,525.0,1647.840790780636,3.1387443633916874,6.0,0.0,1.0,5.0,50.986477165840626,0.0,0.0,1.0,0.0,1.0,0.0,0.0,4.0,0.0,0.0,7.000740606390375,37.98573655945025,53952,0,0,0,35,SALT LAKE
1410,350505,417.0,1353.4082492474668,3.2455833315286973,134.0,46.0,54.0,34.0,166.9943745537482,11.0,35.0,53.0,1.0,4.0,0.0,1.0,29.0,2.006010518407213,0.0,0.0,30.988364035341,63957,0,0,0,35,SALT LAKE
1411,350506,375.0,1439.7751280971963,3.839400341592524,10.0,2.0,0.0,8.0,36.9898654501357,0.0,2.0,0.0,0.0,0.0,0.0,1.0,7.0,0.0,0.0,0.0,26.989865450135703,82752,0,0,0,35,SALT LAKE
1412,350507,257.0,1011.8665010689908,3.937223739568058,493.0,24.0,82.0,387.0,549.9968887144157,24.0,0.0,0.0,82.0,1.0,8.0,351.0,27.0,0.0,0.0,38.0040204346906,18.992868279725126,82752,0,0,0,35,SALT LAKE
1413,350508,522.0,1812.7230140392105,3.472649452182396,55.0,6.0,0.0,49.0,92.98573655945026,6.0,0.0,0.0,0.0,0.0,43.0,0.0,6.0,0.0,0.0,0.0,37.98573655945025,65997,378,0,0,35,SALT LAKE
1414,350509,532.0,1673.3582777135105,3.145410296453967,111.0,0.0,0.0,111.0,149.9853612057516,0.0,0.0,0.0,0.0,1.0,110.0,0.0,0.0,0.0,0.0,0.0,38.98536120575157,80130,0,720,0,35,SALT LAKE
1415,350510,622.0,2487.954975955278,3.9999276140760096,0.0,0.0,0.0,0.0,50.98326273442539,0.0,0.0,0.0,0.0,0.0,0.0,0.0,0.0,0.0,0.0,5.000529004564553,45.98273372986083,91680,0,0,0,35,SALT LAKE
1416,350511,865.0,3269.1826528232864,3.7794019107783656,108.0,32.0,8.0,68.0,170.9763527169833,31.0,1.0,1.0,7.0,0.0,56.0,1.0,11.0,0.0,0.0,0.0,62.976352716983314,75952,0,0,0,35,SALT LAKE
1417,350512,363.0,1359.2969000781302,3.7446195594438847,169.0,1.0,23.0,145.0,195.9898654501357,1.0,0.0,0.0,23.0,14.0,87.0,4.0,40.0,0.0,0.0,0.0,26.989865450135703,71522,501,0,0,35,SALT LAKE
1418,350513,478.0,1447.6266625380808,3.028507662213558,126.0,12.0,5.0,109.0,160.98686262054628,12.0,0.0,3.0,2.0,0.0,92.0,0.0,17.0,0.0,0.0,0.0,34.98686262054628,51081,458,693,0,35,SALT LAKE
1419,350514,621.0,1990.3639807642223,3.205094977076042,403.0,312.0,1.0,90.0,447.9831090835595,312.0,0.0,1.0,0.0,2.0,19.0,2.0,67.0,0.0,0.0,0.0,44.98310908355951,57679,0,0,0,35,SALT LAKE
1420,350515,463.0,1657.6552088317414,3.580248831170068,676.0,486.0,0.0,190.0,709.987237974245,441.0,45.0,0.0,0.0,3.0,12.0,21.0,154.0,0.0,0.0,0.0,33.98723797424496,68359,0,0,0,35,SALT LAKE
1421,350516,120.0,451.46323035085913,3.76219358625716,193.0,39.0,0.0,154.0,201.9966218167119,39.0,0.0,0.0,0.0,42.0,0.0,88.0,24.0,0.0,0.0,0.0,8.996621816711901,68359,0,0,0,35,SALT LAKE
1422,350517,516.0,1700.8386482566063,3.296198930729857,17.0,0.0,0.0,17.0,57.98605396218898,0.0,0.0,0.0,0.0,0.0,0.0,0.0,17.0,0.0,0.0,3.000317402738732,37.98573655945025,67096,0,0,0,35,SALT LAKE
1423,350518,625.0,1904.9785437196035,3.047965669951365,462.0,78.0,3.0,381.0,507.98273372986085,5.0,73.0,3.0,0.0,27.0,72.0,43.0,239.0,0.0,0.0,0.0,45.98273372986083,59173,369,0,0,35,SALT LAKE
1424,350519,0.0,0.0,0.0,239.0,0.0,49.0,190.0,239.0,0.0,0.0,5.0,44.0,4.0,106.0,0.0,80.0,0.0,0.0,0.0,0.0,91680,0,0,0,35,SALT LAKE
1425,350520,0.0,0.0,0.0,1165.0,0.0,1126.0,39.0,1380.0227471962758,0.0,0.0,1087.0,39.0,5.0,7.0,0.0,27.0,0.0,0.0,215.0227471962758,0.0,91680,0,0,0,35,SALT LAKE
1426,350521,314.0,1252.319743321079,3.988279437328277,1195.0,28.0,211.0,956.0,1217.9913668649303,28.0,0.0,4.0,207.0,478.0,259.0,0.0,219.0,0.0,0.0,0.0,22.991366864930416,91680,414,0,0,35,SALT LAKE
1427,350522,0.0,0.0,0.0,835.0,0.0,833.0,2.0,835.0,0.0,0.0,589.0,244.0,0.0,1.0,0.0,1.0,0.0,0.0,0.0,0.0,91680,0,0,0,35,SALT LAKE
1428,350523,0.0,0.0,0.0,79.0,0.0,66.0,13.0,79.0,0.0,0.0,0.0,66.0,4.0,2.0,0.0,7.0,0.0,0.0,0.0,0.0,91680,0,0,0,35,SALT LAKE
1429,350524,0.0,0.0,0.0,1757.0,0.0,613.0,1144.0,1778.0631104432757,0.0,0.0,67.0,546.0,37.0,298.0,1.0,808.0,21.063110443275733,0.0,0.0,0.0,79063,0,0,0,35,SALT LAKE
1430,350525,4.0,11.77730166132676,2.94432541533169,0.0,0.0,0.0,0.0,4.012021036814425,0.0,0.0,0.0,0.0,0.0,0.0,0.0,0.0,4.012021036814425,0.0,0.0,0.0,79063,0,0,0,35,SALT LAKE
1431,350526,3.0,5.88865083066338,1.962883610221127,0.0,0.0,0.0,0.0,0.0,0.0,0.0,0.0,0.0,0.0,0.0,0.0,0.0,0.0,0.0,0.0,0.0,67420,0,0,0,35,SALT LAKE
1432,350527,0.0,0.0,0.0,506.0,0.0,451.0,55.0,649.6246689304597,0.0,0.0,449.0,2.0,1.0,51.0,0.0,3.0,0.0,143.6246689304597,0.0,0.0,67420,0,0,0,35,SALT LAKE
1433,350528,787.0,3093.504569708496,3.930755488829092,349.0,0.0,303.0,46.0,411.9932557814948,0.0,0.0,298.0,5.0,1.0,36.0,2.0,7.0,5.015026296018031,0.0,0.0,57.9782294854767,67420,0,0,0,35,SALT LAKE
1434,350529,324.0,1054.068498688745,3.2532978354590893,241.0,0.0,185.0,56.0,592.0806781172768,0.0,0.0,183.0,2.0,2.0,32.0,0.0,22.0,19.05709992486852,0.0,308.0325866811765,23.990991511231737,79063,0,0,0,35,SALT LAKE
1435,350530,14.0,33.36902137375915,2.3835015266970823,1.0,1.0,0.0,0.0,200.0379699768018,1.0,0.0,0.0,0.0,0.0,0.0,0.0,0.0,6.018031555221638,0.0,192.02031377527885,0.9996246463013224,87196,0,0,0,35,SALT LAKE
1436,350531,611.0,2147.3946695819127,3.514557560690528,322.0,0.0,287.0,35.0,366.9831090835595,0.0,0.0,0.0,287.0,4.0,12.0,2.0,17.0,0.0,0.0,0.0,44.98310908355951,87196,743,0,0,35,SALT LAKE
1437,350532,361.0,1007.9407338485486,2.792079595148334,928.0,542.0,5.0,381.0,1425.0516708669782,458.0,84.0,4.0,1.0,5.0,132.0,11.0,233.0,4.012021036814425,0.0,467.0494090263293,25.990240803834386,99059,0,0,0,35,SALT LAKE
1438,350533,681.0,2255.3532681440747,3.3118256507255137,51.0,10.0,12.0,29.0,100.98123231506612,6.0,4.0,0.0,12.0,2.0,0.0,0.0,27.0,0.0,0.0,0.0,49.98123231506612,87196,0,0,0,35,SALT LAKE
1439,350534,0.0,0.0,0.0,2399.0,48.0,1333.0,1018.0,2399.0,48.0,0.0,726.0,607.0,264.0,281.0,0.0,473.0,0.0,0.0,0.0,0.0,35942,0,0,0,35,SALT LAKE
1440,350535,0.0,0.0,0.0,3127.0,274.0,1900.0,953.0,3127.0,273.0,1.0,1094.0,806.0,57.0,334.0,1.0,561.0,0.0,0.0,0.0,0.0,35942,0,0,0,35,SALT LAKE
1441,350536,0.0,0.0,0.0,404.0,1.0,293.0,110.0,404.0,1.0,0.0,167.0,126.0,36.0,28.0,0.0,46.0,0.0,0.0,0.0,0.0,35942,0,0,0,35,SALT LAKE
1442,350537,84.0,178.62240853012253,2.1264572444062204,445.0,100.0,106.0,239.0,450.9977478778079,44.0,56.0,8.0,98.0,1.0,15.0,0.0,223.0,0.0,0.0,0.0,5.997747877807934,35942,0,0,0,35,SALT LAKE
1443,350538,46.0,118.75445841837816,2.5816186612690903,369.0,76.0,170.0,123.0,371.99887393890396,63.0,13.0,11.0,159.0,1.0,28.0,0.0,94.0,0.0,0.0,0.0,2.998873938903967,35942,0,0,0,35,SALT LAKE
1444,350539,158.0,333.69021373759153,2.1119633780860223,431.0,53.0,64.0,314.0,442.9954957556159,40.0,13.0,39.0,25.0,15.0,11.0,0.0,288.0,0.0,0.0,0.0,11.995495755615869,35942,0,0,0,35,SALT LAKE
1445,350540,197.0,414.1684417566577,2.1023778769373487,533.0,125.0,115.0,293.0,560.9962262609993,105.0,20.0,76.0,39.0,101.0,5.0,5.0,182.0,0.0,0.0,14.00148121278075,13.994745048218514,35942,0,0,0,35,SALT LAKE
1446,350541,234.0,587.8836412612275,2.512323253253109,394.0,91.0,1.0,302.0,419.99457119533866,35.0,56.0,1.0,0.0,13.0,23.0,127.0,139.0,0.0,0.0,9.000952208216196,16.99361898712248,35282,0,0,0,35,SALT LAKE
1447,350542,70.0,134.45752730014718,1.920821818573531,206.0,1.0,103.0,102.0,210.9981232315066,1.0,0.0,0.0,103.0,1.0,39.0,23.0,39.0,0.0,0.0,0.0,4.998123231506612,64400,0,0,0,35,SALT LAKE
1448,350543,0.0,0.0,0.0,566.0,14.0,237.0,315.0,566.0,13.0,1.0,135.0,102.0,82.0,45.0,0.0,188.0,0.0,0.0,0.0,0.0,35942,0,0,0,35,SALT LAKE
1449,350544,16.0,35.33190498398028,2.2082440614987675,1117.0,155.0,34.0,928.0,1117.9996246463013,38.0,117.0,5.0,29.0,190.0,43.0,84.0,611.0,0.0,0.0,0.0,0.9996246463013224,35942,0,0,0,35,SALT LAKE
1450,350545,50.0,105.99571495194084,2.119914299038817,450.0,17.0,371.0,62.0,453.9984985852053,17.0,0.0,286.0,85.0,2.0,28.0,0.0,32.0,0.0,0.0,0.0,3.9984985852052897,35942,0,0,0,35,SALT LAKE
1451,350546,0.0,0.0,0.0,1495.0,698.0,267.0,530.0,1495.0,696.0,2.0,218.0,49.0,23.0,394.0,1.0,112.0,0.0,0.0,0.0,0.0,35942,0,0,0,35,SALT LAKE
1452,350547,85.0,195.3069192170021,2.2977284613764954,770.0,84.0,115.0,571.0,783.9985942851112,84.0,0.0,46.0,69.0,16.0,45.0,0.0,510.0,0.0,0.0,8.000846407303285,5.997747877807934,35942,0,0,0,35,SALT LAKE
1453,350548,29.0,58.8865083066338,2.030569251952889,437.0,80.0,120.0,237.0,447.00009569990596,77.0,3.0,39.0,81.0,26.0,17.0,119.0,75.0,0.0,0.0,8.000846407303285,1.9992492926026448,35942,0,0,0,35,SALT LAKE
1454,350549,188.0,403.3725819004416,2.145598839895966,373.0,16.0,31.0,326.0,386.99474504821853,16.0,0.0,19.0,12.0,95.0,69.0,0.0,162.0,0.0,0.0,0.0,13.994745048218514,35942,0,0,0,35,SALT LAKE
1455,350550,31.0,60.84939191685493,1.962883610221127,1426.0,602.0,76.0,748.0,1450.0015769126867,601.0,1.0,61.0,15.0,83.0,42.0,5.0,618.0,0.0,0.0,22.002327620084035,1.9992492926026448,35942,0,0,0,35,SALT LAKE
1456,350551,1.0,1.0,1.0,2281.0,12.0,77.0,2192.0,2281.0,12.0,0.0,53.0,24.0,122.0,512.0,1.0,1557.0,0.0,0.0,0.0,0.0,35942,510,0,147,35,SALT LAKE
1457,350552,285.0,694.8607980182788,2.438108063222031,1247.0,190.0,241.0,816.0,1267.9921175723277,138.0,52.0,6.0,235.0,119.0,49.0,109.0,539.0,0.0,0.0,0.0,20.99211757232777,55638,0,0,0,35,SALT LAKE
1458,350553,550.0,1277.8372302539535,2.323340418643552,336.0,201.0,41.0,94.0,375.9849858520529,201.0,0.0,0.0,41.0,5.0,10.0,12.0,67.0,0.0,0.0,0.0,39.984985852052894,35282,0,0,0,35,SALT LAKE
1459,350554,418.0,991.2562231616688,2.371426371200165,221.0,3.0,26.0,192.0,251.988364035341,3.0,0.0,1.0,25.0,1.0,7.0,63.0,121.0,0.0,0.0,0.0,30.988364035341,73969,0,0,0,35,SALT LAKE
1460,350555,747.0,1745.0035294865816,2.336015434386321,0.0,0.0,0.0,0.0,54.979355546572734,0.0,0.0,0.0,0.0,0.0,0.0,0.0,0.0,0.0,0.0,0.0,54.979355546572734,64400,0,0,0,35,SALT LAKE
1461,350556,0.0,0.0,0.0,411.0,75.0,250.0,86.0,411.0,67.0,8.0,58.0,192.0,30.0,9.0,0.0,47.0,0.0,0.0,0.0,0.0,35942,0,0,0,35,SALT LAKE
1462,350557,0.0,0.0,0.0,722.0,21.0,406.0,295.0,722.0,14.0,7.0,169.0,237.0,76.0,81.0,0.0,138.0,0.0,0.0,0.0,0.0,35942,0,0,0,35,SALT LAKE
1463,350558,82.0,190.3997101914493,2.321947685261577,481.0,76.0,256.0,149.0,486.9977478778079,76.0,0.0,131.0,125.0,22.0,41.0,0.0,86.0,0.0,0.0,0.0,5.997747877807934,35942,0,0,0,35,SALT LAKE
1464,350559,346.0,738.0442374431436,2.133075830760531,433.0,38.0,245.0,150.0,457.99061615753305,38.0,0.0,81.0,164.0,22.0,20.0,0.0,108.0,0.0,0.0,0.0,24.99061615753306,35942,0,0,0,35,SALT LAKE
1465,350560,116.0,254.1934275236359,2.1913226510658266,917.0,24.0,321.0,572.0,924.9969971704106,14.0,10.0,267.0,54.0,218.0,111.0,1.0,242.0,0.0,0.0,0.0,7.996997170410579,35942,0,0,0,35,SALT LAKE
1466,350561,139.0,323.8757956864859,2.330041695586229,850.0,98.0,61.0,691.0,859.9962464630132,84.0,14.0,50.0,11.0,114.0,186.0,52.0,339.0,0.0,0.0,0.0,9.996246463013224,35942,0,0,0,35,SALT LAKE
1467,350562,676.0,1589.9357242791125,2.351975923489811,329.0,130.0,16.0,183.0,400.9840410897618,108.0,22.0,16.0,0.0,20.0,7.0,36.0,120.0,0.0,0.0,23.002433420996944,48.9816076687648,44808,0,0,0,35,SALT LAKE
1468,350563,611.0,1384.8143870110048,2.266471991834705,52.0,11.0,3.0,38.0,102.98374388903697,11.0,0.0,0.0,3.0,0.0,2.0,0.0,36.0,0.0,0.0,6.000634805477464,44.98310908355951,48770,0,0,0,35,SALT LAKE
1469,350564,281.0,615.3640118043232,2.189907515317876,1817.0,165.0,651.0,1001.0,1837.9921175723277,165.0,0.0,108.0,543.0,41.0,222.0,128.0,610.0,0.0,0.0,0.0,20.99211757232777,35942,0,0,0,35,SALT LAKE
1470,350565,0.0,0.0,0.0,713.0,36.0,350.0,327.0,713.0,35.0,1.0,38.0,312.0,6.0,21.0,1.0,299.0,0.0,0.0,0.0,0.0,35942,0,0,0,35,SALT LAKE
1471,350566,6.0,7.0,1.1666666666666667,1056.0,200.0,141.0,715.0,1056.0,199.0,1.0,59.0,82.0,19.0,398.0,0.0,298.0,0.0,0.0,0.0,0.0,73990,0,0,0,35,SALT LAKE
1472,350567,76.0,157.03068881769013,2.0661932739169755,697.0,29.0,301.0,367.0,702.9977478778079,26.0,3.0,128.0,173.0,27.0,33.0,0.0,307.0,0.0,0.0,0.0,5.997747877807934,73990,0,0,0,35,SALT LAKE
1473,350568,68.0,131.5132018848155,1.9340176747766984,639.0,22.0,136.0,481.0,686.0025668698489,19.0,3.0,34.0,102.0,60.0,15.0,1.0,405.0,0.0,0.0,42.00444363834225,4.998123231506612,73990,0,0,0,35,SALT LAKE
1474,350569,157.0,317.005703050712,2.019144605418548,1038.0,128.0,217.0,693.0,1048.9958711093145,105.0,23.0,72.0,145.0,273.0,32.0,6.0,382.0,0.0,0.0,0.0,10.995871109314546,73990,0,0,0,35,SALT LAKE
1475,350570,83.0,197.26980282722323,2.3767446123761835,1002.0,153.0,47.0,802.0,1007.9977478778079,76.0,77.0,33.0,14.0,167.0,29.0,39.0,567.0,0.0,0.0,0.0,5.997747877807934,73990,0,0,0,35,SALT LAKE
1476,350571,468.0,1140.4353775384743,2.436827729783065,665.0,218.0,28.0,419.0,698.987237974245,119.0,99.0,28.0,0.0,71.0,133.0,6.0,209.0,0.0,0.0,0.0,33.98723797424496,32056,0,589,0,35,SALT LAKE
1477,350572,398.0,931.3882730499246,2.340171540326444,423.0,47.0,27.0,349.0,451.98911474273837,43.0,4.0,21.0,6.0,4.0,12.0,1.0,332.0,0.0,0.0,0.0,28.98911474273835,38639,0,0,0,35,SALT LAKE
1478,350573,514.0,1235.6352326341992,2.4039595965645897,110.0,29.0,0.0,81.0,168.98795837862139,27.0,2.0,0.0,0.0,1.0,3.0,6.0,71.0,0.0,0.0,21.002221819171126,37.98573655945025,61053,0,0,0,35,SALT LAKE
1479,350574,68.0,136.4204109103683,2.006182513387769,4514.0,214.0,1371.0,2929.0,4520.0011284907105,197.0,17.0,34.0,1337.0,76.0,2050.0,304.0,499.0,1.0030052592036065,0.0,0.0,4.998123231506612,36964,0,0,0,35,SALT LAKE
1480,350575,0.0,0.0,0.0,1517.0,59.0,1144.0,314.0,1517.0,59.0,0.0,865.0,279.0,11.0,6.0,4.0,293.0,0.0,0.0,0.0,0.0,33860,0,0,0,35,SALT LAKE
1481,350576,13.0,18.0,1.3846153846153846,954.0,231.0,484.0,239.0,965.0006826554304,178.0,53.0,301.0,183.0,6.0,21.0,0.0,212.0,0.0,0.0,10.001058009129107,0.9996246463013224,73990,0,0,0,35,SALT LAKE
1482,350577,95.0,191.38115199655985,2.014538442069051,545.0,105.0,144.0,296.0,557.9980073295867,103.0,2.0,121.0,23.0,29.0,39.0,4.0,224.0,0.0,0.0,6.000634805477464,6.997372524109257,73990,0,0,0,35,SALT LAKE
1483,350578,76.0,156.04924701257957,2.0532795659549943,875.0,131.0,188.0,556.0,880.9977478778079,45.0,86.0,167.0,21.0,17.0,48.0,245.0,246.0,0.0,0.0,0.0,5.997747877807934,73990,0,0,0,35,SALT LAKE
1484,350579,22.0,47.10920664530704,2.141327574786684,1126.0,504.0,147.0,475.0,1127.9992492926026,318.0,186.0,134.0,13.0,18.0,37.0,44.0,376.0,0.0,0.0,0.0,1.9992492926026448,73990,0,0,0,35,SALT LAKE
1485,350580,741.0,1984.4753299335591,2.678104358884695,492.0,152.0,11.0,329.0,565.9818469185296,68.0,84.0,8.0,3.0,12.0,11.0,2.0,304.0,0.0,0.0,20.002116018258214,53.97973090027141,31220,0,0,0,35,SALT LAKE
1486,350581,738.0,1961.902168416016,2.6584040222439245,213.0,62.0,13.0,138.0,266.9797309002714,50.0,12.0,0.0,13.0,10.0,3.0,3.0,122.0,0.0,0.0,0.0,53.97973090027141,37045,0,0,0,35,SALT LAKE
1487,350582,245.0,609.4753609736598,2.4876545345863668,102.0,5.0,4.0,93.0,140.99546545259494,5.0,0.0,0.0,4.0,1.0,2.0,0.0,90.0,0.0,0.0,21.002221819171126,17.993243633423802,66057,0,0,0,35,SALT LAKE
1488,350583,1173.0,2394.7180044697743,2.041532825634931,0.0,0.0,0.0,0.0,85.96771958191373,0.0,0.0,0.0,0.0,0.0,0.0,0.0,0.0,0.0,0.0,0.0,85.96771958191373,36964,0,0,0,35,SALT LAKE
1489,350584,393.0,798.8936293599986,2.0328082172010142,628.0,44.0,121.0,463.0,656.9891147427384,44.0,0.0,68.0,53.0,95.0,54.0,65.0,249.0,0.0,0.0,0.0,28.98911474273835,33860,0,0,0,35,SALT LAKE
1490,350585,0.0,0.0,0.0,26.0,0.0,26.0,0.0,26.0,0.0,0.0,26.0,0.0,0.0,0.0,0.0,0.0,0.0,0.0,0.0,0.0,73990,0,0,0,35,SALT LAKE
1491,350586,5.0,9.814418051105632,1.962883610221127,948.0,106.0,642.0,200.0,948.0,106.0,0.0,273.0,369.0,5.0,86.0,12.0,97.0,0.0,0.0,0.0,0.0,73990,0,0,0,35,SALT LAKE
1492,350587,458.0,1009.9036174587696,2.2050297324427284,138.0,5.0,70.0,63.0,197.98998879798063,5.0,0.0,55.0,15.0,21.0,23.0,2.0,17.0,0.0,0.0,26.002750823735678,33.98723797424496,73990,0,0,0,35,SALT LAKE
1493,350588,36.0,62.81227552707605,1.744785431307668,1574.0,82.0,824.0,668.0,1576.998873938904,65.0,17.0,628.0,196.0,22.0,560.0,2.0,84.0,0.0,0.0,0.0,2.998873938903967,73990,0,0,0,35,SALT LAKE
1494,350589,2.0,4.907209025552817,2.4536045127764083,1379.0,178.0,127.0,1074.0,1379.0,109.0,69.0,91.0,36.0,15.0,128.0,170.0,761.0,0.0,0.0,0.0,0.0,73990,0,0,0,35,SALT LAKE
1495,350590,533.0,1429.9607100460908,2.6828531145330032,801.0,228.0,74.0,499.0,852.9867366176194,208.0,20.0,56.0,18.0,17.0,15.0,42.0,425.0,0.0,0.0,13.001375411867839,38.98536120575157,38104,0,0,0,35,SALT LAKE
1496,350591,373.0,1027.5695699507598,2.75487820362134,906.0,4.0,351.0,551.0,943.9910292601777,3.0,1.0,72.0,279.0,22.0,190.0,54.0,285.0,0.0,0.0,11.001163810042017,26.989865450135703,37045,1377,111,167,35,SALT LAKE
1497,350592,255.0,603.5867101429965,2.3670067064431235,796.0,17.0,19.0,760.0,814.9928682797251,2.0,15.0,2.0,17.0,271.0,81.0,349.0,59.0,0.0,0.0,0.0,18.992868279725126,66057,27,48,504,35,SALT LAKE
1498,350593,240.0,459.3147647917437,1.9138115199655985,7.0,5.0,0.0,2.0,24.993243633423802,5.0,0.0,0.0,0.0,0.0,1.0,1.0,0.0,0.0,0.0,0.0,17.993243633423802,55218,0,0,0,35,SALT LAKE
1499,350594,398.0,997.1448739923324,2.505389130634001,288.0,169.0,5.0,114.0,316.98911474273837,154.0,15.0,0.0,5.0,18.0,66.0,17.0,13.0,0.0,0.0,0.0,28.98911474273835,85912,0,0,0,35,SALT LAKE
1500,350595,294.0,737.0627956380331,2.5070163116939903,0.0,0.0,0.0,0.0,21.99174221862909,0.0,0.0,0.0,0.0,0.0,0.0,0.0,0.0,0.0,0.0,0.0,21.99174221862909,62937,0,0,0,35,SALT LAKE
1501,350596,456.0,1154.1755628100225,2.5310867605482947,199.0,1.0,0.0,198.0,251.98972934620187,1.0,0.0,0.0,0.0,6.0,97.0,2.0,93.0,0.0,0.0,20.002116018258214,32.98761332794364,106825,406,0,0,35,SALT LAKE
1502,350597,555.0,1566.3811209564592,2.8223083260476742,330.0,104.0,15.0,211.0,370.98461049835424,53.0,51.0,3.0,12.0,19.0,53.0,47.0,92.0,0.0,0.0,0.0,40.98461049835422,96711,513,0,0,35,SALT LAKE
1503,350598,402.0,1068.7901257654034,2.6586819048890638,982.0,605.0,0.0,377.0,1010.9891147427384,475.0,130.0,0.0,0.0,40.0,18.0,48.0,271.0,0.0,0.0,0.0,28.98911474273835,106978,0,0,0,35,SALT LAKE
1504,350599,764.0,2056.12058170663,2.6912573058987306,97.0,5.0,0.0,92.0,152.97898019287405,5.0,0.0,0.0,0.0,18.0,50.0,5.0,19.0,0.0,0.0,0.0,55.97898019287405,106986,295,0,0,35,SALT LAKE
1505,350600,340.0,625.1784298554288,1.8387600878100847,174.0,45.0,4.0,125.0,198.99061615753305,17.0,28.0,0.0,4.0,6.0,41.0,0.0,78.0,0.0,0.0,0.0,24.99061615753306,55182,324,0,0,35,SALT LAKE
1506,350601,319.0,690.9350307978366,2.165940535416416,503.0,25.0,10.0,468.0,525.9913668649305,25.0,0.0,10.0,0.0,194.0,52.0,1.0,221.0,0.0,0.0,0.0,22.991366864930416,49157,0,0,0,35,SALT LAKE
1507,350602,203.0,465.203415622407,2.2916424414896897,1293.0,204.0,44.0,1045.0,1307.99436969452,106.0,98.0,7.0,37.0,259.0,117.0,149.0,520.0,0.0,0.0,0.0,14.994369694519836,46273,0,0,0,35,SALT LAKE
1508,350603,454.0,1177.730166132676,2.594119308662282,309.0,69.0,19.0,221.0,341.9876133279436,68.0,1.0,4.0,15.0,18.0,95.0,39.0,69.0,0.0,0.0,0.0,32.98761332794364,90985,0,0,0,35,SALT LAKE
1509,350604,355.0,885.2605082097282,2.4936915724217696,10.0,0.0,0.0,10.0,35.99024080383438,0.0,0.0,0.0,0.0,0.0,7.0,0.0,3.0,0.0,0.0,0.0,25.990240803834386,106530,0,0,0,35,SALT LAKE
1510,350605,272.0,675.2319619160676,2.4824704482208366,119.0,2.0,2.0,115.0,138.99249292602644,2.0,0.0,0.0,2.0,8.0,3.0,36.0,68.0,0.0,0.0,0.0,19.992492926026447,71881,0,0,0,35,SALT LAKE
1511,350606,356.0,933.3511566601458,2.6217729119667017,412.0,142.0,6.0,264.0,437.9902408038344,134.0,8.0,4.0,2.0,58.0,36.0,9.0,161.0,0.0,0.0,0.0,25.990240803834386,51794,0,0,0,35,SALT LAKE
1512,350607,371.0,992.2376649667796,2.674495053818813,222.0,20.0,0.0,202.0,248.9898654501357,11.0,9.0,0.0,0.0,11.0,1.0,47.0,143.0,0.0,0.0,0.0,26.989865450135703,74894,0,0,0,35,SALT LAKE
1513,350608,593.0,1359.2969000781302,2.292237605528044,272.0,173.0,7.0,92.0,314.98385979095684,172.0,1.0,0.0,7.0,35.0,0.0,5.0,52.0,0.0,0.0,0.0,42.98385979095686,52063,0,0,0,35,SALT LAKE
1514,350609,302.0,649.714474983193,2.151372433719182,405.0,13.0,8.0,384.0,426.9917422186291,13.0,0.0,8.0,0.0,88.0,47.0,26.0,223.0,0.0,0.0,0.0,21.99174221862909,41199,0,0,0,35,SALT LAKE
1515,350610,383.0,838.1513015644211,2.188384599384912,397.0,80.0,26.0,291.0,446.99181771652104,61.0,19.0,25.0,1.0,18.0,59.0,28.0,186.0,0.0,0.0,22.002327620084035,27.989490096437027,81057,0,0,0,35,SALT LAKE
1516,350611,262.0,592.7908502867803,2.262560497277787,832.0,259.0,36.0,537.0,850.9928682797251,197.0,62.0,0.0,36.0,18.0,4.0,267.0,248.0,0.0,0.0,0.0,18.992868279725126,56355,0,0,0,35,SALT LAKE
1517,350612,242.0,576.1063395999007,2.3806047090904987,366.0,44.0,0.0,322.0,383.9932436334238,5.0,39.0,0.0,0.0,12.0,44.0,28.0,238.0,0.0,0.0,0.0,17.993243633423802,121244,0,0,0,35,SALT LAKE
1518,350613,258.0,694.8607980182788,2.6932589070475923,58.0,0.0,0.0,58.0,76.99286827972513,0.0,0.0,0.0,0.0,2.0,1.0,0.0,55.0,0.0,0.0,0.0,18.992868279725126,76631,0,0,0,35,SALT LAKE
1519,350614,540.0,1446.6452207329703,2.678972630986982,916.0,155.0,44.0,717.0,969.9864670648336,52.0,103.0,11.0,33.0,19.0,226.0,106.0,366.0,0.0,0.0,14.00148121278075,39.984985852052894,60917,0,726,0,35,SALT LAKE
1520,350615,355.0,938.2583656856984,2.6429813117907,66.0,17.0,0.0,49.0,91.99024080383438,5.0,12.0,0.0,0.0,2.0,10.0,23.0,14.0,0.0,0.0,0.0,25.990240803834386,60952,0,0,0,35,SALT LAKE
1521,350616,671.0,1861.7951042947384,2.774657383449685,615.0,48.0,247.0,320.0,671.982454076068,10.0,38.0,10.0,237.0,8.0,58.0,73.0,181.0,0.0,0.0,8.000846407303285,48.9816076687648,86077,0,0,0,35,SALT LAKE
1522,350617,453.0,1055.0499404938555,2.3290285662116017,1048.0,30.0,15.0,1003.0,1080.9876133279436,1.0,29.0,15.0,0.0,256.0,121.0,221.0,405.0,0.0,0.0,0.0,32.98761332794364,52063,0,0,0,35,SALT LAKE
1523,350618,456.0,1081.5488692318409,2.3718176956838617,326.0,51.0,2.0,273.0,358.9876133279436,9.0,42.0,0.0,2.0,87.0,6.0,29.0,151.0,0.0,0.0,0.0,32.98761332794364,41199,0,0,0,35,SALT LAKE
1524,350619,254.0,590.8279666765591,2.326094356994327,1122.0,29.0,0.0,1093.0,1140.9928682797251,0.0,29.0,0.0,0.0,100.0,74.0,897.0,22.0,0.0,0.0,0.0,18.992868279725126,81057,398,0,0,35,SALT LAKE
1525,350620,635.0,1494.735869183388,2.3539147546195083,2003.0,121.0,765.0,1117.0,2048.9827337298607,96.0,25.0,4.0,761.0,71.0,303.0,221.0,522.0,0.0,0.0,0.0,45.98273372986083,49685,0,0,0,35,SALT LAKE
1526,350621,201.0,457.3518811815225,2.2753824934404103,113.0,11.0,0.0,102.0,127.99436969451983,0.0,11.0,0.0,0.0,12.0,62.0,10.0,18.0,0.0,0.0,0.0,14.994369694519836,121244,654,0,0,35,SALT LAKE
1527,350622,231.0,619.2897790247655,2.6809081343063443,0.0,0.0,0.0,0.0,16.99361898712248,0.0,0.0,0.0,0.0,0.0,0.0,0.0,0.0,0.0,0.0,0.0,16.99361898712248,76631,0,0,0,35,SALT LAKE
1528,350623,360.0,961.812969008352,2.671702691689867,226.0,17.0,0.0,209.0,251.99024080383438,17.0,0.0,0.0,0.0,4.0,4.0,25.0,176.0,0.0,0.0,0.0,25.990240803834386,124702,0,0,0,35,SALT LAKE
1529,350624,434.0,1188.526025988892,2.7385392303891525,39.0,24.0,0.0,15.0,70.98798868164232,24.0,0.0,0.0,0.0,3.0,0.0,6.0,6.0,0.0,0.0,0.0,31.98798868164232,53280,0,0,0,35,SALT LAKE
1530,350625,668.0,1835.2961755567533,2.7474493646059184,1238.0,0.0,60.0,1178.0,1286.9816076687648,0.0,0.0,0.0,60.0,21.0,942.0,8.0,207.0,0.0,0.0,0.0,48.9816076687648,108749,470,840,2138,35,SALT LAKE
1531,350626,825.0,2232.7801066265315,2.7064001292442805,720.0,314.0,7.0,399.0,779.9774787780793,198.0,116.0,2.0,5.0,93.0,110.0,10.0,186.0,0.0,0.0,0.0,59.97747877807935,117068,0,0,0,35,SALT LAKE
1532,350627,600.0,1220.913605557541,2.034856009262568,583.0,48.0,130.0,405.0,627.9864896964618,48.0,0.0,36.0,94.0,85.0,49.0,1.0,270.0,1.0030052592036065,0.0,0.0,43.98348443725818,38438,0,0,0,35,SALT LAKE
1533,350628,0.0,0.0,0.0,480.0,0.0,305.0,175.0,480.0,0.0,0.0,86.0,219.0,101.0,19.0,0.0,55.0,0.0,0.0,0.0,0.0,38438,0,0,0,35,SALT LAKE
1534,350629,767.0,1689.0613465952797,2.202166032066857,845.0,109.0,303.0,433.0,1107.0007751809337,108.0,1.0,155.0,148.0,5.0,40.0,9.0,379.0,0.0,0.0,206.0217949880596,55.97898019287405,38438,0,0,0,35,SALT LAKE
1535,350630,773.0,1630.1748382886458,2.1088937105933323,596.0,47.0,49.0,500.0,663.9797686492175,33.0,14.0,16.0,33.0,4.0,15.0,3.0,478.0,0.0,0.0,11.001163810042017,56.978604839175375,38438,0,0,0,35,SALT LAKE
1536,350631,597.0,1437.8122444869753,2.4083957194086687,1168.0,115.0,168.0,885.0,1211.983484437258,113.0,2.0,86.0,82.0,50.0,125.0,3.0,707.0,0.0,0.0,0.0,43.98348443725818,49408,0,0,0,35,SALT LAKE
1537,350632,543.0,1339.668063975919,2.467160338813847,170.0,0.0,12.0,158.0,209.9849858520529,0.0,0.0,1.0,11.0,25.0,20.0,24.0,89.0,0.0,0.0,0.0,39.984985852052894,49629,0,0,0,35,SALT LAKE
1538,350633,916.0,2277.926429661617,2.486819246355477,292.0,21.0,79.0,192.0,373.97643831588226,21.0,0.0,7.0,72.0,21.0,20.0,91.0,60.0,0.0,0.0,15.00158701369366,66.9748513021886,48753,0,0,0,35,SALT LAKE
1539,350634,519.0,1235.6352326341992,2.3808000628789965,1163.0,252.0,15.0,896.0,1202.421983248755,252.0,0.0,9.0,6.0,125.0,70.0,343.0,358.0,0.0,1.436246689304597,0.0,37.98573655945025,45123,567,0,0,35,SALT LAKE
1540,350635,532.0,1198.340444039998,2.252519631654132,860.0,22.0,81.0,757.0,900.4216078950562,18.0,4.0,72.0,9.0,224.0,45.0,185.0,303.0,0.0,1.436246689304597,0.0,38.98536120575157,45123,0,0,0,35,SALT LAKE
1541,350636,494.0,1086.4560782573935,2.1993038021404727,587.0,179.0,21.0,387.0,622.9864872668476,152.0,27.0,1.0,20.0,78.0,24.0,11.0,274.0,0.0,0.0,0.0,35.986487266847604,62849,0,0,0,35,SALT LAKE
1542,350637,280.0,628.1227552707605,2.2432955545384305,4165.0,77.0,62.0,4026.0,4184.992492926027,16.0,61.0,9.0,53.0,733.0,2440.0,79.0,774.0,0.0,0.0,0.0,19.992492926026447,62849,0,0,0,35,SALT LAKE
1543,350638,328.0,740.9885628584753,2.259111472129498,282.0,53.0,53.0,176.0,307.99700202963896,14.0,39.0,2.0,51.0,16.0,19.0,34.0,107.0,2.006010518407213,0.0,0.0,23.990991511231737,50696,0,0,0,35,SALT LAKE
1544,350639,398.0,905.87078611705,2.2760572515503767,137.0,8.0,7.0,122.0,188.99154816373527,8.0,0.0,1.0,6.0,7.0,29.0,47.0,39.0,0.0,0.0,23.002433420996944,28.98911474273835,50696,0,0,0,35,SALT LAKE
1545,350640,230.0,506.4239714370507,2.2018433540741333,2933.0,11.0,50.0,2872.0,2949.9936189871223,5.0,6.0,1.0,49.0,24.0,461.0,2124.0,263.0,0.0,0.0,0.0,16.99361898712248,64742,0,0,0,35,SALT LAKE
1546,350641,331.0,942.1841329061408,2.8464777429188546,23.0,1.0,1.0,21.0,46.99099151123174,1.0,0.0,0.0,1.0,2.0,1.0,11.0,7.0,0.0,0.0,0.0,23.990991511231737,78750,0,0,0,35,SALT LAKE
1547,350642,260.0,726.2669357818169,2.793334368391603,423.0,139.0,59.0,225.0,467.9956191034608,33.0,106.0,18.0,41.0,36.0,20.0,110.0,59.0,0.0,0.0,26.002750823735678,18.992868279725126,59820,0,0,0,35,SALT LAKE
1548,350643,392.0,676.2134037211781,1.7250341931662707,1280.0,65.0,52.0,1163.0,1308.9891147427384,39.0,26.0,0.0,52.0,145.0,33.0,166.0,819.0,0.0,0.0,0.0,28.98911474273835,62016,0,0,0,35,SALT LAKE
1549,350644,1268.0,2376.0706101726737,1.8738727209563677,2236.0,840.0,83.0,1313.0,2343.9666791197164,817.0,23.0,2.0,81.0,156.0,120.0,338.0,699.0,0.0,0.0,15.00158701369366,92.96509210602298,47981,0,0,0,35,SALT LAKE
1550,350645,109.0,231.62026600609292,2.124956568863238,331.0,40.0,9.0,282.0,338.99699717041057,40.0,0.0,0.0,9.0,30.0,48.0,119.0,85.0,0.0,0.0,0.0,7.996997170410579,64742,0,0,0,35,SALT LAKE
1551,350646,687.0,1663.5438596624049,2.421461222216019,2780.0,601.0,132.0,2047.0,2831.9872428334734,506.0,95.0,5.0,127.0,201.0,291.0,467.0,1088.0,2.006010518407213,0.0,0.0,49.98123231506612,55224,0,0,0,35,SALT LAKE
1552,350647,677.0,1697.8943228412743,2.5079679805631825,1.0,0.0,0.0,1.0,50.98123231506612,0.0,0.0,0.0,0.0,0.0,0.0,0.0,1.0,0.0,0.0,0.0,49.98123231506612,78750,0,0,0,35,SALT LAKE
1553,350648,385.0,1018.7365937047648,2.646069074557831,468.0,2.0,7.0,459.0,495.989490096437,2.0,0.0,5.0,2.0,44.0,24.0,128.0,263.0,0.0,0.0,0.0,27.989490096437027,59820,0,0,0,35,SALT LAKE
1554,350649,628.0,1785.2426434961146,2.8427430628919024,258.0,1.0,0.0,257.0,303.98273372986085,1.0,0.0,0.0,0.0,32.0,207.0,7.0,11.0,0.0,0.0,0.0,45.98273372986083,143361,397,603,0,35,SALT LAKE
1555,350650,456.0,1286.6702064999486,2.8216451896928696,360.0,17.0,0.0,343.0,392.9876133279436,0.0,17.0,0.0,0.0,74.0,3.0,180.0,86.0,0.0,0.0,0.0,32.98761332794364,146175,0,0,0,35,SALT LAKE
1556,350651,252.0,564.329037938574,2.2394009442006904,51.0,1.0,11.0,39.0,68.9932436334238,1.0,0.0,0.0,11.0,3.0,0.0,5.0,31.0,0.0,0.0,0.0,17.993243633423802,59906,0,0,0,35,SALT LAKE
1557,350652,879.0,3503.747244244711,3.986060573657237,39.0,1.0,27.0,11.0,102.97597736328464,1.0,0.0,0.0,27.0,2.0,6.0,1.0,2.0,0.0,0.0,0.0,63.97597736328464,66195,0,0,0,35,SALT LAKE
1558,350653,241.0,831.2812089286472,3.449299622110569,640.0,74.0,449.0,117.0,657.9932436334238,43.0,31.0,317.0,132.0,3.0,42.0,4.0,68.0,0.0,0.0,0.0,17.993243633423802,58960,0,0,0,35,SALT LAKE
1559,350654,994.0,3527.301847567365,3.5485934080154578,68.0,0.0,0.0,68.0,140.97259917999654,0.0,0.0,0.0,0.0,0.0,46.0,21.0,1.0,0.0,0.0,0.0,72.97259917999654,47504,724,0,0,35,SALT LAKE
1560,350655,946.0,3135.70656732825,3.314700388296248,107.0,0.0,0.0,107.0,175.97410059479125,0.0,0.0,0.0,0.0,3.0,81.0,9.0,14.0,0.0,0.0,0.0,68.97410059479125,47848,637,0,0,35,SALT LAKE
1561,350656,408.0,1387.7587124263366,3.4013693932018056,197.0,16.0,1.0,180.0,226.98873938903967,11.0,5.0,0.0,1.0,7.0,155.0,12.0,6.0,0.0,0.0,0.0,29.988739389039672,50979,0,565,0,35,SALT LAKE
1562,350657,735.0,2925.678021034589,3.9805143143327744,618.0,8.0,10.0,600.0,674.9887466778822,8.0,0.0,3.0,7.0,8.0,376.0,0.0,216.0,3.009015777610819,0.0,0.0,53.97973090027141,66086,428,710,0,35,SALT LAKE
1563,350658,888.0,3278.0156290692817,3.6914590417446864,375.0,103.0,1.0,271.0,439.97560200958594,48.0,55.0,1.0,0.0,0.0,28.0,83.0,160.0,0.0,0.0,0.0,64.97560200958596,85020,0,0,0,35,SALT LAKE
1564,350659,609.0,2474.2147906837304,4.062750066804155,158.0,64.0,18.0,76.0,202.9831090835595,1.0,63.0,0.0,18.0,2.0,67.0,1.0,6.0,0.0,0.0,0.0,44.98310908355951,69902,342,0,0,35,SALT LAKE
1565,350660,641.0,2409.439631546433,3.7588761802596458,0.0,0.0,0.0,0.0,46.98235837616215,0.0,0.0,0.0,0.0,0.0,0.0,0.0,0.0,0.0,0.0,0.0,46.98235837616215,66698,0,0,0,35,SALT LAKE
1566,350661,364.0,1369.1113181292358,3.761294830025373,335.0,32.0,2.0,301.0,361.9898654501357,0.0,32.0,0.0,2.0,0.0,277.0,5.0,19.0,0.0,0.0,0.0,26.989865450135703,73196,0,0,2265,35,SALT LAKE
1567,350662,475.0,1465.2926150300711,3.0848265579580447,102.0,27.0,1.0,74.0,136.98686262054628,0.0,27.0,0.0,1.0,18.0,43.0,0.0,13.0,0.0,0.0,0.0,34.98686262054628,47310,346,0,0,35,SALT LAKE
1568,350663,254.0,828.3368835133155,3.2611688327295885,620.0,156.0,30.0,434.0,638.9928682797251,116.0,40.0,24.0,6.0,2.0,89.0,1.0,342.0,0.0,0.0,0.0,18.992868279725126,51187,0,0,0,35,SALT LAKE
1569,350664,371.0,1135.528168512922,3.0607228261803825,351.0,131.0,1.0,219.0,377.9898654501357,127.0,4.0,1.0,0.0,4.0,10.0,1.0,204.0,0.0,0.0,0.0,26.989865450135703,37570,0,0,0,35,SALT LAKE
1570,350665,422.0,1686.117021179948,3.995537964881393,738.0,190.0,0.0,548.0,768.988364035341,127.0,63.0,0.0,0.0,1.0,17.0,8.0,522.0,0.0,0.0,0.0,30.988364035341,77608,574,0,0,35,SALT LAKE
1571,350666,729.0,2410.421073351544,3.306476095132433,130.0,1.0,16.0,113.0,182.9801062539701,1.0,0.0,0.0,16.0,2.0,45.0,2.0,64.0,0.0,0.0,0.0,52.980106253970085,74875,0,0,0,35,SALT LAKE
1572,350667,442.0,1416.2205247745428,3.204118834331545,0.0,0.0,0.0,0.0,31.98798868164232,0.0,0.0,0.0,0.0,0.0,0.0,0.0,0.0,0.0,0.0,0.0,31.98798868164232,64459,0,0,0,35,SALT LAKE
1573,350668,271.0,846.0028360053057,3.1217816826764047,2098.0,111.0,2.0,1985.0,2119.9985034444335,63.0,48.0,1.0,1.0,127.0,677.0,181.0,1000.0,2.006010518407213,0.0,0.0,19.992492926026447,58856,0,0,0,35,SALT LAKE
1574,350669,269.0,744.9143300789176,2.7691982530814783,0.0,0.0,0.0,0.0,19.992492926026447,0.0,0.0,0.0,0.0,0.0,0.0,0.0,0.0,0.0,0.0,0.0,19.992492926026447,65114,0,0,0,35,SALT LAKE
1575,350670,367.0,1120.8065414362634,3.053968777755486,916.0,174.0,42.0,700.0,942.9898654501357,130.0,44.0,3.0,39.0,31.0,72.0,84.0,513.0,0.0,0.0,0.0,26.989865450135703,69166,447,0,0,35,SALT LAKE
1576,350671,510.0,1477.0699166913978,2.8962155229243094,349.0,113.0,4.0,232.0,385.98611191314893,85.0,28.0,2.0,2.0,6.0,87.0,3.0,136.0,0.0,0.0,0.0,36.98611191314893,56691,430,0,0,35,SALT LAKE
1577,350672,1405.0,2961.00992601857,2.107480374390441,4158.0,566.0,601.0,2991.0,4260.961338569036,563.0,3.0,437.0,164.0,2292.0,18.0,8.0,673.0,0.0,0.0,0.0,102.96133856903622,41323,0,0,0,35,SALT LAKE
1578,350673,623.0,1275.8743466437322,2.0479524023173874,6.0,0.0,0.0,6.0,51.98273372986083,0.0,0.0,0.0,0.0,0.0,0.0,0.0,6.0,0.0,0.0,0.0,45.98273372986083,41142,0,0,0,35,SALT LAKE
1579,350674,303.0,888.2048336250598,2.9313690878714844,0.0,0.0,0.0,0.0,21.99174221862909,0.0,0.0,0.0,0.0,0.0,0.0,0.0,0.0,0.0,0.0,0.0,21.99174221862909,65114,0,0,0,35,SALT LAKE
1580,350675,160.0,500.5353206063873,3.1283457537899206,1883.0,57.0,45.0,1781.0,1894.9954957556158,30.0,27.0,0.0,45.0,0.0,1765.0,9.0,7.0,0.0,0.0,0.0,11.995495755615869,60975,0,0,0,35,SALT LAKE
1581,350676,753.0,2179.7822491505613,2.8947971436262434,205.0,99.0,0.0,106.0,259.9793555465727,29.0,70.0,0.0,0.0,5.0,87.0,1.0,13.0,0.0,0.0,0.0,54.979355546572734,73963,0,1218,0,35,SALT LAKE
1582,350677,1365.0,3256.423909356849,2.385658541653369,189.0,13.0,8.0,168.0,288.9624646301322,2.0,11.0,1.0,7.0,94.0,35.0,5.0,34.0,0.0,0.0,0.0,99.96246463013225,35964,0,0,0,35,SALT LAKE
1583,350678,263.0,840.1141851746422,3.194350513972024,581.0,198.0,2.0,381.0,599.9928682797251,129.0,69.0,1.0,1.0,1.0,14.0,134.0,232.0,0.0,0.0,0.0,18.992868279725126,78846,0,0,0,35,SALT LAKE
1584,350679,214.0,694.8607980182788,3.2470130748517705,0.0,0.0,0.0,0.0,15.99399434082116,0.0,0.0,0.0,0.0,0.0,0.0,0.0,0.0,0.0,0.0,0.0,15.99399434082116,79994,0,0,0,35,SALT LAKE
1585,350680,727.0,2401.5880971055485,3.3034224169264768,47.0,3.0,0.0,44.0,99.98010625397009,3.0,0.0,0.0,0.0,1.0,20.0,1.0,22.0,0.0,0.0,0.0,52.980106253970085,77028,520,0,0,35,SALT LAKE
1586,350681,283.0,846.9842778104162,2.992877306750587,242.0,18.0,10.0,214.0,270.9929639796311,17.0,1.0,3.0,7.0,4.0,3.0,69.0,138.0,0.0,0.0,8.000846407303285,20.99211757232777,83761,0,0,0,35,SALT LAKE
1587,350682,500.0,1528.1048905571472,3.0562097811142945,210.0,6.0,5.0,199.0,246.98611191314893,1.0,5.0,0.0,5.0,3.0,54.0,8.0,134.0,0.0,0.0,0.0,36.98611191314893,72190,0,0,0,35,SALT LAKE
1588,350683,464.0,1322.9835532890393,2.851257657950516,115.0,7.0,0.0,108.0,148.98723797424498,1.0,6.0,0.0,0.0,3.0,0.0,29.0,76.0,0.0,0.0,0.0,33.98723797424496,68224,0,0,0,35,SALT LAKE
1589,350684,760.0,2154.2647622176864,2.8345588976548504,1626.0,778.0,99.0,749.0,2145.0279660155516,310.0,468.0,29.0,70.0,37.0,92.0,163.0,457.0,0.0,0.0,463.04898582267765,55.97898019287405,46164,606,0,0,35,SALT LAKE
1590,350685,522.0,1264.0970449824056,2.421641848625298,230.0,34.0,15.0,181.0,306.98986279505374,31.0,3.0,1.0,14.0,3.0,6.0,8.0,164.0,0.0,0.0,39.004126235603515,37.98573655945025,53461,0,0,0,35,SALT LAKE
1591,350686,759.0,2060.0463489270724,2.7141585624862614,29.0,3.0,0.0,26.0,86.41522688217864,3.0,0.0,0.0,0.0,14.0,1.0,0.0,11.0,0.0,1.436246689304597,0.0,55.97898019287405,75254,0,0,0,35,SALT LAKE
1592,350687,391.0,990.2747813565584,2.532672075080712,388.0,45.0,7.0,336.0,416.98911474273837,0.0,45.0,3.0,4.0,161.0,22.0,72.0,81.0,0.0,0.0,0.0,28.98911474273835,37528,0,0,0,35,SALT LAKE
1593,350688,238.0,625.1784298554288,2.626800125442978,0.0,0.0,0.0,0.0,16.99361898712248,0.0,0.0,0.0,0.0,0.0,0.0,0.0,0.0,0.0,0.0,0.0,16.99361898712248,55258,0,0,0,35,SALT LAKE
1594,350689,75.0,282.65523987184224,3.768736531624563,624.0,101.0,4.0,519.0,628.9981232315066,10.0,91.0,0.0,4.0,0.0,119.0,55.0,345.0,0.0,0.0,0.0,4.998123231506612,62034,0,0,0,35,SALT LAKE
1595,350690,364.0,1206.1919784808824,3.313714226595831,206.0,44.0,10.0,152.0,232.9898654501357,40.0,4.0,0.0,10.0,1.0,1.0,6.0,144.0,0.0,0.0,0.0,26.989865450135703,64390,0,0,0,35,SALT LAKE
1596,350691,326.0,1087.437520062504,3.33569791430216,15.0,10.0,0.0,5.0,38.99099151123174,1.0,9.0,0.0,0.0,0.0,0.0,2.0,3.0,0.0,0.0,0.0,23.990991511231737,67650,0,0,0,35,SALT LAKE
1597,350692,267.0,840.1141851746422,3.1464950755604577,13.0,9.0,0.0,4.0,32.99249292602644,9.0,0.0,0.0,0.0,3.0,0.0,0.0,1.0,0.0,0.0,0.0,19.992492926026447,83761,0,0,0,35,SALT LAKE
1598,350693,499.0,1289.6145319152802,2.5843978595496595,332.0,17.0,1.0,314.0,368.98611191314893,13.0,4.0,0.0,1.0,0.0,288.0,21.0,5.0,0.0,0.0,0.0,36.98611191314893,51667,751,21,1876,35,SALT LAKE
1599,350694,376.0,1138.4724939282537,3.027852377468759,694.0,98.0,126.0,470.0,721.9894900964371,91.0,7.0,0.0,126.0,4.0,4.0,22.0,440.0,0.0,0.0,0.0,27.989490096437027,62357,0,0,0,35,SALT LAKE
1600,350695,941.0,2818.700864277538,2.995431311665821,1968.0,348.0,108.0,1512.0,2036.9741005947913,301.0,47.0,2.0,106.0,26.0,84.0,451.0,951.0,0.0,0.0,0.0,68.97410059479125,51097,0,0,0,35,SALT LAKE
1601,350696,1002.0,2985.5459711463336,2.979586797551231,165.0,32.0,0.0,133.0,237.97259917999654,15.0,17.0,0.0,0.0,3.0,46.0,19.0,65.0,0.0,0.0,0.0,72.97259917999654,80135,541,0,0,35,SALT LAKE
1602,350697,603.0,1748.929296707024,2.9003802598789785,102.0,0.0,0.0,102.0,145.98348443725817,0.0,0.0,0.0,0.0,3.0,93.0,2.0,4.0,0.0,0.0,0.0,43.98348443725818,80682,0,1129,0,35,SALT LAKE
1603,350698,294.0,841.0956269797528,2.860869479522969,58.0,0.0,0.0,58.0,79.99174221862908,0.0,0.0,0.0,0.0,6.0,1.0,41.0,10.0,0.0,0.0,0.0,21.99174221862909,53825,0,0,0,35,SALT LAKE
1604,350699,563.0,1586.0099570586704,2.817069195486093,2468.0,972.0,4.0,1492.0,2508.9846104983544,358.0,614.0,0.0,4.0,367.0,47.0,109.0,969.0,0.0,0.0,0.0,40.98461049835422,53825,0,0,0,35,SALT LAKE
1605,350700,765.0,1973.6794700773428,2.5799731634997944,1412.0,462.0,2.0,948.0,1467.9789801928741,362.0,100.0,2.0,0.0,80.0,77.0,518.0,273.0,0.0,0.0,0.0,55.97898019287405,54653,0,0,0,35,SALT LAKE
1606,350701,433.0,1324.9464368992606,3.059922487065267,105.0,1.0,0.0,104.0,136.98798868164232,0.0,1.0,0.0,0.0,1.0,102.0,0.0,1.0,0.0,0.0,0.0,31.98798868164232,65090,698,0,0,35,SALT LAKE
1607,350702,115.0,341.54174817847604,2.9699282450302262,214.0,2.0,30.0,182.0,221.99699717041057,2.0,0.0,14.0,16.0,79.0,57.0,9.0,37.0,0.0,0.0,0.0,7.996997170410579,83027,748,0,0,35,SALT LAKE
1608,350703,508.0,1418.183408384764,2.7916996228046536,0.0,0.0,0.0,0.0,36.98611191314893,0.0,0.0,0.0,0.0,0.0,0.0,0.0,0.0,0.0,0.0,0.0,36.98611191314893,45908,0,0,0,35,SALT LAKE
1609,350704,635.0,2042.3803964350825,3.2163470810001296,263.0,1.0,6.0,256.0,308.98273372986085,1.0,0.0,1.0,5.0,3.0,48.0,154.0,51.0,0.0,0.0,0.0,45.98273372986083,80018,483,0,0,35,SALT LAKE
1610,350705,447.0,1288.6330901101696,2.8828480763091044,0.0,0.0,0.0,0.0,32.98761332794364,0.0,0.0,0.0,0.0,0.0,0.0,0.0,0.0,0.0,0.0,0.0,32.98761332794364,104764,0,0,0,35,SALT LAKE
1611,350706,568.0,1827.444641115869,3.217332114640614,46.0,0.0,0.0,46.0,87.98423514465554,0.0,0.0,0.0,0.0,3.0,0.0,34.0,9.0,0.0,0.0,0.0,41.98423514465554,82610,0,0,0,35,SALT LAKE
1612,350707,238.0,750.8029809095809,3.154634373569668,751.0,1.0,0.0,750.0,768.9966242463261,1.0,0.0,0.0,0.0,621.0,0.0,108.0,21.0,1.0030052592036065,0.0,0.0,16.99361898712248,93494,0,0,0,35,SALT LAKE
1613,350708,494.0,1279.8001138641746,2.5906884896035924,656.0,5.0,104.0,547.0,691.9864872668476,5.0,0.0,7.0,97.0,158.0,29.0,157.0,203.0,0.0,0.0,0.0,35.986487266847604,91804,0,0,0,35,SALT LAKE
1614,350709,329.0,946.109900126583,2.8757139821476687,562.0,7.0,70.0,485.0,585.9909915112318,7.0,0.0,11.0,59.0,147.0,2.0,168.0,168.0,0.0,0.0,0.0,23.990991511231737,88816,0,0,0,35,SALT LAKE
1615,350710,6.0,13.740185271547888,2.2900308785913146,2083.0,305.0,1158.0,620.0,2084.4362466893044,151.0,154.0,626.0,532.0,173.0,24.0,21.0,402.0,0.0,1.436246689304597,0.0,0.0,38438,0,0,0,35,SALT LAKE
1616,350711,1.0,1.0,1.0,516.0,48.0,67.0,401.0,516.0,48.0,0.0,18.0,49.0,2.0,11.0,4.0,384.0,0.0,0.0,0.0,0.0,41809,0,0,0,35,SALT LAKE
1617,350712,212.0,523.1084821239302,2.467492840207218,1272.0,294.0,216.0,762.0,1287.9939943408212,238.0,56.0,72.0,144.0,96.0,45.0,13.0,608.0,0.0,0.0,0.0,15.99399434082116,57188,0,0,0,35,SALT LAKE
1618,350713,533.0,1282.7444392795062,2.4066499798865038,702.0,49.0,320.0,333.0,1700.0868242812328,48.0,1.0,80.0,240.0,31.0,19.0,12.0,271.0,0.0,0.0,959.1014630754813,38.98536120575157,41809,0,0,0,35,SALT LAKE
1619,350714,1299.0,3112.1519640055963,2.39580597690962,311.0,3.0,92.0,216.0,405.9643413986256,2.0,1.0,42.0,50.0,39.0,16.0,3.0,158.0,0.0,0.0,0.0,94.96434139862563,41809,0,0,0,35,SALT LAKE
1620,350715,367.0,938.2583656856984,2.5565623043207046,1518.0,290.0,139.0,1089.0,2028.0409672910716,231.0,59.0,83.0,56.0,278.0,19.0,7.0,785.0,0.0,0.0,483.05110184093587,26.989865450135703,41809,0,0,0,35,SALT LAKE
1621,350716,16.0,31.406137763538027,1.962883610221127,513.0,128.0,12.0,373.0,513.9996246463013,108.0,20.0,11.0,1.0,11.0,12.0,1.0,349.0,0.0,0.0,0.0,0.9996246463013224,41809,0,0,0,35,SALT LAKE
1622,350717,325.0,734.1184702227014,2.2588260622236964,898.0,157.0,38.0,703.0,937.9926843258384,152.0,5.0,3.0,35.0,207.0,15.0,19.0,462.0,0.0,0.0,16.00169281460657,23.990991511231737,69450,0,0,0,35,SALT LAKE
1623,350718,506.0,1076.641660206288,2.127750316613217,745.0,179.0,41.0,525.0,786.9866409177134,78.0,101.0,10.0,31.0,8.0,9.0,10.0,498.0,0.0,0.0,5.000529004564553,36.98611191314893,35292,0,0,0,35,SALT LAKE
1624,350719,246.0,530.9600165648147,2.158374051076483,863.0,33.0,0.0,830.0,880.9932436334238,0.0,33.0,0.0,0.0,257.0,138.0,179.0,256.0,0.0,0.0,0.0,17.993243633423802,69450,0,0,0,35,SALT LAKE
1625,350720,735.0,1698.875764646385,2.311395598158347,744.0,1.0,3.0,740.0,797.9797309002714,0.0,1.0,3.0,0.0,258.0,101.0,157.0,224.0,0.0,0.0,0.0,53.97973090027141,41906,0,0,0,35,SALT LAKE
1626,350721,405.0,1001.0706412127746,2.4717793610191965,825.0,20.0,146.0,659.0,895.993077226469,12.0,8.0,81.0,65.0,92.0,188.0,2.0,377.0,0.0,0.0,41.00433783742934,29.988739389039672,57188,0,0,0,35,SALT LAKE
1627,350722,510.0,1257.2269523466316,2.46515088695418,1126.0,24.0,142.0,960.0,1465.89804160923,8.0,16.0,92.0,50.0,48.0,80.0,112.0,720.0,0.0,58.88611427333079,244.0258154227502,36.98611191314893,41809,0,0,0,35,SALT LAKE
1628,350723,535.0,1305.3176007970492,2.439845982798223,516.0,33.0,39.0,444.0,554.9853612057516,32.0,1.0,15.0,24.0,36.0,73.0,5.0,330.0,0.0,0.0,0.0,38.98536120575157,41809,0,0,0,35,SALT LAKE
1629,350724,449.0,1014.8108264843224,2.260157742726776,1718.0,81.0,140.0,1497.0,2165.0314149058886,38.0,43.0,6.0,134.0,70.0,482.0,66.0,879.0,0.0,0.0,414.04380157794503,32.98761332794364,33483,0,0,0,35,SALT LAKE
1630,350725,976.0,2130.710158895033,2.1831046709990094,520.0,2.0,1.0,517.0,590.9733498873939,2.0,0.0,0.0,1.0,24.0,17.0,41.0,435.0,0.0,0.0,0.0,70.9733498873939,64843,0,0,0,35,SALT LAKE
1631,350726,700.0,1740.0963204610289,2.4858518863728984,173.0,0.0,0.0,173.0,232.98180916958364,0.0,0.0,0.0,0.0,2.0,34.0,89.0,48.0,0.0,0.0,9.000952208216196,50.98085696136744,81081,714,0,0,35,SALT LAKE
1632,350727,363.0,846.0028360053057,2.3305863250834866,2932.0,94.0,94.0,2744.0,3042.9987527268204,74.0,20.0,41.0,53.0,1287.0,331.0,340.0,786.0,0.0,0.0,84.0088872766845,26.989865450135703,59361,0,0,0,35,SALT LAKE
1633,350728,41.0,120.71734202859928,2.94432541533169,2837.0,22.0,146.0,2669.0,2921.00744381285,11.0,11.0,97.0,49.0,1115.0,129.0,427.0,998.0,0.0,0.0,81.00856987394576,2.998873938903967,41809,0,0,0,35,SALT LAKE
1634,350729,279.0,675.2319619160676,2.4201862434267656,8759.0,316.0,0.0,8443.0,8778.992492926027,258.0,58.0,0.0,0.0,345.0,357.0,6725.0,1016.0,0.0,0.0,0.0,19.992492926026447,41809,0,0,0,35,SALT LAKE
1635,350730,193.0,542.7373182261415,2.812110457130266,398.0,200.0,0.0,198.0,411.99474504821853,52.0,148.0,0.0,0.0,13.0,46.0,16.0,123.0,0.0,0.0,0.0,13.994745048218514,39710,0,0,0,35,SALT LAKE
1636,350731,228.0,528.9971329545937,2.3201628638359373,333.0,50.0,1.0,282.0,349.9936189871225,0.0,50.0,1.0,0.0,53.0,13.0,70.0,146.0,0.0,0.0,0.0,16.99361898712248,90223,493,0,0,35,SALT LAKE
1637,350732,826.0,1816.6487812596529,2.19933266496326,661.0,0.0,3.0,658.0,720.9774787780793,0.0,0.0,1.0,2.0,73.0,33.0,202.0,350.0,0.0,0.0,0.0,59.97747877807935,59906,0,0,0,35,SALT LAKE
1638,350733,304.0,806.7451638008831,2.653766986187116,0.0,0.0,0.0,0.0,22.994747477832696,0.0,0.0,0.0,0.0,0.0,0.0,0.0,0.0,1.0030052592036065,0.0,0.0,21.99174221862909,54880,0,0,0,35,SALT LAKE
1639,350734,454.0,1145.3425865640274,2.5227810276740694,0.0,0.0,0.0,0.0,32.98761332794364,0.0,0.0,0.0,0.0,0.0,0.0,0.0,0.0,0.0,0.0,0.0,32.98761332794364,105456,0,0,0,35,SALT LAKE
1640,350735,507.0,1407.3875485285478,2.775912324513901,2515.0,155.0,15.0,2345.0,2551.9861119131488,153.0,2.0,7.0,8.0,335.0,217.0,252.0,1541.0,0.0,0.0,0.0,36.98611191314893,54736,0,0,0,35,SALT LAKE
1641,350736,0.0,0.0,0.0,859.0,84.0,49.0,726.0,859.0,18.0,66.0,45.0,4.0,40.0,161.0,1.0,524.0,0.0,0.0,0.0,0.0,83071,0,0,0,35,SALT LAKE
1642,350737,5.0,10.795859856216197,2.15917197124324,195.0,2.0,124.0,69.0,195.0,2.0,0.0,18.0,106.0,15.0,14.0,0.0,40.0,0.0,0.0,0.0,0.0,83071,0,0,0,35,SALT LAKE
1643,350738,556.0,1472.1627076658451,2.647774654075261,1263.0,641.0,128.0,494.0,1353.9899005439997,591.0,50.0,39.0,89.0,79.0,129.0,146.0,140.0,0.0,0.0,50.00529004564554,40.98461049835422,83071,0,0,1464,35,SALT LAKE
1644,350739,656.0,1581.1027480331177,2.4102176037090204,1353.0,106.0,10.0,1237.0,1446.9868498644573,68.0,38.0,5.0,5.0,202.0,140.0,68.0,827.0,0.0,0.0,46.00486684199389,47.981983022463474,40099,0,899,0,35,SALT LAKE
1645,350740,1089.0,2441.827211115082,2.242265574944979,1018.0,186.0,31.0,801.0,1099.4062183934104,120.0,66.0,4.0,27.0,73.0,87.0,81.0,560.0,0.0,1.436246689304597,0.0,79.96997170410579,59543,0,0,0,35,SALT LAKE
1646,350741,501.0,1173.804398912234,2.3429229519206265,1579.0,51.0,13.0,1515.0,1615.986111913149,13.0,38.0,1.0,12.0,121.0,57.0,216.0,1121.0,0.0,0.0,0.0,36.98611191314893,49716,329,0,0,35,SALT LAKE
1647,350742,530.0,1188.526025988892,2.2425019358280984,592.0,8.0,2.0,582.0,630.9853612057516,6.0,2.0,2.0,0.0,0.0,105.0,4.0,473.0,0.0,0.0,0.0,38.98536120575157,53257,0,0,0,35,SALT LAKE
1648,350743,640.0,1736.1705532405863,2.7127664894384163,36.0,1.0,19.0,16.0,82.98235837616215,1.0,0.0,0.0,19.0,2.0,13.0,0.0,1.0,0.0,0.0,0.0,46.98235837616215,100118,482,681,0,35,SALT LAKE
1649,350744,252.0,660.5103348394091,2.6210727572992423,1553.0,151.0,24.0,1378.0,1586.9949364480303,149.0,2.0,3.0,21.0,73.0,176.0,858.0,271.0,0.0,0.0,16.00169281460657,17.993243633423802,73990,0,0,0,35,SALT LAKE
1650,350745,335.0,876.427531963733,2.616201587951442,310.0,18.0,36.0,256.0,334.99061615753305,16.0,2.0,3.0,33.0,14.0,78.0,81.0,83.0,0.0,0.0,0.0,24.99061615753306,73990,527,0,0,35,SALT LAKE
1651,350746,459.0,1061.9200331296297,2.313551270434923,1228.0,358.0,8.0,862.0,1335.9950672418001,176.0,182.0,4.0,4.0,119.0,61.0,158.0,524.0,0.0,0.0,74.0078292675554,33.98723797424496,51572,0,0,0,35,SALT LAKE
1652,350747,639.0,1452.5338715636335,2.2731359492388634,248.0,8.0,6.0,234.0,343.98754262089477,0.0,8.0,3.0,3.0,15.0,23.0,68.0,128.0,0.0,0.0,49.005184244732625,46.98235837616215,96932,0,0,0,35,SALT LAKE
1653,350748,709.0,1482.9585675220612,2.0916199824006507,1920.0,17.0,573.0,1330.0,1971.9804816076687,8.0,9.0,76.0,497.0,166.0,594.0,73.0,497.0,0.0,0.0,0.0,51.98048160766877,57679,496,0,2210,35,SALT LAKE
1654,350749,501.0,1355.371132857688,2.7053316025103555,4.0,0.0,2.0,2.0,40.98611191314893,0.0,0.0,1.0,1.0,1.0,0.0,1.0,0.0,0.0,0.0,0.0,36.98611191314893,88816,0,0,0,35,SALT LAKE
1655,350750,0.0,0.0,0.0,0.0,0.0,0.0,0.0,0.0,0.0,0.0,0.0,0.0,0.0,0.0,0.0,0.0,0.0,0.0,0.0,0.0,55874,0,0,0,35,SALT LAKE
1656,350751,225.0,677.1948455262886,3.0097548690057274,7.0,0.0,0.0,7.0,22.99399434082116,0.0,0.0,0.0,0.0,0.0,7.0,0.0,0.0,0.0,0.0,0.0,15.99399434082116,54736,361,0,0,35,SALT LAKE
1657,350752,12.0,31.406137763538027,2.617178146961502,347.0,23.0,186.0,138.0,347.9996246463013,23.0,0.0,142.0,44.0,3.0,11.0,26.0,98.0,0.0,0.0,0.0,0.9996246463013224,50488,0,0,0,35,SALT LAKE
1658,350753,1.0,1.962883610221127,1.962883610221127,535.0,49.0,234.0,252.0,535.0,49.0,0.0,145.0,89.0,5.0,51.0,10.0,186.0,0.0,0.0,0.0,0.0,50488,0,0,0,35,SALT LAKE
1659,350754,527.0,1347.5195984168035,2.5569631848516194,1244.0,466.0,13.0,765.0,1291.9863134139678,361.0,105.0,6.0,7.0,36.0,80.0,57.0,592.0,0.0,0.0,9.000952208216196,38.98536120575157,50488,367,0,0,35,SALT LAKE
1660,350755,31.0,78.51534440884507,2.532753045446615,3952.0,2803.0,17.0,1132.0,3953.9992492926026,1907.0,896.0,12.0,5.0,171.0,163.0,258.0,540.0,0.0,0.0,0.0,1.9992492926026448,84106,0,0,0,35,SALT LAKE
1661,350756,762.0,2073.7865341986203,2.721504638055932,2045.0,123.0,39.0,1883.0,2100.978980192874,3.0,120.0,5.0,34.0,1443.0,85.0,231.0,124.0,0.0,0.0,0.0,55.97898019287405,51537,437,0,0,35,SALT LAKE
1662,350757,241.0,653.6402422036351,2.712200175118818,298.0,7.0,4.0,287.0,315.9932436334238,6.0,1.0,0.0,4.0,32.0,40.0,157.0,58.0,0.0,0.0,0.0,17.993243633423802,84106,0,0,0,35,SALT LAKE
1663,350758,344.0,909.7965533374922,2.64475742249271,1381.0,224.0,13.0,1144.0,1437.9940017867464,140.0,84.0,1.0,12.0,356.0,48.0,363.0,377.0,0.0,0.0,32.00338562921314,24.99061615753306,84441,0,0,0,35,SALT LAKE
1664,350759,589.0,1334.760854950366,2.2661474617153923,928.0,78.0,7.0,843.0,972.4201064802616,20.0,58.0,1.0,6.0,88.0,3.0,282.0,470.0,0.0,1.436246689304597,0.0,42.98385979095686,62954,0,0,0,35,SALT LAKE
1665,350760,753.0,1624.2861874579824,2.157086570329326,376.0,35.0,0.0,341.0,459.9824237730471,8.0,27.0,0.0,0.0,103.0,2.0,59.0,177.0,0.0,0.0,29.00306822647441,54.979355546572734,98114,0,0,0,35,SALT LAKE
1666,350761,267.0,722.3411685613746,2.705397635061328,0.0,0.0,0.0,0.0,19.992492926026447,0.0,0.0,0.0,0.0,0.0,0.0,0.0,0.0,0.0,0.0,0.0,19.992492926026447,55874,0,0,0,35,SALT LAKE
1667,350762,244.0,714.4896341204901,2.928236205411845,0.0,0.0,0.0,0.0,56.99736986902732,0.0,0.0,0.0,0.0,0.0,0.0,0.0,0.0,0.0,0.0,39.004126235603515,17.993243633423802,55874,0,0,0,35,SALT LAKE
1668,350763,29.0,85.38543704461901,2.94432541533169,624.0,57.0,411.0,156.0,625.9992492926026,57.0,0.0,301.0,110.0,61.0,21.0,0.0,74.0,0.0,0.0,0.0,1.9992492926026448,51755,0,0,0,35,SALT LAKE
1669,350764,497.0,1229.746581803536,2.4743391987998717,562.0,99.0,37.0,426.0,597.9864872668476,78.0,21.0,21.0,16.0,24.0,18.0,4.0,380.0,0.0,0.0,0.0,35.986487266847604,60198,0,0,0,35,SALT LAKE
1670,350765,522.0,1169.8786316917915,2.2411468040072635,156.0,5.0,0.0,151.0,193.98573655945026,5.0,0.0,0.0,0.0,33.0,0.0,16.0,102.0,0.0,0.0,0.0,37.98573655945025,58042,0,0,0,35,SALT LAKE
1671,350766,462.0,1266.0599285926266,2.740389455828196,324.0,18.0,0.0,306.0,357.987237974245,17.0,1.0,0.0,0.0,127.0,39.0,71.0,69.0,0.0,0.0,0.0,33.98723797424496,73178,0,0,0,35,SALT LAKE
1672,350767,494.0,1366.1669927139042,2.765520228165798,441.0,33.0,12.0,396.0,476.9864872668476,26.0,7.0,3.0,9.0,79.0,84.0,127.0,106.0,0.0,0.0,0.0,35.986487266847604,56575,0,0,0,35,SALT LAKE
1673,350768,490.0,1363.2226672985726,2.782087076119536,169.0,9.0,9.0,151.0,204.9864872668476,9.0,0.0,2.0,7.0,8.0,90.0,1.0,52.0,0.0,0.0,0.0,35.986487266847604,81339,650,0,0,35,SALT LAKE
1674,350769,361.0,1055.0499404938555,2.9225760124483533,534.0,65.0,232.0,237.0,559.9902408038344,45.0,20.0,207.0,25.0,8.0,78.0,47.0,104.0,0.0,0.0,0.0,25.990240803834386,110709,0,0,0,35,SALT LAKE
1675,350770,318.0,976.5345960850104,3.070863509701291,0.0,0.0,0.0,0.0,22.991366864930416,0.0,0.0,0.0,0.0,0.0,0.0,0.0,0.0,0.0,0.0,0.0,22.991366864930416,166479,587,0,0,35,SALT LAKE
1676,350771,274.0,777.3019096475662,2.836868283385278,226.0,11.0,2.0,213.0,247.42873961533104,0.0,11.0,1.0,1.0,0.0,192.0,15.0,6.0,0.0,1.436246689304597,0.0,19.992492926026447,62094,0,0,1574,35,SALT LAKE
1677,350772,429.0,1239.5609998546415,2.8894195800807494,51.0,2.0,0.0,49.0,81.988364035341,2.0,0.0,0.0,0.0,0.0,35.0,3.0,11.0,0.0,0.0,0.0,30.988364035341,117566,563,0,0,35,SALT LAKE
1678,350773,503.0,1431.9235936563118,2.846766587785908,162.0,12.0,19.0,131.0,198.98611191314893,5.0,7.0,6.0,13.0,2.0,17.0,40.0,72.0,0.0,0.0,0.0,36.98611191314893,91816,0,0,0,35,SALT LAKE
1679,350774,200.0,578.0692232101218,2.8903461160506088,12.0,0.0,0.0,12.0,26.994369694519836,0.0,0.0,0.0,0.0,0.0,0.0,0.0,12.0,0.0,0.0,0.0,14.994369694519836,99320,0,0,0,35,SALT LAKE
1680,350775,474.0,1281.7629974743957,2.704141344882691,532.0,119.0,36.0,377.0,566.9868626205463,97.0,22.0,34.0,2.0,102.0,78.0,18.0,179.0,0.0,0.0,0.0,34.98686262054628,121637,0,0,0,35,SALT LAKE
1681,350776,583.0,1669.4325104930683,2.8635206011887964,400.0,30.0,22.0,348.0,460.98576420738925,13.0,17.0,12.0,10.0,71.0,37.0,107.0,133.0,0.0,0.0,18.001904416432392,42.98385979095686,129537,0,0,0,35,SALT LAKE
1682,350777,205.0,610.4568027787705,2.977838062335465,0.0,0.0,0.0,0.0,14.994369694519836,0.0,0.0,0.0,0.0,0.0,0.0,0.0,0.0,0.0,0.0,0.0,14.994369694519836,99320,0,0,0,35,SALT LAKE
1683,350778,473.0,1104.1220307493838,2.3342960480959487,182.0,0.0,15.0,167.0,216.98686262054628,0.0,0.0,1.0,14.0,12.0,59.0,4.0,92.0,0.0,0.0,0.0,34.98686262054628,68371,528,113,0,35,SALT LAKE
1684,350779,496.0,1288.6330901101696,2.598050584899536,715.0,96.0,10.0,609.0,750.9864872668476,40.0,56.0,3.0,7.0,106.0,110.0,128.0,265.0,0.0,0.0,0.0,35.986487266847604,92545,0,0,0,35,SALT LAKE
1685,350780,707.0,1709.6716245026014,2.418205975251204,774.0,125.0,216.0,433.0,825.9804816076688,72.0,53.0,27.0,189.0,50.0,95.0,122.0,166.0,0.0,0.0,0.0,51.98048160766877,69155,0,0,0,35,SALT LAKE
1686,350781,419.0,1047.198406052971,2.499280205377019,1555.0,158.0,133.0,1264.0,1585.988364035341,65.0,93.0,93.0,40.0,214.0,346.0,187.0,517.0,0.0,0.0,0.0,30.988364035341,43977,0,895,0,35,SALT LAKE
1687,350782,343.0,940.2212492959196,2.741169823020174,0.0,0.0,0.0,0.0,24.99061615753306,0.0,0.0,0.0,0.0,0.0,0.0,0.0,0.0,0.0,0.0,0.0,24.99061615753306,142825,0,0,0,35,SALT LAKE
1688,350783,890.0,1984.4753299335591,2.2297475617231,760.0,18.0,7.0,735.0,824.9756020095859,0.0,18.0,0.0,7.0,13.0,303.0,85.0,334.0,0.0,0.0,0.0,64.97560200958596,74779,380,620,0,35,SALT LAKE
1689,350784,1021.0,2311.2954510353766,2.263756563208009,465.0,128.0,9.0,328.0,544.2805885415895,110.0,18.0,1.0,8.0,56.0,22.0,34.0,216.0,0.0,4.308740068990365,0.0,74.97184847259918,47369,0,0,0,35,SALT LAKE
1690,350785,95.0,212.97287170899224,2.241819702199918,909.0,80.0,49.0,780.0,1011.0074236108358,46.0,34.0,13.0,36.0,94.0,184.0,46.0,456.0,0.0,0.0,95.01005108672652,6.997372524109257,66454,0,0,0,35,SALT LAKE
1691,350786,190.0,508.3868550472718,2.675720289722483,69.0,1.0,5.0,63.0,350.0229938919657,1.0,0.0,0.0,5.0,2.0,1.0,15.0,45.0,0.0,0.0,267.0282488437472,13.994745048218514,97142,0,0,0,35,SALT LAKE
1692,350787,276.0,818.5224654622098,2.965661106747137,0.0,0.0,0.0,0.0,19.992492926026447,0.0,0.0,0.0,0.0,0.0,0.0,0.0,0.0,0.0,0.0,0.0,19.992492926026447,93777,0,0,0,35,SALT LAKE
1693,350788,312.0,848.9471614206373,2.720984491732812,17.0,0.0,0.0,17.0,39.99136686493041,0.0,0.0,0.0,0.0,1.0,1.0,10.0,5.0,0.0,0.0,0.0,22.991366864930416,125952,0,0,0,35,SALT LAKE
1694,350789,502.0,1410.3318739438796,2.809426043712908,185.0,10.0,31.0,144.0,221.98611191314893,10.0,0.0,0.0,31.0,10.0,63.0,3.0,68.0,0.0,0.0,0.0,36.98611191314893,111706,512,0,0,35,SALT LAKE
1695,350790,271.0,653.6402422036351,2.4119566132975465,253.0,15.0,3.0,235.0,272.99249292602644,2.0,13.0,0.0,3.0,37.0,50.0,8.0,140.0,0.0,0.0,0.0,19.992492926026447,138546,0,0,0,35,SALT LAKE
1696,350791,542.0,1160.064213640686,2.1403398775658413,149.0,8.0,0.0,141.0,188.9849858520529,8.0,0.0,0.0,0.0,8.0,1.0,117.0,15.0,0.0,0.0,0.0,39.984985852052894,63565,0,0,0,35,SALT LAKE
1697,350792,253.0,687.0092635773943,2.7154516346932582,1242.0,204.0,25.0,1013.0,1260.9928682797251,125.0,79.0,18.0,7.0,84.0,172.0,250.0,507.0,0.0,0.0,0.0,18.992868279725126,97142,447,0,0,35,SALT LAKE
1698,350793,239.0,656.5845676189668,2.7472157640960955,25.0,0.0,0.0,25.0,41.99361898712248,0.0,0.0,0.0,0.0,3.0,0.0,6.0,16.0,0.0,0.0,0.0,16.99361898712248,125952,0,0,0,35,SALT LAKE
1699,350794,99.0,290.50677431272675,2.9344118617447146,65.0,60.0,1.0,4.0,71.99737252410925,5.0,55.0,0.0,1.0,0.0,0.0,0.0,4.0,0.0,0.0,0.0,6.997372524109257,125952,0,0,0,35,SALT LAKE
1700,350795,0.0,0.0,0.0,2598.0,262.0,1.0,2335.0,2598.0,6.0,256.0,1.0,0.0,872.0,152.0,36.0,1275.0,0.0,0.0,0.0,0.0,149495,0,0,0,35,SALT LAKE
1701,350796,1219.0,4138.740092151245,3.395192856563778,241.0,81.0,25.0,135.0,329.9665935208177,80.0,1.0,2.0,23.0,0.0,41.0,0.0,94.0,0.0,0.0,0.0,88.9665935208177,80566,467,0,0,35,SALT LAKE
1702,350797,0.0,0.0,0.0,2322.0,140.0,794.0,1388.0,2344.0661157024792,37.0,103.0,172.0,622.0,15.0,367.0,12.0,994.0,22.066115702479337,0.0,0.0,0.0,55718,366,89,0,35,SALT LAKE
1703,350798,415.0,1322.0021114839287,3.18554725658778,407.0,166.0,4.0,237.0,436.98873938903967,151.0,15.0,1.0,3.0,1.0,20.0,8.0,208.0,0.0,0.0,0.0,29.988739389039672,48875,0,0,0,35,SALT LAKE
1704,350799,611.0,2061.027790732183,3.373204240150872,0.0,0.0,0.0,0.0,45.986114342763116,0.0,0.0,0.0,0.0,0.0,0.0,0.0,0.0,1.0030052592036065,0.0,0.0,44.98310908355951,98904,0,0,0,35,SALT LAKE
1705,350800,1669.0,5605.014148986427,3.358306859788153,50.0,23.0,2.0,25.0,171.95420684876132,2.0,21.0,0.0,2.0,0.0,3.0,11.0,11.0,0.0,0.0,0.0,121.95420684876132,76350,0,0,0,35,SALT LAKE
1706,350801,1283.0,3629.371795298863,2.8288166759928783,1034.0,11.0,1.0,1022.0,1127.9647167523244,1.0,10.0,1.0,0.0,329.0,212.0,17.0,464.0,0.0,0.0,0.0,93.9647167523243,48568,0,0,0,35,SALT LAKE
1707,350802,439.0,1432.9050354614224,3.26402058191668,0.0,0.0,0.0,0.0,31.98798868164232,0.0,0.0,0.0,0.0,0.0,0.0,0.0,0.0,0.0,0.0,0.0,31.98798868164232,50508,0,0,0,35,SALT LAKE
1708,350803,447.0,1378.9257361803416,3.0848450473833147,0.0,0.0,0.0,0.0,32.98761332794364,0.0,0.0,0.0,0.0,0.0,0.0,0.0,0.0,0.0,0.0,0.0,32.98761332794364,76385,0,0,0,35,SALT LAKE
1709,350804,344.0,1075.6602184011774,3.1269192395383065,20.0,0.0,0.0,20.0,44.99061615753306,0.0,0.0,0.0,0.0,0.0,0.0,16.0,4.0,0.0,0.0,0.0,24.99061615753306,104764,0,0,0,35,SALT LAKE
1710,350805,334.0,1052.105615078524,3.150016811612347,0.0,0.0,0.0,0.0,23.990991511231737,0.0,0.0,0.0,0.0,0.0,0.0,0.0,0.0,0.0,0.0,0.0,23.990991511231737,111155,0,0,0,35,SALT LAKE
1711,350806,221.0,680.1391709416204,3.07755280969059,1036.0,408.0,36.0,592.0,1081.002861483877,328.0,80.0,2.0,34.0,7.0,72.0,2.0,511.0,2.006010518407213,0.0,27.002856624648587,15.99399434082116,93494,0,0,0,35,SALT LAKE
1712,350807,877.0,2271.056337025844,2.5895739304741663,312.0,28.0,25.0,259.0,392.9777759788041,28.0,0.0,0.0,25.0,54.0,9.0,89.0,107.0,0.0,0.0,17.001798615519483,63.97597736328464,59644,0,0,0,35,SALT LAKE
1713,350808,340.0,954.942876372578,2.808655518742877,54.0,9.0,0.0,45.0,78.99061615753305,9.0,0.0,0.0,0.0,2.0,1.0,15.0,27.0,0.0,0.0,0.0,24.99061615753306,65595,0,0,0,35,SALT LAKE
1714,350809,354.0,960.8315272032416,2.714213353681473,0.0,0.0,0.0,0.0,501.0955859449902,0.0,0.0,0.0,0.0,0.0,0.0,0.0,0.0,19.05709992486852,0.0,456.0482452162873,25.990240803834386,79063,0,0,0,35,SALT LAKE
1715,350810,0.0,0.0,0.0,1.0,0.0,1.0,0.0,2.0030052592036065,0.0,0.0,0.0,1.0,0.0,0.0,0.0,0.0,1.0030052592036065,0.0,0.0,0.0,99326,0,0,0,35,SALT LAKE
1716,350811,246.0,809.6894892162147,3.2914206878707915,189.0,1.0,77.0,111.0,219.0293067438671,1.0,0.0,0.0,77.0,2.0,90.0,0.0,19.0,12.036063110443276,0.0,0.0,17.993243633423802,99326,723,0,0,35,SALT LAKE
1717,350812,26.0,86.36687884972957,3.3218030326819066,0.0,0.0,0.0,0.0,7.014275588620676,0.0,0.0,0.0,0.0,0.0,0.0,0.0,0.0,5.015026296018031,0.0,0.0,1.9992492926026448,99326,0,0,0,35,SALT LAKE
1718,350813,458.0,1587.9728406688914,3.467189608447361,196.0,1.0,31.0,164.0,229.98723797424498,1.0,0.0,0.0,31.0,14.0,87.0,0.0,63.0,0.0,0.0,0.0,33.98723797424496,99326,666,0,0,35,SALT LAKE
1719,350814,685.0,2413.3653987668754,3.52316116608303,0.0,0.0,0.0,0.0,49.98123231506612,0.0,0.0,0.0,0.0,0.0,0.0,0.0,0.0,0.0,0.0,0.0,49.98123231506612,99326,0,0,0,35,SALT LAKE
1720,350815,535.0,1467.2554986402922,2.7425336423183038,187.0,9.0,8.0,170.0,228.99437698336237,9.0,0.0,2.0,6.0,0.0,17.0,65.0,88.0,3.009015777610819,0.0,0.0,38.98536120575157,55718,0,0,0,35,SALT LAKE
1721,350816,45.0,111.88436578260422,2.4863192396134277,4476.0,2667.0,2.0,1807.0,4599.011570048453,1754.0,913.0,1.0,1.0,634.0,317.0,355.0,501.0,0.0,0.0,120.01269610954928,2.998873938903967,83407,0,0,0,35,SALT LAKE
1722,350817,708.0,2242.5945246776373,3.1675063907876235,380.0,12.0,32.0,336.0,432.9834868668724,9.0,3.0,0.0,32.0,5.0,76.0,218.0,37.0,1.0030052592036065,0.0,0.0,51.98048160766877,80953,616,0,0,35,SALT LAKE
1723,350818,695.0,2359.386099485794,3.3948001431450274,348.0,118.0,57.0,173.0,398.9808569613674,80.0,38.0,6.0,51.0,6.0,57.0,15.0,95.0,0.0,0.0,0.0,50.98085696136744,75377,560,0,0,35,SALT LAKE
1724,350819,803.0,2691.1134296131645,3.351324320813405,279.0,78.0,41.0,160.0,337.97785413177803,34.0,44.0,3.0,38.0,3.0,82.0,40.0,35.0,0.0,0.0,0.0,58.97785413177802,96192,494,0,0,35,SALT LAKE
1725,350820,1047.0,3247.590933110854,3.10180604881648,2279.0,250.0,71.0,1958.0,2356.9741030244054,135.0,115.0,0.0,71.0,84.0,236.0,122.0,1516.0,1.0030052592036065,0.0,0.0,76.97109776520183,58791,246,1094,0,35,SALT LAKE
1726,350821,1159.0,3041.488154037636,2.6242348179789783,1053.0,429.0,57.0,567.0,1151.972475606684,361.0,68.0,16.0,41.0,30.0,75.0,149.0,313.0,1.0030052592036065,0.0,13.001375411867839,84.9680949356124,77187,515,0,0,35,SALT LAKE
1727,350822,728.0,1843.147709997638,2.5317963049418104,915.0,211.0,65.0,639.0,968.9831115131738,121.0,90.0,35.0,30.0,14.0,146.0,0.0,479.0,1.0030052592036065,0.0,0.0,52.980106253970085,65595,0,0,0,35,SALT LAKE
1728,350823,795.0,2693.076313223386,3.387517375123756,141.0,10.0,13.0,118.0,247.12248192724982,10.0,0.0,10.0,3.0,37.0,6.0,2.0,73.0,48.14425244177311,0.0,0.0,57.9782294854767,79063,0,0,0,35,SALT LAKE
1729,350824,788.0,2739.204078063582,3.476147307187287,0.0,0.0,0.0,0.0,61.99025052229113,0.0,0.0,0.0,0.0,0.0,0.0,0.0,0.0,4.012021036814425,0.0,0.0,57.9782294854767,98769,0,0,0,35,SALT LAKE
1730,350825,154.0,544.7002018363627,3.5370142976387187,762.0,552.0,6.0,204.0,785.0319342197578,272.0,280.0,0.0,6.0,2.0,58.0,18.0,126.0,12.036063110443276,0.0,0.0,10.995871109314546,99326,0,0,0,35,SALT LAKE
1731,350826,724.0,2078.693743224173,2.8711239547295206,0.0,0.0,0.0,0.0,54.9861167723773,0.0,0.0,0.0,0.0,0.0,0.0,0.0,0.0,2.006010518407213,0.0,0.0,52.980106253970085,97427,0,0,0,35,SALT LAKE
1732,350827,562.0,1589.9357242791125,2.8290671250518016,260.0,1.0,13.0,246.0,300.98461049835424,1.0,0.0,0.0,13.0,1.0,92.0,1.0,152.0,0.0,0.0,0.0,40.98461049835422,97427,1150,0,0,35,SALT LAKE
1733,350828,519.0,1384.8143870110048,2.6682358131233235,493.0,92.0,84.0,317.0,536.0007628554683,85.0,7.0,3.0,81.0,5.0,76.0,5.0,231.0,5.015026296018031,0.0,0.0,37.98573655945025,97427,577,227,0,35,SALT LAKE
1734,350829,829.0,2440.845769309971,2.9443254153316896,660.0,99.0,151.0,410.0,722.9831139427879,58.0,41.0,19.0,132.0,6.0,131.0,6.0,267.0,2.006010518407213,0.0,0.0,60.977103424380665,100890,0,1361,0,35,SALT LAKE
1735,350830,488.0,1389.7215960365577,2.847790155812618,216.0,13.0,5.0,198.0,254.99550304445842,12.0,1.0,1.0,4.0,11.0,77.0,18.0,92.0,3.009015777610819,0.0,0.0,35.986487266847604,102819,781,0,0,35,SALT LAKE
1736,350831,143.0,376.8736531624563,2.635480092045149,26.0,7.0,0.0,19.0,35.99624646301322,7.0,0.0,0.0,0.0,0.0,8.0,3.0,8.0,0.0,0.0,0.0,9.996246463013224,55718,0,0,0,35,SALT LAKE
1737,350832,1.0,3.925767220442253,3.925767220442253,1120.0,93.0,533.0,494.0,1123.0090157776108,67.0,26.0,300.0,233.0,44.0,136.0,5.0,309.0,3.009015777610819,0.0,0.0,0.0,79444,0,0,0,35,SALT LAKE
1738,350833,481.0,1561.4739119309063,3.246307509211864,286.0,63.0,0.0,223.0,320.9868626205463,54.0,9.0,0.0,0.0,8.0,12.0,142.0,61.0,0.0,0.0,0.0,34.98686262054628,72021,0,0,0,35,SALT LAKE
1739,350834,681.0,2007.048491451102,2.9472077701190926,535.0,26.0,94.0,415.0,584.9812323150661,4.0,22.0,9.0,85.0,3.0,114.0,37.0,261.0,0.0,0.0,0.0,49.98123231506612,54164,1207,0,0,35,SALT LAKE
1740,350835,474.0,1475.1070330811767,3.112040154179698,638.0,104.0,208.0,326.0,672.9868626205463,102.0,2.0,97.0,111.0,9.0,29.0,221.0,67.0,0.0,0.0,0.0,34.98686262054628,67567,0,0,0,35,SALT LAKE
1741,350836,727.0,2189.5966672016666,3.0118248517216872,2390.0,772.0,829.0,789.0,2442.98010625397,745.0,27.0,9.0,820.0,12.0,519.0,19.0,239.0,0.0,0.0,0.0,52.980106253970085,74159,0,896,1795,35,SALT LAKE
1742,350837,492.0,1469.2183822505133,2.986216224086409,187.0,28.0,0.0,159.0,222.9864872668476,4.0,24.0,0.0,0.0,23.0,85.0,2.0,49.0,0.0,0.0,0.0,35.986487266847604,66291,0,0,0,35,SALT LAKE
1743,350838,78.0,200.2141282425549,2.566847797981473,733.0,34.0,30.0,669.0,738.9977478778079,18.0,16.0,1.0,29.0,8.0,456.0,8.0,197.0,0.0,0.0,0.0,5.997747877807934,66291,0,0,0,35,SALT LAKE
1744,350839,98.0,254.1934275236359,2.59381048493506,1049.0,143.0,202.0,704.0,1055.9973725241093,110.0,33.0,65.0,137.0,36.0,206.0,0.0,462.0,0.0,0.0,0.0,6.997372524109257,57444,0,0,0,35,SALT LAKE
1745,350840,74.0,208.06566268343943,2.811698144370803,509.0,2.0,204.0,303.0,525.0311810827462,1.0,1.0,85.0,119.0,40.0,12.0,23.0,228.0,11.033057851239668,0.0,0.0,4.998123231506612,81590,0,0,0,35,SALT LAKE
1746,350841,862.0,2465.381814437735,2.860071710484612,891.0,1.0,397.0,493.0,953.9763527169833,1.0,0.0,10.0,387.0,6.0,434.0,2.0,51.0,0.0,0.0,0.0,62.976352716983314,97427,954,1433,0,35,SALT LAKE
1747,350842,509.0,1452.5338715636335,2.853701122914801,0.0,0.0,0.0,0.0,39.99512769075975,0.0,0.0,0.0,0.0,0.0,0.0,0.0,0.0,3.009015777610819,0.0,0.0,36.98611191314893,97427,0,0,0,35,SALT LAKE
1748,350843,247.0,700.7494488489422,2.8370423030321543,0.0,0.0,0.0,0.0,17.993243633423802,0.0,0.0,0.0,0.0,0.0,0.0,0.0,0.0,0.0,0.0,0.0,17.993243633423802,97427,0,0,0,35,SALT LAKE
1749,350844,757.0,2654.800082824074,3.507001430414893,184.0,1.0,17.0,166.0,238.97935554657272,1.0,0.0,2.0,15.0,2.0,71.0,5.0,88.0,0.0,0.0,0.0,54.979355546572734,92040,565,0,0,35,SALT LAKE
1750,350845,793.0,2604.746550763435,3.284674086713033,0.0,0.0,0.0,0.0,58.98123474468031,0.0,0.0,0.0,0.0,0.0,0.0,0.0,0.0,1.0030052592036065,0.0,0.0,57.9782294854767,92196,0,0,0,35,SALT LAKE
1751,350846,703.0,2288.722289517834,3.2556504829556667,0.0,0.0,0.0,0.0,51.98386222057104,0.0,0.0,0.0,0.0,0.0,0.0,0.0,0.0,1.0030052592036065,0.0,0.0,50.98085696136744,54519,0,0,0,35,SALT LAKE
1752,350847,229.0,536.8486673954782,2.344317324871084,208.0,1.0,45.0,162.0,224.9936189871225,1.0,0.0,1.0,44.0,18.0,59.0,0.0,85.0,0.0,0.0,0.0,16.99361898712248,81365,573,0,0,35,SALT LAKE
1753,350848,362.0,848.9471614206373,2.345157904476898,439.0,2.0,79.0,358.0,466.9962513222416,2.0,0.0,3.0,76.0,53.0,56.0,8.0,241.0,2.006010518407213,0.0,0.0,25.990240803834386,81365,0,0,163,35,SALT LAKE
1754,350849,667.0,2022.7515603328711,3.032611034981816,1219.0,99.0,352.0,768.0,1874.0457230219886,99.0,0.0,181.0,171.0,40.0,33.0,70.0,625.0,0.0,0.0,606.0641153532239,48.9816076687648,57444,0,0,0,35,SALT LAKE
1755,350850,15.0,47.10920664530704,3.1406137763538027,22.0,13.0,3.0,6.0,263.08880494779515,13.0,0.0,3.0,0.0,0.0,1.0,0.0,5.0,22.066115702479337,0.0,218.02306459901453,0.9996246463013224,97427,0,0,0,35,SALT LAKE
1756,350851,262.0,794.9678621395562,3.034228481448688,297.0,0.0,65.0,232.0,319.001884057336,0.0,0.0,0.0,65.0,18.0,15.0,193.0,6.0,3.009015777610819,0.0,0.0,18.992868279725126,97427,0,0,0,35,SALT LAKE
1757,350852,0.0,0.0,0.0,4.0,4.0,0.0,0.0,8.012021036814424,0.0,4.0,0.0,0.0,0.0,0.0,0.0,0.0,4.012021036814425,0.0,0.0,0.0,56502,0,0,0,35,SALT LAKE
1758,350853,387.0,1265.078486787516,3.268936658365675,1361.0,41.0,156.0,1164.0,1388.989490096437,0.0,41.0,17.0,139.0,22.0,547.0,2.0,593.0,0.0,0.0,0.0,27.989490096437027,72694,676,0,2749,35,SALT LAKE
1759,350854,5.0,12.758743466437323,2.5517486932874647,825.0,40.0,295.0,490.0,829.0120210368144,40.0,0.0,66.0,229.0,2.0,105.0,0.0,383.0,4.012021036814425,0.0,0.0,0.0,79444,0,0,0,35,SALT LAKE
1760,350855,665.0,1979.5681209080064,2.976794166778957,3390.0,57.0,62.0,3271.0,3547.993139968272,18.0,39.0,6.0,56.0,201.0,47.0,2603.0,420.0,0.0,0.0,109.01153229950727,48.9816076687648,71395,0,0,414,35,SALT LAKE
1761,350856,342.0,1013.829384679212,2.9644134054947715,448.0,58.0,247.0,143.0,472.99061615753305,58.0,0.0,244.0,3.0,22.0,8.0,52.0,61.0,0.0,0.0,0.0,24.99061615753306,71395,0,0,0,35,SALT LAKE
1762,350857,65.0,176.6595249199014,2.71783884492156,253.0,107.0,1.0,145.0,257.9981232315066,89.0,18.0,1.0,0.0,1.0,40.0,26.0,78.0,0.0,0.0,0.0,4.998123231506612,73487,0,0,0,35,SALT LAKE
1763,350858,233.0,519.182714903488,2.22825199529394,1152.0,374.0,3.0,775.0,1168.9936189871225,332.0,42.0,1.0,2.0,55.0,86.0,191.0,443.0,0.0,0.0,0.0,16.99361898712248,81365,0,0,0,35,SALT LAKE
1764,350859,449.0,1313.1691352379337,2.9246528624452868,1625.0,526.0,58.0,1041.0,1688.9908931562438,315.0,211.0,42.0,16.0,169.0,78.0,109.0,685.0,0.0,0.0,31.00327982830023,32.98761332794364,58827,0,0,0,35,SALT LAKE
1765,350860,446.0,1311.2062516277126,2.93992433100384,423.0,11.0,7.0,405.0,474.01271341070156,11.0,0.0,0.0,7.0,63.0,49.0,0.0,293.0,8.02404207362885,0.0,10.001058009129107,32.98761332794364,81590,719,0,0,35,SALT LAKE
1766,350861,0.0,0.0,0.0,1031.0,32.0,58.0,941.0,1267.20473542947,28.0,4.0,4.0,54.0,212.0,378.0,2.0,349.0,62.18632607062359,0.0,174.01840935884647,0.0,76192,0,0,0,35,SALT LAKE
1767,350862,407.0,1238.579558049531,3.043193017320715,2096.0,37.0,1544.0,515.0,2345.1510837869205,37.0,0.0,865.0,679.0,62.0,149.0,2.0,302.0,48.14425244177311,0.0,171.01809195610772,29.988739389039672,56502,0,0,0,35,SALT LAKE
1768,350863,51.0,159.97501423302182,3.136764984961212,8.0,5.0,1.0,2.0,34.06461428768463,5.0,0.0,1.0,0.0,0.0,1.0,0.0,1.0,22.066115702479337,0.0,0.0,3.9984985852052897,97427,0,0,0,35,SALT LAKE
1769,350864,0.0,0.0,0.0,2369.0,8.0,921.0,1440.0,2537.4713121915047,5.0,3.0,847.0,74.0,7.0,372.0,0.0,1061.0,6.018031555221638,1.436246689304597,161.01703394697861,0.0,56502,0,0,0,35,SALT LAKE
1770,350865,0.0,0.0,0.0,1382.0,136.0,1065.0,181.0,1391.0270473328324,135.0,1.0,881.0,184.0,0.0,28.0,1.0,152.0,9.027047332832456,0.0,0.0,0.0,56502,0,0,0,35,SALT LAKE
1771,350866,709.0,2262.2233607798485,3.190724063159166,0.0,0.0,0.0,0.0,78.98333823231735,0.0,0.0,0.0,0.0,0.0,0.0,0.0,0.0,0.0,0.0,27.002856624648587,51.98048160766877,56502,0,0,0,35,SALT LAKE
1772,350867,312.0,1079.5859856216198,3.4602114923769864,0.0,0.0,0.0,0.0,22.991366864930416,0.0,0.0,0.0,0.0,0.0,0.0,0.0,0.0,0.0,0.0,0.0,22.991366864930416,83804,0,0,0,35,SALT LAKE
1773,350868,487.0,1622.3233038477613,3.331259350816758,16.0,7.0,0.0,9.0,52.98949252605121,6.0,1.0,0.0,0.0,0.0,0.0,2.0,7.0,1.0030052592036065,0.0,0.0,35.986487266847604,90315,0,0,0,35,SALT LAKE
1774,350869,149.0,520.1641567085985,3.4910346087825403,482.0,166.0,163.0,153.0,492.9958711093145,135.0,31.0,0.0,163.0,0.0,2.0,112.0,39.0,0.0,0.0,0.0,10.995871109314546,79691,0,0,0,35,SALT LAKE
1775,350870,326.0,1138.4724939282537,3.492246913890348,323.0,222.0,13.0,88.0,346.99099151123175,80.0,142.0,1.0,12.0,0.0,5.0,16.0,67.0,0.0,0.0,0.0,23.990991511231737,79691,0,0,0,35,SALT LAKE
1776,350871,9.0,22.57316151754296,2.5081290575047728,269.0,4.0,46.0,219.0,269.9996246463013,4.0,0.0,1.0,45.0,5.0,57.0,0.0,157.0,0.0,0.0,0.0,0.9996246463013224,79691,0,0,0,35,SALT LAKE
1777,350872,332.0,1025.6066863405388,3.08917676608596,224.0,36.0,0.0,188.0,247.99099151123173,0.0,36.0,0.0,0.0,2.0,0.0,145.0,41.0,0.0,0.0,0.0,23.990991511231737,73244,0,0,0,35,SALT LAKE
1778,350873,218.0,687.9907053825049,3.155920666892224,244.0,0.0,13.0,231.0,260.99699960002476,0.0,0.0,0.0,13.0,3.0,59.0,67.0,102.0,1.0030052592036065,0.0,0.0,15.99399434082116,73487,0,0,0,35,SALT LAKE
1779,350874,960.0,2322.091310891593,2.418845115512076,520.0,122.0,1.0,397.0,714.9869503552064,100.0,22.0,1.0,0.0,71.0,17.0,41.0,268.0,0.0,0.0,125.01322511411384,69.97372524109257,49551,0,0,0,35,SALT LAKE
1780,350875,568.0,1689.0613465952797,2.9736995538649285,1276.0,197.0,29.0,1050.0,1324.9878752093364,100.0,97.0,19.0,10.0,119.0,58.0,138.0,735.0,1.0030052592036065,0.0,6.000634805477464,41.98423514465554,59740,0,0,0,35,SALT LAKE
1781,350876,259.0,711.5453087051584,2.7472791841898005,653.0,168.0,22.0,463.0,671.9928682797251,95.0,73.0,15.0,7.0,52.0,81.0,113.0,217.0,0.0,0.0,0.0,18.992868279725126,81590,0,0,0,35,SALT LAKE
1782,350877,2.0,7.851534440884507,3.925767220442253,918.0,5.0,697.0,216.0,920.0060105184073,5.0,0.0,605.0,92.0,13.0,29.0,121.0,53.0,2.006010518407213,0.0,0.0,0.0,56502,0,0,0,35,SALT LAKE
1783,350878,0.0,0.0,0.0,88.0,46.0,11.0,31.0,120.84980298988845,46.0,0.0,1.0,10.0,5.0,3.0,0.0,23.0,17.05108940646131,15.79871358342714,0.0,0.0,76192,0,0,0,35,SALT LAKE
1784,350879,0.0,0.0,0.0,7.0,0.0,0.0,7.0,7.0,0.0,0.0,0.0,0.0,0.0,6.0,0.0,1.0,0.0,0.0,0.0,0.0,111741,0,0,0,35,SALT LAKE
1785,350880,0.0,0.0,0.0,3.0,0.0,3.0,0.0,3.0,0.0,0.0,3.0,0.0,0.0,0.0,0.0,0.0,0.0,0.0,0.0,0.0,111741,0,0,0,35,SALT LAKE
1786,350881,2.0,2.0,1.0,1170.0,106.0,372.0,692.0,1405.024863214534,101.0,5.0,16.0,356.0,91.0,33.0,1.0,567.0,0.0,0.0,235.024863214534,0.0,60946,0,0,0,35,SALT LAKE
1787,350882,564.0,1509.4574962600464,2.6763430784752598,1369.0,318.0,129.0,922.0,1409.9846104983542,246.0,72.0,24.0,105.0,99.0,136.0,73.0,614.0,0.0,0.0,0.0,40.98461049835422,57679,552,0,0,35,SALT LAKE
1788,350883,545.0,1445.6637789278598,2.652594089775889,0.0,0.0,0.0,0.0,39.984985852052894,0.0,0.0,0.0,0.0,0.0,0.0,0.0,0.0,0.0,0.0,0.0,39.984985852052894,65378,0,0,0,35,SALT LAKE
1789,350884,717.0,1667.469626882847,2.3256201211755188,1425.0,292.0,12.0,1121.0,1476.9804816076687,112.0,180.0,10.0,2.0,63.0,106.0,156.0,796.0,0.0,0.0,0.0,51.98048160766877,60946,0,0,0,35,SALT LAKE
1790,350885,186.0,491.7023443603922,2.6435609911849043,3658.0,187.0,1145.0,2326.0,3671.9947450482186,181.0,6.0,10.0,1135.0,598.0,1229.0,8.0,491.0,0.0,0.0,0.0,13.994745048218514,60946,0,0,0,35,SALT LAKE
1791,350886,0.0,0.0,0.0,984.0,82.0,415.0,487.0,984.0,29.0,53.0,275.0,140.0,123.0,57.0,0.0,307.0,0.0,0.0,0.0,0.0,39291,0,0,0,35,SALT LAKE
1792,350887,841.0,1897.127009278719,2.255799059784446,1414.0,299.0,236.0,879.0,1475.976728070682,269.0,30.0,148.0,88.0,366.0,66.0,45.0,402.0,0.0,0.0,0.0,61.97672807068199,39291,0,0,0,35,SALT LAKE
1793,350888,376.0,991.2562231616688,2.636319742451247,432.0,75.0,29.0,328.0,459.989490096437,58.0,17.0,2.0,27.0,43.0,22.0,12.0,251.0,0.0,0.0,0.0,27.989490096437027,41199,0,0,0,35,SALT LAKE
1794,350889,564.0,1343.5938311963612,2.382258565950995,709.0,239.0,17.0,453.0,749.9846104983542,53.0,186.0,0.0,17.0,86.0,19.0,105.0,243.0,0.0,0.0,0.0,40.98461049835422,86602,0,0,0,35,SALT LAKE
1795,350890,128.0,279.7109144565105,2.1852415191914885,2907.0,1034.0,13.0,1860.0,2919.9970450203637,571.0,463.0,13.0,0.0,659.0,36.0,287.0,878.0,0.0,0.0,4.000423203651643,8.996621816711901,63756,0,0,0,35,SALT LAKE
1796,350891,761.0,1718.5046007485964,2.2582189234541348,459.0,174.0,3.0,282.0,514.978980192874,4.0,170.0,0.0,3.0,29.0,3.0,84.0,166.0,0.0,0.0,0.0,55.97898019287405,40745,0,0,0,35,SALT LAKE
1797,350892,1302.0,3097.430336928938,2.378978753401642,0.0,0.0,0.0,0.0,94.96434139862563,0.0,0.0,0.0,0.0,0.0,0.0,0.0,0.0,0.0,0.0,0.0,94.96434139862563,60946,0,0,0,35,SALT LAKE
1798,350893,61.0,176.6595249199014,2.8960577855721543,1472.0,917.0,13.0,542.0,1475.9984985852052,790.0,127.0,12.0,1.0,64.0,49.0,18.0,411.0,0.0,0.0,0.0,3.9984985852052897,60946,0,0,0,35,SALT LAKE
1799,350894,610.0,1360.2783418832407,2.2299644948905586,340.0,10.0,60.0,270.0,598.0056446780095,9.0,1.0,34.0,26.0,9.0,2.0,3.0,256.0,0.0,0.0,213.02253559444998,44.98310908355951,60946,0,0,0,35,SALT LAKE
1800,350895,280.0,659.5288930342986,2.355460332265352,1160.0,114.0,239.0,807.0,1303.0055064383146,90.0,24.0,164.0,75.0,62.0,37.0,90.0,618.0,0.0,0.0,123.01301351228801,19.992492926026447,60946,0,0,0,35,SALT LAKE
1801,350896,799.0,1776.4096672501196,2.223291198060225,1788.0,136.0,95.0,1557.0,1917.9858471512064,37.0,99.0,33.0,62.0,331.0,36.0,34.0,1156.0,0.0,0.0,72.00761766572957,57.9782294854767,54208,0,0,0,35,SALT LAKE
1802,350897,629.0,1407.3875485285478,2.237500077151904,1418.0,192.0,118.0,1108.0,1463.982733729861,119.0,73.0,105.0,13.0,171.0,148.0,143.0,646.0,0.0,0.0,0.0,45.98273372986083,54208,0,0,0,35,SALT LAKE
1803,350898,551.0,1464.3111732249604,2.6575520385208,443.0,54.0,19.0,370.0,482.9849858520529,45.0,9.0,5.0,14.0,16.0,18.0,155.0,181.0,0.0,0.0,0.0,39.984985852052894,64045,0,0,0,35,SALT LAKE
1804,350899,349.0,857.7801376666323,2.457822744030465,141.0,48.0,23.0,70.0,166.99024080383438,46.0,2.0,3.0,20.0,21.0,3.0,12.0,34.0,0.0,0.0,0.0,25.990240803834386,52893,0,0,0,35,SALT LAKE
1805,350900,508.0,1208.1548620911035,2.3782576025415425,661.0,217.0,18.0,426.0,703.9867467186264,30.0,187.0,6.0,12.0,85.0,131.0,24.0,186.0,0.0,0.0,6.000634805477464,36.98611191314893,44623,0,0,2194,35,SALT LAKE
1806,350901,983.0,2169.9678310994555,2.2074952503554988,610.0,335.0,6.0,269.0,681.9729745336952,309.0,26.0,2.0,4.0,41.0,6.0,73.0,149.0,0.0,0.0,0.0,71.97297453369521,72052,0,0,0,35,SALT LAKE
1807,350902,384.0,921.573854998819,2.3999319140594246,646.0,34.0,29.0,583.0,673.9894900964371,0.0,34.0,7.0,22.0,178.0,103.0,57.0,245.0,0.0,0.0,0.0,27.989490096437027,76203,48,15,40,35,SALT LAKE
1808,350903,294.0,720.3782849511535,2.45026627534406,0.0,0.0,0.0,0.0,665.0597722056306,0.0,0.0,0.0,0.0,0.0,0.0,0.0,0.0,0.0,0.0,643.0680299870015,21.99174221862909,37668,0,0,0,35,SALT LAKE
1809,350904,975.0,2167.023505684124,2.222588210958076,132.0,3.0,33.0,96.0,202.9733498873939,3.0,0.0,1.0,32.0,4.0,1.0,6.0,85.0,0.0,0.0,0.0,70.9733498873939,37668,0,0,0,35,SALT LAKE
1810,350905,296.0,754.7287481300232,2.549759284223051,240.0,4.0,77.0,159.0,261.9917422186291,0.0,4.0,0.0,77.0,8.0,37.0,0.0,114.0,0.0,0.0,0.0,21.99174221862909,45967,0,0,0,35,SALT LAKE
1811,350906,259.0,724.3040521715957,2.796540741975273,1097.0,14.0,277.0,806.0,1115.9928682797251,13.0,1.0,0.0,277.0,4.0,353.0,12.0,437.0,0.0,0.0,0.0,18.992868279725126,85973,709,945,0,35,SALT LAKE
1812,350907,271.0,709.5824250949373,2.6183853324536432,133.0,33.0,47.0,53.0,152.99249292602644,8.0,25.0,0.0,47.0,3.0,6.0,1.0,43.0,0.0,0.0,0.0,19.992492926026447,85973,0,0,0,35,SALT LAKE
1813,350908,773.0,1926.570263432036,2.4923289307012104,89.0,8.0,45.0,36.0,145.97860483917538,8.0,0.0,5.0,40.0,4.0,2.0,1.0,29.0,0.0,0.0,0.0,56.978604839175375,41529,0,0,0,35,SALT LAKE
1814,350909,406.0,1058.975707714298,2.608314551020438,412.0,61.0,100.0,251.0,446.9892683936042,42.0,19.0,12.0,88.0,15.0,55.0,4.0,177.0,0.0,0.0,5.000529004564553,29.988739389039672,57978,419,0,0,35,SALT LAKE
1815,350910,561.0,1312.1876934328232,2.339015496315193,179.0,18.0,86.0,75.0,228.98556270657042,18.0,0.0,68.0,18.0,10.0,3.0,0.0,62.0,0.0,0.0,9.000952208216196,40.98461049835422,45967,0,0,0,35,SALT LAKE
1816,350911,454.0,1325.927878704371,2.9205459883356197,0.0,0.0,0.0,0.0,47.9892003416373,0.0,0.0,0.0,0.0,0.0,0.0,0.0,0.0,0.0,0.0,15.00158701369366,32.98761332794364,49675,0,0,0,35,SALT LAKE
1817,350912,274.0,793.9864203344457,2.897760658154912,350.0,82.0,59.0,209.0,369.99249292602644,69.0,13.0,6.0,53.0,28.0,20.0,0.0,161.0,0.0,0.0,0.0,19.992492926026447,53734,0,0,0,35,SALT LAKE
1818,350913,234.0,553.5331780823577,2.365526402061358,254.0,17.0,138.0,99.0,287.99541760264196,16.0,1.0,53.0,85.0,15.0,12.0,0.0,72.0,0.0,0.0,17.001798615519483,16.99361898712248,81457,0,0,0,35,SALT LAKE
1819,350914,216.0,531.9414583699254,2.462691936897803,95.0,10.0,9.0,76.0,111.99699960002476,10.0,0.0,0.0,9.0,1.0,4.0,58.0,13.0,1.0030052592036065,0.0,0.0,15.99399434082116,81457,0,0,0,35,SALT LAKE
1820,350915,346.0,983.4046887207844,2.8422100830080472,85.0,17.0,6.0,62.0,109.99061615753305,17.0,0.0,0.0,6.0,1.0,6.0,25.0,30.0,0.0,0.0,0.0,24.99061615753306,48336,0,0,0,35,SALT LAKE
1821,350916,150.0,405.3354655106626,2.702236436737751,647.0,7.0,3.0,637.0,657.9958711093145,3.0,4.0,2.0,1.0,25.0,60.0,46.0,506.0,0.0,0.0,0.0,10.995871109314546,51003,409,0,0,35,SALT LAKE
1822,350917,324.0,853.8543704461902,2.6353529952042907,452.0,41.0,62.0,349.0,475.99099151123175,41.0,0.0,7.0,55.0,83.0,54.0,40.0,172.0,0.0,0.0,0.0,23.990991511231737,80568,0,0,0,35,SALT LAKE
1823,350918,406.0,1018.7365937047648,2.5092034327703567,618.0,220.0,49.0,349.0,755.0000600867211,131.0,89.0,0.0,49.0,22.0,10.0,108.0,209.0,0.0,0.0,107.01132069768144,29.988739389039672,88737,0,0,0,35,SALT LAKE
1824,350919,873.0,2008.0299332562129,2.3001488353450315,1382.0,156.0,116.0,1110.0,1445.9759773632845,135.0,21.0,29.0,87.0,38.0,153.0,179.0,740.0,0.0,0.0,0.0,63.97597736328464,60734,254,0,0,35,SALT LAKE
1825,350920,1197.0,2755.888588750462,2.302329648078916,467.0,125.0,9.0,333.0,554.9669688745164,50.0,75.0,1.0,8.0,64.0,50.0,57.0,162.0,0.0,0.0,0.0,87.96696887451637,108592,0,0,0,35,SALT LAKE
1826,350921,0.0,0.0,0.0,9143.0,293.0,105.0,8745.0,9143.0,177.0,116.0,3.0,102.0,3557.0,532.0,326.0,4330.0,0.0,0.0,0.0,0.0,149495,0,0,0,35,SALT LAKE
1827,350922,1037.0,2653.8186410189637,2.559130801368335,52.0,28.0,0.0,24.0,127.9714731189005,0.0,28.0,0.0,0.0,3.0,8.0,4.0,9.0,0.0,0.0,0.0,75.9714731189005,149495,0,0,0,35,SALT LAKE
1828,350923,5997.0,14709.849774997125,2.452868063197786,253.0,2.0,167.0,84.0,691.8352197262805,2.0,0.0,3.0,164.0,0.0,4.0,0.0,80.0,0.0,0.0,0.0,438.8352197262805,136616,0,0,0,35,SALT LAKE
1829,350924,657.0,1611.527443991545,2.4528576012047867,947.0,453.0,5.0,489.0,994.9819830224635,453.0,0.0,0.0,5.0,189.0,80.0,79.0,141.0,0.0,0.0,0.0,47.981983022463474,65715,0,0,0,35,SALT LAKE
1830,350925,42.0,99.1256223161669,2.36013386467064,1940.0,108.0,4.0,1828.0,1942.998873938904,55.0,53.0,2.0,2.0,763.0,6.0,44.0,1015.0,0.0,0.0,0.0,2.998873938903967,57947,0,0,0,35,SALT LAKE
1831,350926,1153.0,2782.387517488447,2.413172174751472,79.0,3.0,4.0,72.0,162.96847028931109,3.0,0.0,2.0,2.0,3.0,1.0,1.0,67.0,0.0,0.0,0.0,83.96847028931109,61673,0,0,0,35,SALT LAKE
1832,350927,13.0,28.461812348206337,2.189370180631257,2204.0,1211.0,64.0,929.0,2204.9996246463015,871.0,340.0,64.0,0.0,132.0,310.0,35.0,452.0,0.0,0.0,0.0,0.9996246463013224,57947,0,0,0,35,SALT LAKE
1833,350928,515.0,1321.0206696788182,2.5650886789879963,959.0,226.0,19.0,714.0,996.9857365594503,144.0,82.0,4.0,15.0,142.0,81.0,322.0,169.0,0.0,0.0,0.0,37.98573655945025,77272,528,0,0,35,SALT LAKE
1834,350929,735.0,1928.533147042257,2.6238546218262,658.0,73.0,21.0,564.0,711.9797309002714,35.0,38.0,10.0,11.0,60.0,24.0,93.0,387.0,0.0,0.0,0.0,53.97973090027141,74521,0,0,0,35,SALT LAKE
1835,350930,660.0,1730.281902409923,2.621639246075641,1851.0,248.0,343.0,1260.0,1898.9819830224635,212.0,36.0,11.0,332.0,38.0,778.0,82.0,362.0,0.0,0.0,0.0,47.981983022463474,84600,641,950,0,35,SALT LAKE
1836,350931,746.0,2090.4710448855,2.8022400065489275,14.0,0.0,0.0,14.0,68.97935554657273,0.0,0.0,0.0,0.0,6.0,0.0,0.0,8.0,0.0,0.0,0.0,54.979355546572734,76969,0,0,0,35,SALT LAKE
1837,350932,391.0,1006.959292043438,2.575343457911606,486.0,14.0,7.0,465.0,515.992120001942,0.0,14.0,4.0,3.0,60.0,45.0,70.0,290.0,1.0030052592036065,0.0,0.0,28.98911474273835,73569,0,0,0,35,SALT LAKE
1838,350933,187.0,502.4982042166084,2.6871561722813286,82.0,0.0,16.0,66.0,95.99474504821852,0.0,0.0,0.0,16.0,13.0,17.0,19.0,17.0,0.0,0.0,0.0,13.994745048218514,75198,0,0,0,35,SALT LAKE
1839,350934,127.0,313.07993583026973,2.4651963451202343,35.0,2.0,6.0,27.0,47.00563759432272,0.0,2.0,1.0,5.0,9.0,7.0,2.0,9.0,3.009015777610819,0.0,0.0,8.996621816711901,57947,0,0,0,35,SALT LAKE
1840,350935,706.0,1714.578833528154,2.4285819171786884,235.0,0.0,4.0,231.0,286.98048160766876,0.0,0.0,1.0,3.0,1.0,17.0,0.0,213.0,0.0,0.0,0.0,51.98048160766877,71040,0,0,2126,35,SALT LAKE
1841,350936,973.0,2791.2204937344422,2.86867471092954,363.0,166.0,1.0,196.0,433.9733498873939,29.0,137.0,1.0,0.0,36.0,20.0,23.0,117.0,0.0,0.0,0.0,70.9733498873939,116068,0,0,0,35,SALT LAKE
1842,350937,798.0,2115.007090013264,2.6503848245780253,40.0,3.0,0.0,37.0,121.98076870738656,3.0,0.0,0.0,0.0,13.0,1.0,7.0,16.0,0.0,0.0,24.002539221909856,57.9782294854767,115312,0,0,0,35,SALT LAKE
1843,350938,326.0,958.8686435930204,2.941314857647302,297.0,1.0,2.0,294.0,320.99099151123175,0.0,1.0,1.0,1.0,86.0,5.0,178.0,25.0,0.0,0.0,0.0,23.990991511231737,90282,0,0,0,35,SALT LAKE
1844,350939,317.0,800.8565129702197,2.52636123965369,77.0,1.0,0.0,76.0,99.99136686493041,1.0,0.0,0.0,0.0,18.0,1.0,15.0,42.0,0.0,0.0,0.0,22.991366864930416,120720,0,0,0,35,SALT LAKE
1845,350940,503.0,1434.8679190716437,2.852620117438655,6.0,1.0,0.0,5.0,42.98611191314893,1.0,0.0,0.0,0.0,2.0,0.0,1.0,2.0,0.0,0.0,0.0,36.98611191314893,91034,0,0,0,35,SALT LAKE
1846,350941,801.0,2157.209087633018,2.6931449283807964,394.0,197.0,11.0,186.0,452.97785413177803,155.0,42.0,0.0,11.0,18.0,48.0,11.0,109.0,0.0,0.0,0.0,58.97785413177802,98072,462,0,0,35,SALT LAKE
1847,350942,599.0,1530.0677741673685,2.554370240680081,122.0,0.0,27.0,95.0,165.98348443725817,0.0,0.0,0.0,27.0,7.0,9.0,55.0,24.0,0.0,0.0,0.0,43.98348443725818,102520,0,0,0,35,SALT LAKE
1848,350943,85.0,216.8986389294345,2.5517486932874647,0.0,0.0,0.0,0.0,5.997747877807934,0.0,0.0,0.0,0.0,0.0,0.0,0.0,0.0,0.0,0.0,0.0,5.997747877807934,102705,0,0,0,35,SALT LAKE
1849,350944,266.0,636.9557315167556,2.394570419235923,1262.0,164.0,0.0,1098.0,1280.9928682797251,6.0,158.0,0.0,0.0,261.0,48.0,198.0,591.0,0.0,0.0,0.0,18.992868279725126,75198,0,0,0,35,SALT LAKE
1850,350945,483.0,1268.022812202848,2.625306029405482,44.0,7.0,2.0,35.0,98.9889786388045,5.0,2.0,2.0,0.0,24.0,0.0,5.0,6.0,0.0,0.0,20.002116018258214,34.98686262054628,59129,0,0,0,35,SALT LAKE
1851,350946,195.0,470.1106246479599,2.410823716143384,902.0,22.0,8.0,872.0,915.9947450482185,5.0,17.0,2.0,6.0,335.0,67.0,333.0,137.0,0.0,0.0,0.0,13.994745048218514,41529,0,822,0,35,SALT LAKE
1852,350947,1083.0,3123.929265666923,2.8845145574025146,315.0,34.0,8.0,273.0,412.97235727514976,31.0,3.0,1.0,7.0,22.0,61.0,85.0,105.0,0.0,0.0,19.0020102173453,78.97034705780447,85287,447,0,0,35,SALT LAKE
1853,350948,1267.0,3618.575935442647,2.856018891430661,2106.0,319.0,3.0,1784.0,2198.965092106023,127.0,192.0,3.0,0.0,269.0,159.0,225.0,1131.0,0.0,0.0,0.0,92.96509210602298,78260,0,0,0,35,SALT LAKE
1854,350949,619.0,1648.8222325857464,2.663686967020592,0.0,0.0,0.0,0.0,44.98310908355951,0.0,0.0,0.0,0.0,0.0,0.0,0.0,0.0,0.0,0.0,0.0,44.98310908355951,78058,0,0,0,35,SALT LAKE
1855,350950,296.0,790.0606531140035,2.6691238280878493,0.0,0.0,0.0,0.0,22.994747477832696,0.0,0.0,0.0,0.0,0.0,0.0,0.0,0.0,1.0030052592036065,0.0,0.0,21.99174221862909,72573,0,0,0,35,SALT LAKE
1856,350951,461.0,1197.3590022348872,2.5973080308782803,437.0,25.0,59.0,353.0,470.987237974245,19.0,6.0,9.0,50.0,86.0,17.0,7.0,243.0,0.0,0.0,0.0,33.98723797424496,76309,0,0,0,35,SALT LAKE
1857,350952,657.0,1959.939284805795,2.983164817056005,19.0,1.0,0.0,18.0,66.98198302246348,1.0,0.0,0.0,0.0,2.0,8.0,3.0,5.0,0.0,0.0,0.0,47.981983022463474,94243,572,0,0,35,SALT LAKE
1858,350953,371.0,1079.5859856216198,2.909935271217304,163.0,1.0,1.0,161.0,220.99314527843595,1.0,0.0,0.0,1.0,45.0,43.0,38.0,35.0,0.0,0.0,31.00327982830023,26.989865450135703,137651,389,0,0,35,SALT LAKE
1859,350954,590.0,1791.131294326778,3.035815753096234,706.0,233.0,31.0,442.0,748.9838597909569,167.0,66.0,13.0,18.0,18.0,108.0,73.0,243.0,0.0,0.0,0.0,42.98385979095686,99905,441,0,0,35,SALT LAKE
1860,350955,590.0,1875.5352895662863,3.1788733721462483,103.0,0.0,0.0,103.0,183.98788022564747,0.0,0.0,0.0,0.0,11.0,2.0,14.0,76.0,0.0,0.0,38.0040204346906,42.98385979095686,98216,0,0,0,35,SALT LAKE
1861,350956,0.0,0.0,0.0,3630.0,62.0,515.0,3053.0,3630.0,61.0,1.0,243.0,272.0,1333.0,343.0,26.0,1351.0,0.0,0.0,0.0,0.0,37668,0,0,0,35,SALT LAKE
1862,350957,602.0,1645.8779071704148,2.734016457093712,781.0,58.0,98.0,625.0,1352.039241518362,32.0,26.0,11.0,87.0,9.0,11.0,0.0,605.0,0.0,0.0,527.0557570811039,43.98348443725818,32464,0,0,0,35,SALT LAKE
1863,350958,544.0,1537.9193086082528,2.8270575525887,264.0,97.0,2.0,165.0,443.9997979798604,26.0,71.0,0.0,2.0,17.0,3.0,3.0,142.0,0.0,0.0,140.0148121278075,39.984985852052894,32464,0,0,0,35,SALT LAKE
1864,350959,637.0,1535.9564249980317,2.4112345761350578,170.0,13.0,0.0,157.0,216.98235837616215,12.0,1.0,0.0,0.0,5.0,2.0,0.0,150.0,0.0,0.0,0.0,46.98235837616215,74169,0,0,0,35,SALT LAKE
1865,350960,405.0,1146.324028369138,2.830429699676884,96.0,12.0,8.0,76.0,125.98873938903967,12.0,0.0,2.0,6.0,18.0,4.0,0.0,54.0,0.0,0.0,0.0,29.988739389039672,73770,0,0,0,35,SALT LAKE
1866,350961,986.0,2640.078455747416,2.6775643567418004,682.0,62.0,27.0,593.0,753.9729745336952,60.0,2.0,26.0,1.0,159.0,52.0,70.0,312.0,0.0,0.0,0.0,71.97297453369521,62960,0,0,0,35,SALT LAKE
1867,350962,238.0,629.1041970758711,2.643294945696937,94.0,0.0,6.0,88.0,110.99361898712249,0.0,0.0,0.0,6.0,28.0,8.0,0.0,52.0,0.0,0.0,0.0,16.99361898712248,82904,0,0,0,35,SALT LAKE
1868,350963,450.0,1462.348289614739,3.249662865810532,234.0,14.0,0.0,220.0,266.9876133279436,14.0,0.0,0.0,0.0,15.0,57.0,7.0,141.0,0.0,0.0,0.0,32.98761332794364,100807,635,0,0,35,SALT LAKE
1869,350964,334.0,1042.2911970274183,3.120632326429396,0.0,0.0,0.0,0.0,23.990991511231737,0.0,0.0,0.0,0.0,0.0,0.0,0.0,0.0,0.0,0.0,0.0,23.990991511231737,116771,0,0,0,35,SALT LAKE
1870,350965,532.0,1216.006396531988,2.2857263092706543,1309.0,273.0,309.0,727.0,1347.9853612057516,158.0,115.0,232.0,77.0,245.0,202.0,49.0,231.0,0.0,0.0,0.0,38.98536120575157,76955,0,0,0,35,SALT LAKE
1871,350966,0.0,0.0,0.0,932.0,207.0,268.0,457.0,932.0,205.0,2.0,149.0,119.0,79.0,14.0,47.0,317.0,0.0,0.0,0.0,0.0,45830,0,0,0,35,SALT LAKE
1872,350967,857.0,2186.652341786335,2.551519652026062,2330.0,211.0,201.0,1918.0,2814.020894901319,14.0,197.0,42.0,159.0,449.0,16.0,257.0,1196.0,0.0,0.0,421.0445421843354,62.976352716983314,45830,0,0,0,35,SALT LAKE
1873,350968,139.0,395.52104745955705,2.845475161579547,4971.0,101.0,87.0,4783.0,5088.007567160695,23.0,78.0,43.0,44.0,1477.0,637.0,311.0,2358.0,0.0,0.0,107.01132069768144,9.996246463013224,62143,0,0,0,35,SALT LAKE
1874,350969,180.0,505.44252963194015,2.8080140535107785,154.0,55.0,5.0,94.0,177.99628421195922,51.0,4.0,1.0,4.0,23.0,1.0,2.0,68.0,0.0,0.0,11.001163810042017,12.995120401917193,30205,0,0,0,35,SALT LAKE
1875,350970,139.0,388.6509548237831,2.796050034703476,74.0,0.0,0.0,74.0,83.99624646301322,0.0,0.0,0.0,0.0,2.0,47.0,0.0,25.0,0.0,0.0,0.0,9.996246463013224,62143,0,0,0,35,SALT LAKE
1876,350971,153.0,440.6673704946429,2.880178892121849,59.0,7.0,19.0,33.0,69.99587110931455,6.0,1.0,17.0,2.0,5.0,3.0,8.0,17.0,0.0,0.0,0.0,10.995871109314546,30205,0,0,0,35,SALT LAKE
1877,350972,457.0,1255.2640687364103,2.746748509270045,620.0,66.0,16.0,538.0,664.9888829388987,47.0,19.0,2.0,14.0,61.0,97.0,59.0,321.0,0.0,0.0,12.001269610954928,32.98761332794364,53345,577,0,0,35,SALT LAKE
1878,350973,601.0,1653.7294416112993,2.7516296865412637,1030.0,151.0,11.0,868.0,1073.983484437258,9.0,142.0,2.0,9.0,10.0,686.0,9.0,163.0,0.0,0.0,0.0,43.98348443725818,62143,0,0,60,35,SALT LAKE
1879,350974,540.0,1463.3297314198498,2.709869872999722,1236.0,127.0,118.0,991.0,1275.984985852053,45.0,82.0,6.0,112.0,92.0,252.0,83.0,564.0,0.0,0.0,0.0,39.984985852052894,68075,0,0,132,35,SALT LAKE
1880,350975,445.0,1148.286911979359,2.580420026919908,1824.0,976.0,5.0,843.0,1856.9876133279436,801.0,175.0,5.0,0.0,11.0,362.0,8.0,462.0,0.0,0.0,0.0,32.98761332794364,82904,0,0,0,35,SALT LAKE
1881,350976,387.0,1327.8907623145922,3.431242279882667,828.0,44.0,1.0,783.0,855.9894900964371,29.0,15.0,1.0,0.0,143.0,49.0,74.0,517.0,0.0,0.0,0.0,27.989490096437027,62829,0,0,0,35,SALT LAKE
1882,350977,443.0,1424.072059215427,3.2146096144817773,0.0,0.0,0.0,0.0,31.98798868164232,0.0,0.0,0.0,0.0,0.0,0.0,0.0,0.0,0.0,0.0,0.0,31.98798868164232,101047,0,0,0,35,SALT LAKE
1883,350978,1504.0,4508.743652677928,2.9978348754507502,1047.0,297.0,99.0,651.0,1156.9587110931454,221.0,76.0,5.0,94.0,44.0,154.0,107.0,346.0,0.0,0.0,0.0,109.95871109314548,98907,484,0,0,35,SALT LAKE
1884,350979,385.0,1115.8993324107105,2.898439824443404,421.0,2.0,19.0,400.0,448.989490096437,2.0,0.0,1.0,18.0,20.0,219.0,3.0,158.0,0.0,0.0,0.0,27.989490096437027,121548,0,936,0,35,SALT LAKE
1885,350980,668.0,1507.4946126498253,2.2567284620506367,1560.0,107.0,587.0,866.0,1608.9816076687648,92.0,15.0,275.0,312.0,346.0,161.0,91.0,268.0,0.0,0.0,0.0,48.9816076687648,76955,0,0,0,35,SALT LAKE
1886,350981,0.0,0.0,0.0,2021.0,181.0,102.0,1738.0,2021.0,179.0,2.0,85.0,17.0,532.0,318.0,0.0,888.0,0.0,0.0,0.0,0.0,45830,0,0,0,35,SALT LAKE
1887,350982,1291.0,2935.492439085695,2.273812888524938,1134.0,137.0,47.0,950.0,1281.9704300016215,75.0,62.0,26.0,21.0,316.0,58.0,16.0,560.0,0.0,0.0,54.00571324929717,93.9647167523243,45830,0,0,0,35,SALT LAKE
1888,350983,4.0,7.851534440884507,1.962883610221127,6547.0,331.0,126.0,6090.0,6577.161180476473,11.0,320.0,124.0,2.0,2538.0,496.0,1179.0,1877.0,0.0,30.16118047647311,0.0,0.0,53265,0,0,1996,35,SALT LAKE
1889,350984,264.0,644.8072659576401,2.442451764991061,0.0,0.0,0.0,0.0,18.992868279725126,0.0,0.0,0.0,0.0,0.0,0.0,0.0,0.0,0.0,0.0,0.0,18.992868279725126,53265,0,0,0,35,SALT LAKE
1890,350985,488.0,1163.989980861128,2.3852253706170656,993.0,118.0,51.0,824.0,1028.9864872668477,96.0,22.0,9.0,42.0,133.0,109.0,109.0,473.0,0.0,0.0,0.0,35.986487266847604,83700,0,0,0,35,SALT LAKE
1891,350986,320.0,1007.9407338485486,3.149814793276714,1651.0,163.0,38.0,1450.0,1673.9913668649303,101.0,62.0,10.0,28.0,153.0,322.0,273.0,702.0,0.0,0.0,0.0,22.991366864930416,69002,310,222,91,35,SALT LAKE
1892,350987,341.0,1052.105615078524,3.085353709907695,1107.0,16.0,9.0,1082.0,1131.9906161575332,16.0,0.0,0.0,9.0,43.0,74.0,887.0,78.0,0.0,0.0,0.0,24.99061615753306,72647,369,0,0,35,SALT LAKE
1893,350988,269.0,833.2440925388682,3.0975616823006256,1197.0,11.0,80.0,1106.0,1216.9924929260264,6.0,5.0,3.0,77.0,434.0,327.0,85.0,260.0,0.0,0.0,0.0,19.992492926026447,83356,420,0,0,35,SALT LAKE
1894,350989,478.0,1420.1462919949852,2.971017347269844,826.0,292.0,4.0,530.0,860.9868626205463,197.0,95.0,3.0,1.0,7.0,107.0,9.0,407.0,0.0,0.0,0.0,34.98686262054628,117605,0,0,0,35,SALT LAKE
1895,350990,508.0,1465.2926150300711,2.8844342815552584,489.0,26.0,2.0,461.0,525.986111913149,26.0,0.0,1.0,1.0,10.0,30.0,17.0,404.0,0.0,0.0,0.0,36.98611191314893,91031,0,0,0,35,SALT LAKE
1896,350991,308.0,943.1655747112512,3.0622258919196472,0.0,0.0,0.0,0.0,22.991366864930416,0.0,0.0,0.0,0.0,0.0,0.0,0.0,0.0,0.0,0.0,0.0,22.991366864930416,122645,0,0,0,35,SALT LAKE
1897,350992,617.0,1436.8308026818647,2.3287371194195536,8936.0,316.0,152.0,8468.0,9068.992419563896,167.0,149.0,74.0,78.0,4232.0,1446.0,693.0,2097.0,0.0,0.0,88.00931048033614,44.98310908355951,45830,0,0,0,35,SALT LAKE
1898,350993,905.0,2115.007090013264,2.337024408854436,654.0,3.0,0.0,651.0,2687.1833370515824,0.0,3.0,0.0,0.0,119.0,40.0,191.0,301.0,0.0,0.0,1967.2081103956953,65.97522665588728,53265,0,0,0,35,SALT LAKE
1899,350994,295.0,729.2112611971486,2.471902580329317,275.0,125.0,20.0,130.0,296.9917422186291,119.0,6.0,9.0,11.0,1.0,13.0,9.0,107.0,0.0,0.0,0.0,21.99174221862909,70392,0,0,0,35,SALT LAKE
1900,350995,188.0,580.032106820343,3.0852771639379943,25.0,1.0,0.0,24.0,38.99474504821851,1.0,0.0,0.0,0.0,7.0,0.0,15.0,2.0,0.0,0.0,0.0,13.994745048218514,67464,0,0,0,35,SALT LAKE
1901,350996,488.0,1508.4760544549358,3.0911394558502785,826.0,10.0,32.0,784.0,861.9864872668476,10.0,0.0,0.0,32.0,5.0,118.0,108.0,553.0,0.0,0.0,0.0,35.986487266847604,73279,0,722,0,35,SALT LAKE
1902,350997,77.0,225.7316151754296,2.931579417862721,376.0,49.0,26.0,301.0,381.9977478778079,49.0,0.0,12.0,14.0,9.0,17.0,212.0,63.0,0.0,0.0,0.0,5.997747877807934,83356,0,0,0,35,SALT LAKE
1903,350998,754.0,2328.9614035273667,3.088808227489876,0.0,0.0,0.0,0.0,54.979355546572734,0.0,0.0,0.0,0.0,0.0,0.0,0.0,0.0,0.0,0.0,0.0,54.979355546572734,97838,0,0,0,35,SALT LAKE
1904,350999,964.0,2923.715137424368,3.0328995201497597,0.0,0.0,0.0,0.0,70.9733498873939,0.0,0.0,0.0,0.0,0.0,0.0,0.0,0.0,0.0,0.0,0.0,70.9733498873939,102608,0,0,0,35,SALT LAKE
1905,351000,488.0,1465.2926150300711,3.002648801291129,382.0,2.0,154.0,226.0,417.9864872668476,2.0,0.0,3.0,151.0,9.0,162.0,13.0,42.0,0.0,0.0,0.0,35.986487266847604,134555,773,0,0,35,SALT LAKE
1906,351001,170.0,403.3725819004416,2.372779893532009,0.0,0.0,0.0,0.0,11.995495755615869,0.0,0.0,0.0,0.0,0.0,0.0,0.0,0.0,0.0,0.0,0.0,11.995495755615869,154331,0,0,0,35,SALT LAKE
1907,351002,185.0,470.1106246479599,2.541138511610594,82.0,65.0,2.0,15.0,95.99474504821852,0.0,65.0,0.0,2.0,1.0,0.0,10.0,4.0,0.0,0.0,0.0,13.994745048218514,115747,0,0,0,35,SALT LAKE
1908,351003,152.0,374.9107695522352,2.4665182207383896,6208.0,1152.0,39.0,5017.0,6374.110513562824,150.0,1002.0,33.0,6.0,2202.0,134.0,1585.0,1096.0,0.0,155.11464245350905,0.0,10.995871109314546,78814,0,0,0,35,SALT LAKE
1909,351004,483.0,1293.5402991357223,2.678137265291351,913.0,327.0,20.0,566.0,947.9868626205463,161.0,166.0,14.0,6.0,37.0,110.0,1.0,418.0,0.0,0.0,0.0,34.98686262054628,86028,0,0,0,35,SALT LAKE
1910,351005,656.0,1863.75798790496,2.8410944937575606,132.0,14.0,28.0,90.0,194.98357003615715,9.0,5.0,0.0,28.0,19.0,6.0,3.0,62.0,0.0,0.0,15.00158701369366,47.981983022463474,91483,0,0,0,35,SALT LAKE
1911,351006,654.0,1976.6237954926744,3.022360543566781,392.0,38.0,12.0,342.0,439.98198302246345,1.0,37.0,0.0,12.0,27.0,116.0,6.0,193.0,0.0,0.0,0.0,47.981983022463474,51676,644,0,0,35,SALT LAKE
1912,351007,219.0,624.1969880503183,2.8502145573073894,0.0,0.0,0.0,0.0,15.99399434082116,0.0,0.0,0.0,0.0,0.0,0.0,0.0,0.0,0.0,0.0,0.0,15.99399434082116,66181,0,0,0,35,SALT LAKE
1913,351008,254.0,713.5081923153796,2.809087371320392,68.0,39.0,3.0,26.0,86.99286827972513,22.0,17.0,0.0,3.0,0.0,2.0,0.0,24.0,0.0,0.0,0.0,18.992868279725126,54148,0,0,0,35,SALT LAKE
1914,351009,215.0,596.7166175072225,2.7754261279405696,590.0,191.0,11.0,388.0,605.9939943408211,141.0,50.0,1.0,10.0,6.0,54.0,5.0,323.0,0.0,0.0,0.0,15.99399434082116,98542,0,0,0,35,SALT LAKE
1915,351010,317.0,982.423246915674,3.0991269618790973,12.0,0.0,0.0,12.0,34.99136686493041,0.0,0.0,0.0,0.0,8.0,1.0,1.0,2.0,0.0,0.0,0.0,22.991366864930416,140403,0,0,0,35,SALT LAKE
1916,351011,275.0,756.6916317402444,2.7516059336008887,134.0,9.0,1.0,124.0,165.99376253698136,0.0,9.0,0.0,1.0,6.0,2.0,90.0,26.0,0.0,0.0,12.001269610954928,19.992492926026447,155904,0,0,0,35,SALT LAKE
1917,351012,143.0,396.5024892646676,2.7727446801725004,0.0,0.0,0.0,0.0,9.996246463013224,0.0,0.0,0.0,0.0,0.0,0.0,0.0,0.0,0.0,0.0,0.0,9.996246463013224,155183,0,0,0,35,SALT LAKE
1918,351013,19.0,47.10920664530704,2.4794319287003703,2097.0,1223.0,1.0,873.0,2453.037183970385,712.0,511.0,1.0,0.0,101.0,34.0,382.0,356.0,0.0,0.0,355.0375593240833,0.9996246463013224,78814,0,0,0,35,SALT LAKE
1919,351014,227.0,596.7166175072225,2.628707566111113,3507.0,1525.0,17.0,1965.0,4318.0776249119735,1124.0,401.0,5.0,12.0,162.0,70.0,144.0,1589.0,0.0,0.0,794.0840059248511,16.99361898712248,78814,0,0,0,35,SALT LAKE
1920,351015,296.0,795.9493039446669,2.6890179187319827,1055.0,255.0,90.0,710.0,1140.9985134770554,127.0,128.0,5.0,85.0,95.0,50.0,95.0,470.0,0.0,0.0,64.00677125842628,21.99174221862909,63501,0,0,0,35,SALT LAKE
1921,351016,209.0,549.6074108619155,2.629700530439787,995.0,75.0,29.0,891.0,1010.9973749537235,73.0,2.0,2.0,27.0,39.0,157.0,122.0,573.0,1.0030052592036065,0.0,0.0,14.994369694519836,74012,0,0,0,35,SALT LAKE
1922,351017,485.0,1469.2183822505133,3.0293162520629138,346.0,36.0,52.0,258.0,380.9868626205463,30.0,6.0,1.0,51.0,14.0,20.0,33.0,191.0,0.0,0.0,0.0,34.98686262054628,71273,0,0,0,35,SALT LAKE
1923,351018,385.0,1235.6352326341992,3.209442162686232,211.0,1.0,0.0,210.0,238.98949009643704,1.0,0.0,0.0,0.0,23.0,36.0,26.0,125.0,0.0,0.0,0.0,27.989490096437027,104764,0,0,0,35,SALT LAKE
1924,351019,265.0,771.4132588169027,2.910993429497746,134.0,63.0,2.0,69.0,152.99286827972512,4.0,59.0,0.0,2.0,13.0,0.0,0.0,56.0,0.0,0.0,0.0,18.992868279725126,113914,0,0,0,35,SALT LAKE
1925,351020,13.0,36.31334678909084,2.793334368391603,563.0,118.0,154.0,291.0,563.9996246463013,118.0,0.0,134.0,20.0,13.0,98.0,2.0,178.0,0.0,0.0,0.0,0.9996246463013224,105353,0,0,0,35,SALT LAKE
1926,351021,128.0,373.9293277471246,2.921322873024411,0.0,0.0,0.0,0.0,8.996621816711901,0.0,0.0,0.0,0.0,0.0,0.0,0.0,0.0,0.0,0.0,0.0,8.996621816711901,132708,0,0,0,35,SALT LAKE
1927,351022,805.0,2280.870755076949,2.8333798199713653,0.0,0.0,0.0,0.0,58.97785413177802,0.0,0.0,0.0,0.0,0.0,0.0,0.0,0.0,0.0,0.0,0.0,58.97785413177802,155902,0,0,0,35,SALT LAKE
1928,351023,220.0,552.5517362772472,2.5115988012602144,1818.0,1043.0,23.0,752.0,2727.0884745560506,639.0,404.0,22.0,1.0,263.0,7.0,131.0,351.0,0.0,0.0,893.0944802152293,15.99399434082116,78814,0,0,0,35,SALT LAKE
1929,351024,723.0,1841.1848263874167,2.5465903546160678,1661.0,482.0,16.0,1163.0,2227.034382122293,406.0,76.0,8.0,8.0,120.0,397.0,147.0,499.0,0.0,0.0,513.0542758683232,52.980106253970085,63501,459,0,0,35,SALT LAKE
1930,351025,358.0,958.8686435930204,2.6784040323827383,380.0,31.0,15.0,334.0,406.99324606303804,19.0,12.0,0.0,15.0,39.0,50.0,26.0,219.0,1.0030052592036065,0.0,0.0,25.990240803834386,74012,0,0,0,35,SALT LAKE
1931,351026,473.0,1441.7380117074176,3.0480719063581767,323.0,23.0,6.0,294.0,357.9868626205463,23.0,0.0,0.0,6.0,113.0,60.0,96.0,25.0,0.0,0.0,0.0,34.98686262054628,102767,483,0,0,35,SALT LAKE
1932,351027,383.0,1161.0456554457965,3.031450797508607,1127.0,1.0,56.0,1070.0,1154.989490096437,1.0,0.0,9.0,47.0,25.0,435.0,55.0,555.0,0.0,0.0,0.0,27.989490096437027,111014,0,0,2290,35,SALT LAKE
1933,351028,443.0,1298.4475081612752,2.9310327497997184,179.0,1.0,9.0,169.0,405.008514058747,1.0,0.0,0.0,9.0,36.0,67.0,46.0,20.0,0.0,0.0,194.02052537710466,31.98798868164232,106389,692,0,0,35,SALT LAKE
1934,351029,396.0,1198.340444039998,3.026112232424237,39.0,1.0,1.0,37.0,67.98911474273835,1.0,0.0,0.0,1.0,7.0,11.0,3.0,16.0,0.0,0.0,0.0,28.98911474273835,108502,0,0,0,35,SALT LAKE
1935,351030,82.0,247.323334887862,3.01613823033978,0.0,0.0,0.0,0.0,5.997747877807934,0.0,0.0,0.0,0.0,0.0,0.0,0.0,0.0,0.0,0.0,0.0,5.997747877807934,149525,0,0,0,35,SALT LAKE
1936,351031,97.0,278.7294726514,2.87349971805567,0.0,0.0,0.0,0.0,6.997372524109257,0.0,0.0,0.0,0.0,0.0,0.0,0.0,0.0,0.0,0.0,0.0,6.997372524109257,155809,0,0,0,35,SALT LAKE
1937,351032,234.0,792.0235367242246,3.384715968906943,123.0,28.0,17.0,78.0,139.9936189871225,13.0,15.0,2.0,15.0,3.0,15.0,34.0,26.0,0.0,0.0,0.0,16.99361898712248,81668,0,0,0,35,SALT LAKE
1938,351033,907.0,2983.5830875361125,3.2895072629946114,714.0,7.0,101.0,606.0,779.9752266558872,6.0,1.0,1.0,100.0,15.0,261.0,68.0,262.0,0.0,0.0,0.0,65.97522665588728,110410,387,1202,0,35,SALT LAKE
1939,351034,695.0,2294.610940348497,3.3015984753215784,392.0,192.0,4.0,196.0,442.9808569613674,108.0,84.0,2.0,2.0,4.0,10.0,47.0,135.0,0.0,0.0,0.0,50.98085696136744,102567,0,0,0,35,SALT LAKE
1940,351035,192.0,580.032106820343,3.0210005563559528,0.0,0.0,0.0,0.0,13.994745048218514,0.0,0.0,0.0,0.0,0.0,0.0,0.0,0.0,0.0,0.0,0.0,13.994745048218514,140424,0,0,0,35,SALT LAKE
1941,351036,502.0,1525.1605651418154,3.0381684564578,291.0,15.0,44.0,232.0,327.98611191314893,15.0,0.0,1.0,43.0,20.0,99.0,14.0,99.0,0.0,0.0,0.0,36.98611191314893,108053,688,0,0,35,SALT LAKE
1942,351037,273.0,829.318325318426,3.0377960634374577,0.0,0.0,0.0,0.0,19.992492926026447,0.0,0.0,0.0,0.0,0.0,0.0,0.0,0.0,0.0,0.0,0.0,19.992492926026447,114582,0,0,0,35,SALT LAKE
1943,351038,253.0,766.5060497913499,3.029668180993478,0.0,0.0,0.0,0.0,18.992868279725126,0.0,0.0,0.0,0.0,0.0,0.0,0.0,0.0,0.0,0.0,0.0,18.992868279725126,155809,0,0,0,35,SALT LAKE
1944,351039,260.0,826.3739999030943,3.178361538088824,0.0,0.0,0.0,0.0,18.992868279725126,0.0,0.0,0.0,0.0,0.0,0.0,0.0,0.0,0.0,0.0,0.0,18.992868279725126,111741,0,0,0,35,SALT LAKE
1945,351040,681.0,2281.85219688206,3.3507374403554477,133.0,0.0,0.0,133.0,182.9812323150661,0.0,0.0,0.0,0.0,11.0,62.0,11.0,49.0,0.0,0.0,0.0,49.98123231506612,91525,859,0,0,35,SALT LAKE
1946,351041,212.0,707.6195414847161,3.3378280258713025,123.0,22.0,39.0,62.0,138.99399434082116,10.0,12.0,1.0,38.0,7.0,5.0,32.0,18.0,0.0,0.0,0.0,15.99399434082116,121008,0,0,0,35,SALT LAKE
1947,351042,219.0,744.9143300789176,3.4014352971640074,81.0,0.0,0.0,81.0,100.00301011843197,0.0,0.0,0.0,0.0,1.0,27.0,53.0,0.0,3.009015777610819,0.0,0.0,15.99399434082116,115611,777,0,0,35,SALT LAKE
1948,351043,335.0,1107.0663561647154,3.304675690043927,0.0,0.0,0.0,0.0,24.99061615753306,0.0,0.0,0.0,0.0,0.0,0.0,0.0,0.0,0.0,0.0,0.0,24.99061615753306,133486,0,0,0,35,SALT LAKE
1949,351044,291.0,808.7080474111042,2.779065455020977,83.0,0.0,0.0,83.0,103.99211757232777,0.0,0.0,0.0,0.0,3.0,66.0,10.0,4.0,0.0,0.0,0.0,20.99211757232777,96995,806,0,0,35,SALT LAKE
1950,351045,426.0,1114.9178906056,2.617178146961502,281.0,1.0,45.0,235.0,311.988364035341,0.0,1.0,0.0,45.0,17.0,2.0,123.0,93.0,0.0,0.0,0.0,30.988364035341,97218,0,0,0,35,SALT LAKE
1951,351046,410.0,1134.546726707811,2.7671871383117344,0.0,0.0,0.0,0.0,29.988739389039672,0.0,0.0,0.0,0.0,0.0,0.0,0.0,0.0,0.0,0.0,0.0,29.988739389039672,78447,0,0,0,35,SALT LAKE
1952,351047,379.0,1186.563142378671,3.130773462740557,0.0,0.0,0.0,0.0,28.992495355640635,0.0,0.0,0.0,0.0,0.0,0.0,0.0,0.0,1.0030052592036065,0.0,0.0,27.989490096437027,111429,0,0,0,35,SALT LAKE
1953,351048,0.0,0.0,0.0,0.0,0.0,0.0,0.0,0.0,0.0,0.0,0.0,0.0,0.0,0.0,0.0,0.0,0.0,0.0,0.0,0.0,111741,0,0,0,35,SALT LAKE
1954,351049,742.0,2467.344698047956,3.325262396291046,0.0,0.0,0.0,0.0,53.97973090027141,0.0,0.0,0.0,0.0,0.0,0.0,0.0,0.0,0.0,0.0,0.0,53.97973090027141,95609,0,0,0,35,SALT LAKE
1955,351050,271.0,877.4089737688437,3.2376714899219325,0.0,0.0,0.0,0.0,19.992492926026447,0.0,0.0,0.0,0.0,0.0,0.0,0.0,0.0,0.0,0.0,0.0,19.992492926026447,121008,0,1160,0,35,SALT LAKE
1956,351051,415.0,1413.2761993592112,3.405484817733039,673.0,421.0,0.0,252.0,702.9887393890397,335.0,86.0,0.0,0.0,7.0,14.0,0.0,231.0,0.0,0.0,0.0,29.988739389039672,108974,0,0,0,35,SALT LAKE
1957,351052,391.0,1260.1712777619632,3.222944444403998,0.0,0.0,0.0,0.0,30.995125261145564,0.0,0.0,0.0,0.0,0.0,0.0,0.0,0.0,2.006010518407213,0.0,0.0,28.98911474273835,126133,0,0,0,35,SALT LAKE
1958,351053,361.0,985.3675723310056,2.7295500618587414,54.0,3.0,0.0,51.0,79.99024080383438,3.0,0.0,0.0,0.0,4.0,40.0,3.0,4.0,0.0,0.0,0.0,25.990240803834386,105501,0,1348,0,35,SALT LAKE
1959,351054,272.0,743.9328882738071,2.7350473833595847,385.0,64.0,28.0,293.0,492.0045970637404,54.0,10.0,0.0,28.0,25.0,1.0,46.0,221.0,1.0030052592036065,0.0,86.00909887851031,19.992492926026447,97218,0,0,0,35,SALT LAKE
1960,351055,540.0,1462.348289614739,2.7080523881754432,3788.0,396.0,2510.0,882.0,3827.984985852053,286.0,110.0,2376.0,134.0,69.0,259.0,166.0,388.0,0.0,0.0,0.0,39.984985852052894,78447,0,0,0,35,SALT LAKE
1961,351056,271.0,863.6687884972957,3.1869696992520136,1462.0,70.0,27.0,1365.0,1489.8800126006538,6.0,64.0,20.0,7.0,211.0,236.0,275.0,643.0,5.015026296018031,2.872493378609194,0.0,19.992492926026447,116012,0,0,0,35,SALT LAKE
1962,351057,284.0,893.1120426506127,3.144760713558495,605.0,43.0,0.0,562.0,633.4463958168541,17.0,26.0,0.0,0.0,185.0,6.0,132.0,239.0,6.018031555221638,1.436246689304597,0.0,20.99211757232777,116012,0,0,0,35,SALT LAKE
1963,351058,333.0,835.2069761490894,2.508129057504773,1022.0,79.0,202.0,741.0,1045.9909915112316,78.0,1.0,82.0,120.0,632.0,31.0,14.0,64.0,0.0,0.0,0.0,23.990991511231737,78814,0,0,0,35,SALT LAKE
1964,351059,0.0,0.0,0.0,1252.0,0.0,93.0,1159.0,1252.0,0.0,0.0,65.0,28.0,112.0,966.0,0.0,81.0,0.0,0.0,0.0,0.0,111741,0,0,0,35,SALT LAKE
1965,351060,0.0,0.0,0.0,191.0,2.0,90.0,99.0,198.00364006468106,0.0,2.0,59.0,31.0,6.0,47.0,0.0,46.0,1.0030052592036065,0.0,6.000634805477464,0.0,111741,0,0,0,35,SALT LAKE
1966,351061,222.0,543.718760031252,2.4491836037443786,116.0,4.0,34.0,78.0,599.0463028254411,2.0,2.0,1.0,33.0,0.0,5.0,0.0,73.0,1.0030052592036065,0.0,466.0493032254164,15.99399434082116,111741,0,0,0,35,SALT LAKE
1967,351062,1151.0,3371.252600554785,2.928977063905113,1031.0,10.0,233.0,788.0,1260.992615597468,4.0,6.0,4.0,229.0,14.0,305.0,5.0,464.0,3.009015777610819,0.0,143.01512953054623,83.96847028931109,111741,866,1286,148,35,SALT LAKE
1968,351063,655.0,2086.5452776650577,3.185565309412302,0.0,0.0,0.0,0.0,47.981983022463474,0.0,0.0,0.0,0.0,0.0,0.0,0.0,0.0,0.0,0.0,0.0,47.981983022463474,97253,0,0,0,35,SALT LAKE
1969,351064,147.0,491.7023443603922,3.3449139072135523,0.0,0.0,0.0,0.0,10.995871109314546,0.0,0.0,0.0,0.0,0.0,0.0,0.0,0.0,0.0,0.0,0.0,10.995871109314546,97253,0,0,0,35,SALT LAKE
1970,351065,111.0,334.67165554270207,3.0150599598441628,258.0,2.0,7.0,249.0,265.99699717041057,2.0,0.0,1.0,6.0,18.0,10.0,115.0,106.0,0.0,0.0,0.0,7.996997170410579,97253,0,0,0,35,SALT LAKE
1971,351066,230.0,636.9557315167556,2.769372745725024,661.0,107.0,119.0,435.0,677.9936189871224,74.0,33.0,0.0,119.0,38.0,177.0,15.0,205.0,0.0,0.0,0.0,16.99361898712248,97218,0,0,2477,35,SALT LAKE
1972,351067,845.0,2212.16982871921,2.617952460022733,1545.0,10.0,1116.0,419.0,1616.0037754035143,5.0,5.0,1111.0,5.0,109.0,50.0,92.0,168.0,9.027047332832456,0.0,0.0,61.97672807068199,78814,0,0,0,35,SALT LAKE
1973,351068,183.0,448.5189049355274,2.450922977789767,1624.0,218.0,105.0,1301.0,1636.9951204019171,104.0,114.0,97.0,8.0,314.0,479.0,30.0,478.0,0.0,0.0,0.0,12.995120401917193,78814,0,0,0,35,SALT LAKE
1974,351069,216.0,595.735175702112,2.758033220843111,830.0,49.0,425.0,356.0,1567.1166681316809,1.0,48.0,346.0,79.0,92.0,50.0,28.0,186.0,16.0480841472577,0.0,705.074589643602,15.99399434082116,111741,0,0,0,35,SALT LAKE
1975,351070,1158.0,3369.289716944564,2.9095766122146496,76.0,10.0,8.0,58.0,160.96809493561238,4.0,6.0,4.0,4.0,3.0,1.0,1.0,53.0,0.0,0.0,0.0,84.9680949356124,111741,0,0,0,35,SALT LAKE
1976,351071,512.0,1633.1191637039774,3.189685866609331,0.0,0.0,0.0,0.0,36.98611191314893,0.0,0.0,0.0,0.0,0.0,0.0,0.0,0.0,0.0,0.0,0.0,36.98611191314893,111741,0,0,0,35,SALT LAKE
1977,351072,576.0,1786.2240853012254,3.1010834814257384,74.0,3.0,2.0,69.0,119.98465834830719,0.0,3.0,1.0,1.0,2.0,1.0,1.0,65.0,0.0,0.0,4.000423203651643,41.98423514465554,98787,0,0,0,35,SALT LAKE
1978,351073,739.0,2473.23334887862,3.346729836100974,307.0,18.0,93.0,196.0,360.9797309002714,18.0,0.0,3.0,90.0,9.0,149.0,3.0,35.0,0.0,0.0,0.0,53.97973090027141,97253,957,0,0,35,SALT LAKE
1979,351074,247.0,821.4667908775415,3.325776481285593,23.0,12.0,4.0,7.0,40.9932436334238,12.0,0.0,2.0,2.0,5.0,0.0,2.0,0.0,0.0,0.0,0.0,17.993243633423802,97253,0,0,0,35,SALT LAKE
1980,351075,711.0,2248.4831755083005,3.1624235942451486,335.0,108.0,1.0,226.0,386.98048160766876,26.0,82.0,0.0,1.0,22.0,4.0,29.0,171.0,0.0,0.0,0.0,51.98048160766877,97253,0,0,0,35,SALT LAKE
1981,351076,327.0,944.147016516362,2.887299744698354,856.0,346.0,14.0,496.0,880.9939967704354,336.0,10.0,3.0,11.0,24.0,16.0,147.0,309.0,1.0030052592036065,0.0,0.0,23.990991511231737,94859,0,0,0,35,SALT LAKE
1982,351077,597.0,1878.4796149816184,3.1465320183946703,33.0,2.0,1.0,30.0,189.99543994041707,2.0,0.0,0.0,1.0,3.0,0.0,14.0,13.0,0.0,0.0,113.0119555031589,43.98348443725818,94859,0,0,0,35,SALT LAKE
1983,351078,641.0,1879.4610567867287,2.932076531648563,257.0,14.0,0.0,243.0,303.98235837616215,14.0,0.0,0.0,0.0,10.0,69.0,135.0,29.0,0.0,0.0,0.0,46.98235837616215,94026,900,0,0,35,SALT LAKE
1984,351079,222.0,620.271220829876,2.7940145082426846,373.0,124.0,13.0,236.0,388.99399434082113,104.0,20.0,1.0,12.0,9.0,13.0,44.0,170.0,0.0,0.0,0.0,15.99399434082116,124040,0,0,0,35,SALT LAKE
1985,351080,613.0,1720.4674843588175,2.8066353741579406,2155.0,737.0,122.0,1296.0,2201.9891196019666,427.0,310.0,9.0,113.0,18.0,393.0,255.0,630.0,2.006010518407213,0.0,0.0,44.98310908355951,79751,0,0,0,35,SALT LAKE
1986,351081,315.0,1005.9778502383274,3.193580476947071,457.0,0.0,235.0,222.0,479.9913668649304,0.0,0.0,5.0,230.0,13.0,113.0,55.0,41.0,0.0,0.0,0.0,22.991366864930416,79751,1045,0,0,35,SALT LAKE
1987,351082,330.0,1113.9364488004894,3.3755649963651195,6356.0,759.0,193.0,5404.0,6386.442264496554,397.0,362.0,56.0,137.0,2897.0,707.0,241.0,1559.0,5.015026296018031,1.436246689304597,0.0,23.990991511231737,125200,0,0,0,35,SALT LAKE
1988,351083,895.0,2315.2212182558187,2.586839350006501,1783.0,75.0,50.0,1658.0,1847.975602009586,12.0,63.0,46.0,4.0,417.0,12.0,47.0,1182.0,0.0,0.0,0.0,64.97560200958596,78814,0,0,0,35,SALT LAKE
1989,351084,330.0,826.3739999030943,2.5041636360699826,5984.0,1591.0,1418.0,2975.0,7349.135769993736,1412.0,179.0,1323.0,95.0,1165.0,183.0,130.0,1497.0,1.0030052592036065,0.0,1340.1417732233003,23.990991511231737,78814,6,3,518,35,SALT LAKE
1990,351085,0.0,0.0,0.0,3114.0,684.0,668.0,1762.0,3122.024042073629,398.0,286.0,291.0,377.0,32.0,132.0,20.0,1578.0,8.02404207362885,0.0,0.0,0.0,111741,0,0,0,35,SALT LAKE
1991,351086,0.0,0.0,0.0,0.0,0.0,0.0,0.0,2.006010518407213,0.0,0.0,0.0,0.0,0.0,0.0,0.0,0.0,2.006010518407213,0.0,0.0,0.0,111741,0,0,0,35,SALT LAKE
1992,351087,18.0,41.22055581464366,2.2900308785913146,0.0,0.0,0.0,0.0,23.065740348780658,0.0,0.0,0.0,0.0,0.0,0.0,0.0,0.0,22.066115702479337,0.0,0.0,0.9996246463013224,111741,0,0,0,35,SALT LAKE
1993,351088,25.0,85.38543704461901,3.41541748178476,0.0,0.0,0.0,0.0,11.026296625435101,0.0,0.0,0.0,0.0,0.0,0.0,0.0,0.0,9.027047332832456,0.0,0.0,1.9992492926026448,111741,0,0,0,35,SALT LAKE
1994,351089,91.0,251.2491021083042,2.7609791440472997,609.0,3.0,42.0,564.0,1198.0734459468767,2.0,1.0,4.0,38.0,32.0,6.0,503.0,23.0,5.015026296018031,0.0,577.0610471267495,6.997372524109257,111741,0,0,0,35,SALT LAKE
1995,351090,208.0,491.7023443603922,2.363953578655732,26.0,2.0,2.0,22.0,134.0245053874554,2.0,0.0,0.0,2.0,0.0,0.0,0.0,22.0,7.021036814425244,0.0,86.00909887851031,14.994369694519836,111741,0,0,0,35,SALT LAKE
1996,351091,1742.0,4984.742928156551,2.8615056992861945,3787.0,94.0,185.0,3508.0,4424.006288545852,11.0,83.0,18.0,167.0,377.0,898.0,173.0,2060.0,0.0,0.0,510.05395846558446,126.95233008026794,103606,0,0,0,35,SALT LAKE
1997,351092,598.0,1933.4403560678095,3.2331778529562034,106.0,6.0,19.0,81.0,149.98348443725817,3.0,3.0,1.0,18.0,16.0,2.0,4.0,59.0,0.0,0.0,0.0,43.98348443725818,97253,0,0,0,35,SALT LAKE
1998,351093,446.0,1384.8143870110048,3.104964993298217,0.0,0.0,0.0,0.0,33.990618587147246,0.0,0.0,0.0,0.0,0.0,0.0,0.0,0.0,1.0030052592036065,0.0,0.0,32.98761332794364,97253,0,0,0,35,SALT LAKE
1999,351094,1130.0,3238.757956864859,2.8661574839512025,635.0,310.0,9.0,316.0,717.9688456430098,24.0,286.0,1.0,8.0,105.0,5.0,1.0,205.0,0.0,0.0,0.0,82.96884564300976,94859,0,0,0,35,SALT LAKE
2000,351095,415.0,1300.4103917714965,3.133519016316859,45.0,4.0,17.0,24.0,75.99174464824327,4.0,0.0,0.0,17.0,5.0,0.0,3.0,16.0,1.0030052592036065,0.0,0.0,29.988739389039672,94859,0,0,0,35,SALT LAKE
2001,351096,92.0,257.1377529389676,2.794975575423561,245.0,5.0,116.0,124.0,253.00037778331287,5.0,0.0,1.0,115.0,14.0,24.0,2.0,84.0,1.0030052592036065,0.0,0.0,6.997372524109257,124040,0,0,0,35,SALT LAKE
2002,351097,264.0,805.7637219957725,3.0521353105900477,0.0,0.0,0.0,0.0,20.99887879813234,0.0,0.0,0.0,0.0,0.0,0.0,0.0,0.0,2.006010518407213,0.0,0.0,18.992868279725126,126394,0,0,0,35,SALT LAKE
2003,351098,163.0,476.9807172837338,2.9262620692253605,25.0,1.0,2.0,22.0,39.00150627402308,1.0,0.0,1.0,1.0,3.0,0.0,0.0,19.0,2.006010518407213,0.0,0.0,11.995495755615869,78814,0,0,0,35,SALT LAKE
2004,351099,26.0,89.31120426506126,3.435046317886972,14.0,4.0,3.0,7.0,24.023291366231494,4.0,0.0,1.0,2.0,0.0,0.0,0.0,7.0,8.02404207362885,0.0,0.0,1.9992492926026448,111741,0,0,0,35,SALT LAKE
2005,351100,45.0,145.25338715636337,3.227853047919186,0.0,0.0,0.0,0.0,10.019910753329212,0.0,0.0,0.0,0.0,0.0,0.0,0.0,0.0,7.021036814425244,0.0,0.0,2.998873938903967,111741,0,0,0,35,SALT LAKE
2006,351101,704.0,2229.8357812112,3.1673803710386363,0.0,0.0,0.0,0.0,76.98312663049154,0.0,0.0,0.0,0.0,0.0,0.0,0.0,0.0,0.0,0.0,25.00264502282277,51.98048160766877,111741,0,0,0,35,SALT LAKE
2007,351102,472.0,1544.7894012440267,3.2728589009407347,20.0,17.0,1.0,2.0,55.989867879749895,12.0,5.0,1.0,0.0,0.0,0.0,1.0,1.0,1.0030052592036065,0.0,0.0,34.98686262054628,111741,0,0,0,35,SALT LAKE
2008,351103,91.0,216.8986389294345,2.3835015266970823,726.0,476.0,30.0,220.0,978.0290926643538,295.0,181.0,16.0,14.0,23.0,50.0,43.0,104.0,2.006010518407213,0.0,243.0257096218373,6.997372524109257,111741,0,0,0,35,SALT LAKE
2009,351104,981.0,2514.453904693263,2.563153827414132,1449.0,114.0,267.0,1068.0,3099.1399283742685,111.0,3.0,6.0,261.0,36.0,18.0,84.0,930.0,0.0,0.0,1578.1669538405731,71.97297453369521,111741,0,0,0,35,SALT LAKE
2010,351105,586.0,1868.6651969305128,3.188848458925789,0.0,0.0,0.0,0.0,42.98385979095686,0.0,0.0,0.0,0.0,0.0,0.0,0.0,0.0,0.0,0.0,0.0,42.98385979095686,97253,0,0,0,35,SALT LAKE
2011,351106,499.0,1593.8614914995549,3.194111205409929,655.0,0.0,175.0,480.0,691.986111913149,0.0,0.0,5.0,170.0,30.0,225.0,1.0,224.0,0.0,0.0,0.0,36.98611191314893,97253,848,0,0,35,SALT LAKE
2012,351107,455.0,1524.1791233367048,3.349844227113637,16.0,0.0,0.0,16.0,48.98761332794364,0.0,0.0,0.0,0.0,5.0,0.0,1.0,10.0,0.0,0.0,0.0,32.98761332794364,97253,0,0,0,35,SALT LAKE
2013,351108,131.0,417.1127671719894,3.184066924977018,595.0,392.0,3.0,200.0,605.9992517222169,171.0,221.0,0.0,3.0,2.0,36.0,5.0,157.0,1.0030052592036065,0.0,0.0,9.996246463013224,97253,371,132,0,35,SALT LAKE
2014,351109,517.0,1441.7380117074176,2.7886615313489704,1574.0,1054.0,2.0,518.0,1611.9857365594503,585.0,469.0,2.0,0.0,210.0,49.0,29.0,230.0,0.0,0.0,0.0,37.98573655945025,94859,0,0,0,35,SALT LAKE
2015,351110,249.0,804.7822801906619,3.2320573501633008,176.0,97.0,0.0,79.0,193.9932436334238,17.0,80.0,0.0,0.0,7.0,58.0,3.0,11.0,0.0,0.0,0.0,17.993243633423802,94859,0,174,264,35,SALT LAKE
2016,351111,352.0,1105.1034725544944,3.139498501575268,0.0,0.0,0.0,0.0,25.990240803834386,0.0,0.0,0.0,0.0,0.0,0.0,0.0,0.0,0.0,0.0,0.0,25.990240803834386,94859,0,0,0,35,SALT LAKE
2017,351112,118.0,365.0963515011296,3.0940368771282167,30.0,0.0,13.0,17.0,38.9966218167119,0.0,0.0,0.0,13.0,9.0,0.0,0.0,8.0,0.0,0.0,0.0,8.996621816711901,124040,0,0,0,35,SALT LAKE
2018,351113,269.0,814.5966982417676,3.0282405139099167,657.0,6.0,6.0,645.0,676.9924929260264,6.0,0.0,2.0,4.0,413.0,58.0,61.0,113.0,0.0,0.0,0.0,19.992492926026447,95326,0,0,0,35,SALT LAKE
2019,351114,59.0,190.3997101914493,3.2271137320584624,423.0,17.0,40.0,366.0,641.0211399805681,16.0,1.0,2.0,38.0,27.0,58.0,28.0,253.0,0.0,0.0,214.02264139536288,3.9984985852052897,79953,625,0,0,35,SALT LAKE
2020,351115,244.0,782.209118673119,3.205775076529176,0.0,0.0,0.0,0.0,76.00227954466331,0.0,0.0,0.0,0.0,0.0,0.0,0.0,0.0,1.0030052592036065,0.0,57.00603065203591,17.993243633423802,126394,0,0,0,35,SALT LAKE
2021,351116,275.0,896.0563680659443,3.25838679296707,232.0,41.0,19.0,172.0,251.99249292602644,41.0,0.0,0.0,19.0,3.0,79.0,1.0,89.0,0.0,0.0,0.0,19.992492926026447,100303,720,289,0,35,SALT LAKE
2022,351117,37.0,116.79157480815704,3.156529048869109,220.0,40.0,52.0,128.0,681.1082193811217,1.0,39.0,52.0,0.0,1.0,16.0,1.0,110.0,21.063110443275733,0.0,437.04623499894194,2.998873938903967,102017,0,0,0,35,SALT LAKE
2023,351118,57.0,177.64096672501196,3.1165081881581047,1.0,0.0,1.0,0.0,28.067619546888235,0.0,0.0,0.0,1.0,0.0,0.0,0.0,0.0,23.069120961682945,0.0,0.0,3.9984985852052897,70283,0,0,0,35,SALT LAKE
2024,351119,79.0,259.1006365491887,3.279754893027705,1498.0,9.0,295.0,1194.0,1567.0160111684843,8.0,1.0,0.0,295.0,1.0,996.0,0.0,197.0,4.012021036814425,0.0,59.00624225386173,5.997747877807934,70283,1677,60,2194,35,SALT LAKE
2025,351120,811.0,2598.857899932772,3.2045103575003355,750.0,13.0,306.0,431.0,808.977854131778,13.0,0.0,1.0,305.0,2.0,239.0,18.0,172.0,0.0,0.0,0.0,58.97785413177802,70283,0,1029,0,35,SALT LAKE
2026,351121,443.0,1409.350432138769,3.1813779506518487,80.0,37.0,10.0,33.0,111.98798868164232,36.0,1.0,1.0,9.0,0.0,12.0,1.0,20.0,0.0,0.0,0.0,31.98798868164232,70283,0,0,0,35,SALT LAKE
2027,351122,37.0,90.29264607017184,2.44034178568032,647.0,150.0,211.0,286.0,771.0464693488545,132.0,18.0,3.0,208.0,13.0,3.0,53.0,217.0,12.036063110443276,0.0,109.01153229950727,2.998873938903967,70283,0,0,0,35,SALT LAKE
2028,351123,768.0,2664.61450087518,3.4695501313478903,27.0,14.0,2.0,11.0,83.98198545207765,14.0,0.0,0.0,2.0,1.0,0.0,1.0,9.0,1.0030052592036065,0.0,0.0,55.97898019287405,70283,0,0,0,35,SALT LAKE
2029,351124,1424.0,4757.0484293709005,3.340623897030127,86.0,1.0,71.0,14.0,192.9699789929483,0.0,1.0,1.0,70.0,0.0,1.0,0.0,13.0,3.009015777610819,0.0,0.0,103.96096321533751,70283,0,0,0,35,SALT LAKE
2030,351125,255.0,832.2626507337577,3.263775100916697,35.0,1.0,0.0,34.0,65.02592613096479,0.0,1.0,0.0,0.0,4.0,2.0,26.0,2.0,11.033057851239668,0.0,0.0,18.992868279725126,76828,0,0,0,35,SALT LAKE
2031,351126,231.0,797.912187554888,3.454165314090424,34.0,2.0,15.0,17.0,94.01556517612181,1.0,1.0,0.0,15.0,3.0,0.0,3.0,11.0,6.018031555221638,0.0,37.0039146337777,16.99361898712248,70283,0,0,0,35,SALT LAKE
2032,351127,472.0,1564.418237346238,3.314445418106436,533.0,58.0,178.0,297.0,567.9868626205463,53.0,5.0,12.0,166.0,21.0,119.0,47.0,110.0,0.0,0.0,0.0,34.98686262054628,76631,1008,0,0,35,SALT LAKE
2033,351128,493.0,1561.4739119309063,3.1672898822127915,40.0,2.0,20.0,18.0,75.9864872668476,0.0,2.0,1.0,19.0,0.0,0.0,0.0,18.0,0.0,0.0,0.0,35.986487266847604,86391,0,0,0,35,SALT LAKE
2034,351129,1.0,1.962883610221127,1.962883610221127,184.0,1.0,127.0,56.0,408.03239777936403,0.0,1.0,3.0,124.0,1.0,6.0,5.0,44.0,3.009015777610819,0.0,221.02338200175325,0.0,102017,0,0,0,35,SALT LAKE
2035,351130,254.0,812.6338146315464,3.199345726895852,1.0,0.0,1.0,0.0,25.00789457574316,0.0,0.0,0.0,1.0,0.0,0.0,0.0,0.0,5.015026296018031,0.0,0.0,18.992868279725126,102017,0,0,0,35,SALT LAKE
2036,351131,101.0,320.93147027115424,3.1775393096153883,177.0,9.0,63.0,105.0,368.0313371835383,0.0,9.0,8.0,55.0,0.0,11.0,11.0,83.0,5.015026296018031,0.0,179.01893836341102,6.997372524109257,102017,0,0,0,35,SALT LAKE
2037,351132,106.0,345.4675153989183,3.25912750376338,241.0,15.0,136.0,90.0,251.00300768881777,15.0,0.0,1.0,135.0,0.0,86.0,0.0,4.0,2.006010518407213,0.0,0.0,7.996997170410579,86391,933,0,0,35,SALT LAKE
2038,351133,173.0,586.9021994561169,3.392498262752121,415.0,166.0,7.0,242.0,427.9951204019172,56.0,110.0,1.0,6.0,32.0,38.0,88.0,84.0,0.0,0.0,0.0,12.995120401917193,86391,0,0,0,35,SALT LAKE
2039,351134,1061.0,3454.675153989183,3.256055753052953,686.0,515.0,32.0,139.0,972.9928348023016,273.0,242.0,4.0,28.0,20.0,3.0,15.0,101.0,0.0,0.0,209.02211239079833,77.97072241150315,86391,0,0,0,35,SALT LAKE
2040,351135,575.0,1795.0570615472204,3.1218383679082096,257.0,123.0,13.0,121.0,311.9856105565234,34.0,89.0,1.0,12.0,2.0,6.0,2.0,111.0,0.0,0.0,13.001375411867839,41.98423514465554,86391,0,0,0,35,SALT LAKE
2041,351136,334.0,1149.2683537844696,3.440923214923562,45.0,0.0,28.0,17.0,75.9946315759128,0.0,0.0,0.0,28.0,0.0,1.0,0.0,16.0,1.0030052592036065,0.0,6.000634805477464,23.990991511231737,102017,0,0,0,35,SALT LAKE
2042,351137,254.0,911.7594369477132,3.5896040824713125,60.0,2.0,0.0,58.0,78.99286827972513,2.0,0.0,0.0,0.0,1.0,0.0,20.0,37.0,0.0,0.0,0.0,18.992868279725126,86391,0,0,0,35,SALT LAKE
2043,351138,372.0,1245.449650685305,3.3479829319497445,50.0,25.0,2.0,23.0,76.98986545013571,25.0,0.0,1.0,1.0,16.0,1.0,0.0,6.0,0.0,0.0,0.0,26.989865450135703,86391,0,0,0,35,SALT LAKE
2044,351139,668.0,2190.5781090067776,3.279308546417332,24.0,0.0,0.0,24.0,72.98160766876481,0.0,0.0,0.0,0.0,0.0,13.0,9.0,2.0,0.0,0.0,0.0,48.9816076687648,102017,918,0,0,35,SALT LAKE
2045,351140,295.0,973.5902706696788,3.300306002270098,0.0,0.0,0.0,0.0,21.99174221862909,0.0,0.0,0.0,0.0,0.0,0.0,0.0,0.0,0.0,0.0,0.0,21.99174221862909,105639,0,0,0,35,SALT LAKE
2046,351141,255.0,863.6687884972957,3.386936425479591,0.0,0.0,0.0,0.0,18.992868279725126,0.0,0.0,0.0,0.0,0.0,0.0,0.0,0.0,0.0,0.0,0.0,18.992868279725126,106184,0,0,0,35,SALT LAKE
2047,351142,78.0,242.41612586230917,3.107899049516784,1397.0,13.0,354.0,1030.0,1410.0187846922333,13.0,0.0,5.0,349.0,4.0,96.0,9.0,921.0,7.021036814425244,0.0,0.0,5.997747877807934,105293,600,0,1499,35,SALT LAKE
2048,351143,814.0,2799.0720281753265,3.438663425276814,0.0,0.0,0.0,0.0,87.98044120364085,0.0,0.0,0.0,0.0,0.0,0.0,0.0,0.0,0.0,0.0,28.0029624255615,59.97747877807935,105293,0,0,0,35,SALT LAKE
2049,351144,13.0,37.29478859420141,2.8688298918616466,0.0,0.0,0.0,0.0,0.9996246463013224,0.0,0.0,0.0,0.0,0.0,0.0,0.0,0.0,0.0,0.0,0.0,0.9996246463013224,110636,0,1519,0,35,SALT LAKE
2050,351145,330.0,1138.4724939282537,3.449916648267435,0.0,0.0,0.0,0.0,53.99416553861906,0.0,0.0,0.0,0.0,0.0,0.0,0.0,0.0,0.0,0.0,30.00317402738732,23.990991511231737,105293,0,0,0,35,SALT LAKE
2051,351146,336.0,1148.286911979359,3.41752057136714,0.0,0.0,0.0,0.0,24.99061615753306,0.0,0.0,0.0,0.0,0.0,0.0,0.0,0.0,0.0,0.0,0.0,24.99061615753306,105818,0,0,0,35,SALT LAKE
2052,351147,606.0,2118.9328572337063,3.496588873322948,125.0,0.0,0.0,125.0,168.98348443725817,0.0,0.0,0.0,0.0,4.0,85.0,4.0,32.0,0.0,0.0,0.0,43.98348443725818,105928,1039,0,0,35,SALT LAKE
2053,351148,1699.0,5857.2446928998415,3.447465975809206,2.0,0.0,1.0,1.0,133.97749821499286,0.0,0.0,1.0,0.0,0.0,0.0,0.0,1.0,8.02404207362885,0.0,0.0,123.953456141364,105293,0,0,0,35,SALT LAKE
2054,351149,494.0,1662.5624178572943,3.365510967322458,0.0,0.0,0.0,0.0,35.986487266847604,0.0,0.0,0.0,0.0,0.0,0.0,0.0,0.0,0.0,0.0,0.0,35.986487266847604,105293,0,0,0,35,SALT LAKE
2055,351150,718.0,2432.012793063976,3.387204447164312,27.0,8.0,0.0,19.0,79.98010625397009,4.0,4.0,0.0,0.0,0.0,1.0,0.0,18.0,0.0,0.0,0.0,52.980106253970085,105293,0,0,0,35,SALT LAKE
2056,351151,719.0,2315.2212182558187,3.220057327198635,235.0,50.0,20.0,165.0,1289.0860129677935,8.0,42.0,17.0,3.0,1.0,5.0,81.0,78.0,0.0,0.0,1001.1059067138236,52.980106253970085,105293,0,0,0,35,SALT LAKE
2057,351152,456.0,1602.69446774555,3.514680850319188,67.0,0.0,0.0,67.0,99.98761332794365,0.0,0.0,0.0,0.0,1.0,56.0,7.0,3.0,0.0,0.0,0.0,32.98761332794364,105293,971,677,440,35,SALT LAKE
2058,351153,816.0,2683.26189517228,3.288311146044461,1.0,0.0,0.0,1.0,63.98649455569017,0.0,0.0,0.0,0.0,0.0,0.0,0.0,1.0,3.009015777610819,0.0,0.0,59.97747877807935,105293,0,0,308,35,SALT LAKE
2059,351154,70.0,184.5110593607859,2.635872276582656,67.0,2.0,46.0,19.0,1653.1653944748184,0.0,2.0,1.0,45.0,6.0,1.0,5.0,7.0,0.0,0.0,1581.1672712433117,4.998123231506612,105293,0,0,0,35,SALT LAKE
2060,351155,0.0,0.0,0.0,0.0,0.0,0.0,0.0,0.0,0.0,0.0,0.0,0.0,0.0,0.0,0.0,0.0,0.0,0.0,0.0,0.0,105293,0,0,0,35,SALT LAKE
2061,351156,248.0,541.755876421031,2.1844995016977053,1919.0,174.0,686.0,1059.0,2840.088781857782,101.0,73.0,60.0,626.0,67.0,34.0,18.0,940.0,0.0,0.0,903.0955382243584,17.993243633423802,105293,0,0,0,35,SALT LAKE
2062,351157,565.0,1961.902168416016,3.472393218435427,218.0,0.0,4.0,214.0,258.98461049835424,0.0,0.0,2.0,2.0,12.0,91.0,4.0,107.0,0.0,0.0,0.0,40.98461049835422,72003,912,0,0,35,SALT LAKE
2063,351158,160.0,537.8301092005887,3.3614381825036794,902.0,135.0,42.0,725.0,1167.0512579694891,7.0,128.0,3.0,39.0,99.0,16.0,339.0,271.0,10.030052592036062,0.0,243.0257096218373,11.995495755615869,114476,0,0,0,35,SALT LAKE
2064,351159,366.0,1218.9507219473196,3.330466453407977,688.0,436.0,3.0,249.0,715.9928707093393,223.0,213.0,1.0,2.0,9.0,16.0,63.0,161.0,1.0030052592036065,0.0,0.0,26.989865450135703,114476,0,0,0,35,SALT LAKE
2065,351160,243.0,839.1327433695317,3.45322116612976,99.0,0.0,14.0,85.0,116.9932436334238,0.0,0.0,0.0,14.0,12.0,31.0,10.0,32.0,0.0,0.0,0.0,17.993243633423802,114476,0,0,0,35,SALT LAKE
2066,351161,680.0,2363.3118667062363,3.475458627509171,1438.0,419.0,45.0,974.0,1487.981232315066,368.0,51.0,33.0,12.0,25.0,494.0,19.0,436.0,0.0,0.0,0.0,49.98123231506612,114057,0,0,2230,35,SALT LAKE
2067,351162,444.0,1316.1134606532655,2.9642195059758234,295.0,40.0,32.0,223.0,326.9879886816423,22.0,18.0,1.0,31.0,8.0,18.0,45.0,152.0,0.0,0.0,0.0,31.98798868164232,79738,0,0,0,35,SALT LAKE
2068,351163,159.0,493.6652279706134,3.10481275453216,0.0,0.0,0.0,0.0,11.995495755615869,0.0,0.0,0.0,0.0,0.0,0.0,0.0,0.0,0.0,0.0,0.0,11.995495755615869,79738,0,0,0,35,SALT LAKE
2069,351164,875.0,2692.094871418275,3.076679853049457,1079.0,381.0,39.0,659.0,1167.9786223861074,222.0,159.0,6.0,33.0,34.0,138.0,54.0,433.0,0.0,0.0,25.00264502282277,63.97597736328464,84793,641,0,0,35,SALT LAKE
2070,351165,876.0,2721.538125571592,3.1067786821593515,182.0,28.0,9.0,145.0,277.9822624507885,23.0,5.0,1.0,8.0,41.0,4.0,10.0,90.0,1.0030052592036065,0.0,31.00327982830023,63.97597736328464,88677,0,0,0,35,SALT LAKE
2071,351166,701.0,2121.877182649038,3.0269289338787986,79.0,39.0,1.0,39.0,130.98386222057104,26.0,13.0,0.0,1.0,2.0,1.0,5.0,31.0,1.0030052592036065,0.0,0.0,50.98085696136744,123834,0,0,0,35,SALT LAKE
2072,351167,634.0,2042.3803964350825,3.2214201836515493,0.0,0.0,0.0,0.0,45.98273372986083,0.0,0.0,0.0,0.0,0.0,0.0,0.0,0.0,0.0,0.0,0.0,45.98273372986083,86391,0,0,0,35,SALT LAKE
2073,351168,269.0,906.8522279221604,3.3711978733165817,83.0,14.0,39.0,30.0,102.99249292602644,14.0,0.0,0.0,39.0,2.0,3.0,4.0,21.0,0.0,0.0,0.0,19.992492926026447,86391,0,0,0,35,SALT LAKE
2074,351169,122.0,357.24481706024505,2.928236205411845,1293.0,62.0,6.0,1225.0,2087.105770657963,1.0,61.0,1.0,5.0,52.0,33.0,809.0,331.0,9.027047332832456,0.0,776.0821015084186,8.996621816711901,127846,0,0,0,35,SALT LAKE
2075,351170,107.0,365.0963515011296,3.412115434589996,1852.0,43.0,9.0,1800.0,1859.9969971704106,26.0,17.0,2.0,7.0,93.0,407.0,1176.0,124.0,0.0,0.0,0.0,7.996997170410579,127846,859,0,0,35,SALT LAKE
2076,351171,100.0,340.5603063733655,3.405603063733655,695.0,11.0,118.0,566.0,704.0033830425165,11.0,0.0,5.0,113.0,328.0,114.0,75.0,49.0,2.006010518407213,0.0,0.0,6.997372524109257,127846,0,0,0,35,SALT LAKE
2077,351172,346.0,1253.3011851261897,3.622257760480316,175.0,25.0,4.0,146.0,199.99061615753305,24.0,1.0,1.0,3.0,13.0,11.0,66.0,56.0,0.0,0.0,0.0,24.99061615753306,104529,0,0,0,35,SALT LAKE
2078,351173,277.0,903.9079025068288,3.2632054242123782,246.0,10.0,19.0,217.0,265.99249292602644,10.0,0.0,2.0,17.0,5.0,139.0,6.0,67.0,0.0,0.0,0.0,19.992492926026447,88476,802,1304,0,35,SALT LAKE
2079,351174,735.0,2199.4110852527724,2.9923960343575136,573.0,112.0,60.0,401.0,720.989676186085,33.0,79.0,0.0,60.0,19.0,171.0,46.0,165.0,0.0,0.0,94.0099452858136,53.97973090027141,68984,0,0,0,35,SALT LAKE
2080,351175,283.0,847.9657196155267,2.996345298994794,297.0,75.0,7.0,215.0,379.00147088630604,71.0,4.0,0.0,7.0,11.0,17.0,18.0,169.0,1.0030052592036065,0.0,60.00634805477464,20.99211757232777,113721,0,0,0,35,SALT LAKE
2081,351176,193.0,512.312622267714,2.65446954542857,245.0,4.0,1.0,240.0,258.99474504821853,3.0,1.0,1.0,0.0,57.0,2.0,107.0,74.0,0.0,0.0,0.0,13.994745048218514,113721,0,0,0,35,SALT LAKE
2082,351177,70.0,136.4204109103683,1.948863013005261,1911.0,1423.0,225.0,263.0,1922.0161547867283,771.0,652.0,9.0,216.0,4.0,12.0,17.0,230.0,6.018031555221638,0.0,0.0,4.998123231506612,86391,0,0,0,35,SALT LAKE
2083,351178,142.0,343.5046317886972,2.419046702737304,1840.0,1689.0,5.0,146.0,1862.0323095734566,2.0,1687.0,1.0,4.0,3.0,5.0,79.0,59.0,12.036063110443276,0.0,0.0,9.996246463013224,127846,0,0,0,35,SALT LAKE
2084,351179,0.0,0.0,0.0,789.0,400.0,62.0,327.0,790.0030052592036,231.0,169.0,0.0,62.0,0.0,43.0,34.0,250.0,1.0030052592036065,0.0,0.0,0.0,127846,0,0,0,35,SALT LAKE
2085,351180,123.0,456.3704393764119,3.7103287754179832,0.0,0.0,0.0,0.0,12.005637594322721,0.0,0.0,0.0,0.0,0.0,0.0,0.0,0.0,3.009015777610819,0.0,0.0,8.996621816711901,127846,0,0,0,35,SALT LAKE
2086,351181,364.0,1283.725881084617,3.5267194535291675,0.0,0.0,0.0,0.0,26.989865450135703,0.0,0.0,0.0,0.0,0.0,0.0,0.0,0.0,0.0,0.0,0.0,26.989865450135703,104529,0,0,0,35,SALT LAKE
2087,351182,367.0,1141.416819343585,3.110127573143284,18.0,0.0,1.0,17.0,44.9898654501357,0.0,0.0,0.0,1.0,2.0,0.0,14.0,1.0,0.0,0.0,0.0,26.989865450135703,94115,0,0,0,35,SALT LAKE
2088,351183,350.0,1035.4211043916443,2.958346012547555,27.0,0.0,0.0,27.0,71.99225102117968,0.0,0.0,0.0,0.0,0.0,21.0,0.0,6.0,0.0,0.0,19.0020102173453,25.990240803834386,92183,658,0,0,35,SALT LAKE
2089,351184,128.0,410.2426745362155,3.2050208948141834,58.0,3.0,1.0,54.0,66.9966218167119,3.0,0.0,0.0,1.0,1.0,2.0,32.0,19.0,0.0,0.0,0.0,8.996621816711901,86391,0,0,0,35,SALT LAKE
2090,351185,499.0,1697.8943228412743,3.402593833349248,0.0,0.0,0.0,0.0,38.42235860245353,0.0,0.0,0.0,0.0,0.0,0.0,0.0,0.0,0.0,1.436246689304597,0.0,36.98611191314893,110636,1025,0,0,35,SALT LAKE
2091,351186,523.0,1790.1498525216675,3.422848666389421,169.0,105.0,13.0,51.0,206.98573655945026,4.0,101.0,0.0,13.0,2.0,7.0,2.0,40.0,0.0,0.0,0.0,37.98573655945025,90562,0,0,0,35,SALT LAKE
2092,351187,2.0,6.870092635773943,3.435046317886972,77.0,45.0,2.0,30.0,93.0480841472577,42.0,3.0,1.0,1.0,0.0,23.0,0.0,7.0,16.0480841472577,0.0,0.0,0.0,105293,0,0,0,35,SALT LAKE
2093,351188,117.0,420.0570925873211,3.5902315605753943,222.0,96.0,0.0,126.0,234.0056375943227,6.0,90.0,0.0,0.0,0.0,77.0,25.0,24.0,3.009015777610819,0.0,0.0,8.996621816711901,127846,0,1341,0,35,SALT LAKE
2094,351189,368.0,1267.0413703977372,3.4430472021677643,942.0,514.0,2.0,426.0,1006.9938858848262,422.0,92.0,1.0,1.0,2.0,116.0,75.0,233.0,0.0,0.0,38.0040204346906,26.989865450135703,127846,0,0,0,35,SALT LAKE
2095,351190,312.0,1078.604543816509,3.457065845565734,155.0,1.0,0.0,154.0,177.99136686493043,1.0,0.0,0.0,0.0,6.0,136.0,10.0,2.0,0.0,0.0,0.0,22.991366864930416,113796,86,52,83,35,SALT LAKE
2096,351191,35.0,94.21841329061408,2.6919546654461164,0.0,0.0,0.0,0.0,10.019910753329212,0.0,0.0,0.0,0.0,0.0,0.0,0.0,0.0,7.021036814425244,0.0,0.0,2.998873938903967,78975,0,0,0,35,SALT LAKE
2097,351192,529.0,1615.4532112119873,3.053786788680505,114.0,54.0,32.0,28.0,158.98599601122902,34.0,20.0,0.0,32.0,2.0,2.0,4.0,20.0,0.0,0.0,6.000634805477464,38.98536120575157,78975,0,0,0,35,SALT LAKE
2098,351193,182.0,569.2362469641267,3.1276716866160807,150.0,0.0,0.0,150.0,162.9951204019172,0.0,0.0,0.0,0.0,6.0,1.0,127.0,16.0,0.0,0.0,0.0,12.995120401917193,112204,0,0,0,35,SALT LAKE
2099,351194,127.0,361.1705842806873,2.8438628683518687,30.0,0.0,0.0,30.0,47.02066389034075,0.0,0.0,0.0,0.0,0.0,0.0,17.0,13.0,8.02404207362885,0.0,0.0,8.996621816711901,113721,0,0,0,35,SALT LAKE
2100,351195,471.0,1569.3254463717908,3.331901160025033,0.0,0.0,0.0,0.0,33.98723797424496,0.0,0.0,0.0,0.0,0.0,0.0,0.0,0.0,0.0,0.0,0.0,33.98723797424496,110636,0,0,0,35,SALT LAKE
2101,351196,330.0,881.3347409892858,2.670711336331169,257.0,37.0,102.0,118.0,309.0142501448281,37.0,0.0,1.0,101.0,26.0,17.0,7.0,68.0,7.021036814425244,0.0,21.002221819171126,23.990991511231737,148008,0,0,0,35,SALT LAKE
2102,351197,232.0,620.271220829876,2.6735828484046382,250.0,85.0,5.0,160.0,274.01465580154775,85.0,0.0,4.0,1.0,56.0,5.0,61.0,38.0,7.021036814425244,0.0,0.0,16.99361898712248,148008,0,0,0,35,SALT LAKE
2103,351198,362.0,944.147016516362,2.6081409296032096,1230.0,338.0,3.0,889.0,1287.9936264330477,337.0,1.0,3.0,0.0,11.0,189.0,0.0,689.0,0.0,0.0,32.00338562921314,25.990240803834386,90059,0,0,0,35,SALT LAKE
2104,351199,0.0,0.0,0.0,4688.0,588.0,537.0,3563.0,4689.003005259204,540.0,48.0,451.0,86.0,1571.0,510.0,21.0,1461.0,1.0030052592036065,0.0,0.0,0.0,90059,0,0,0,35,SALT LAKE
2105,351200,534.0,1382.8515034007837,2.5896095569303066,1787.0,250.0,168.0,1369.0,1825.9853612057516,193.0,57.0,117.0,51.0,268.0,161.0,292.0,648.0,0.0,0.0,0.0,38.98536120575157,97701,0,0,0,35,SALT LAKE
2106,351201,298.0,808.7080474111042,2.713785393996994,0.0,0.0,0.0,0.0,21.99174221862909,0.0,0.0,0.0,0.0,0.0,0.0,0.0,0.0,0.0,0.0,0.0,21.99174221862909,114601,0,0,0,35,SALT LAKE
2107,351202,284.0,710.5638669000479,2.501985446831154,565.0,160.0,1.0,404.0,585.9921175723277,153.0,7.0,0.0,1.0,19.0,27.0,125.0,233.0,0.0,0.0,0.0,20.99211757232777,114601,0,0,0,35,SALT LAKE
2108,351203,643.0,1635.0820473141985,2.5428958745166383,2031.0,794.0,7.0,1230.0,2077.982358376162,377.0,417.0,3.0,4.0,89.0,33.0,435.0,673.0,0.0,0.0,0.0,46.98235837616215,90770,0,0,0,35,SALT LAKE
2109,351204,470.0,1228.7651399984252,2.6143939148902664,783.0,164.0,8.0,611.0,818.9932484926522,6.0,158.0,6.0,2.0,142.0,194.0,129.0,146.0,2.006010518407213,0.0,0.0,33.98723797424496,90770,0,0,0,35,SALT LAKE
2110,351205,374.0,1178.7116079377863,3.151635315341675,991.0,23.0,229.0,739.0,1065.9949438939555,22.0,1.0,35.0,194.0,179.0,56.0,117.0,387.0,0.0,0.0,48.00507844381971,26.989865450135703,81668,0,0,0,35,SALT LAKE
2111,351206,369.0,941.2026911010304,2.550684799731789,2381.0,36.0,1571.0,774.0,2408.9928707093395,24.0,12.0,1200.0,371.0,23.0,146.0,0.0,605.0,1.0030052592036065,0.0,0.0,26.989865450135703,90059,1228,526,188,35,SALT LAKE
2112,351207,74.0,178.62240853012253,2.4138163314881425,631.0,79.0,62.0,490.0,635.9981232315066,28.0,51.0,59.0,3.0,87.0,61.0,42.0,300.0,0.0,0.0,0.0,4.998123231506612,90770,0,0,0,35,SALT LAKE
2113,351208,90.0,260.08207835429926,2.889800870603325,1422.0,512.0,54.0,856.0,1440.9986421350643,293.0,219.0,37.0,17.0,124.0,113.0,77.0,542.0,0.0,0.0,12.001269610954928,6.997372524109257,114181,0,0,0,35,SALT LAKE
2114,351209,19.0,48.0906484504176,2.5310867605482947,417.0,245.0,2.0,170.0,528.0112627467215,173.0,72.0,1.0,1.0,4.0,34.0,52.0,80.0,0.0,0.0,110.01163810042017,0.9996246463013224,111398,0,0,0,35,SALT LAKE
2115,351210,201.0,632.0485224912028,3.144520012394044,0.0,0.0,0.0,0.0,14.994369694519836,0.0,0.0,0.0,0.0,0.0,0.0,0.0,0.0,0.0,0.0,0.0,14.994369694519836,144924,0,0,0,35,SALT LAKE
2116,351211,244.0,771.4132588169027,3.1615297492496013,8.0,0.0,0.0,8.0,25.993243633423802,0.0,0.0,0.0,0.0,4.0,0.0,1.0,3.0,0.0,0.0,0.0,17.993243633423802,155809,0,0,0,35,SALT LAKE
2117,351212,376.0,780.2462350628979,2.0751229655928136,3624.0,1569.0,13.0,2042.0,3651.989490096437,1527.0,42.0,7.0,6.0,533.0,1103.0,6.0,400.0,0.0,0.0,0.0,27.989490096437027,90059,0,0,0,35,SALT LAKE
2118,351213,215.0,576.1063395999007,2.679564370232096,1322.0,120.0,1017.0,185.0,8848.79145865507,108.0,12.0,89.0,928.0,57.0,9.0,4.0,115.0,1.0030052592036065,0.0,7509.794459055046,15.99399434082116,90059,0,0,0,35,SALT LAKE
2119,351214,13.0,30.424695958427463,2.3403612275713432,917.0,23.0,307.0,587.0,973.0112426130928,7.0,16.0,165.0,142.0,72.0,246.0,1.0,268.0,2.006010518407213,0.0,53.00560744838427,0.9996246463013224,90059,0,0,0,35,SALT LAKE
2120,351215,187.0,578.0692232101218,3.091279268503325,2158.0,719.0,298.0,1141.0,2171.9947450482186,302.0,417.0,155.0,143.0,113.0,518.0,282.0,228.0,0.0,0.0,0.0,13.994745048218514,60380,0,0,0,35,SALT LAKE
2121,351216,269.0,836.1884179542,3.108507129941264,941.0,158.0,54.0,729.0,963.8649863046356,36.0,122.0,1.0,53.0,118.0,111.0,86.0,414.0,0.0,2.872493378609194,0.0,19.992492926026447,149201,0,0,0,35,SALT LAKE
2122,351217,161.0,486.7951353348394,3.023572269160493,1099.0,164.0,125.0,810.0,1277.013058707159,129.0,35.0,75.0,50.0,135.0,123.0,180.0,372.0,0.0,0.0,166.01756295154317,11.995495755615869,149504,0,0,0,35,SALT LAKE
2123,351218,110.0,325.838679296707,2.962169811788246,782.0,6.0,245.0,531.0,791.0000024296143,1.0,5.0,209.0,36.0,94.0,364.0,46.0,27.0,1.0030052592036065,0.0,0.0,7.996997170410579,149709,705,0,0,35,SALT LAKE
2124,351219,300.0,999.1077576025534,3.3303591920085114,66.0,1.0,0.0,65.0,87.99174221862908,1.0,0.0,0.0,0.0,8.0,33.0,20.0,4.0,0.0,0.0,0.0,21.99174221862909,114770,0,1609,0,35,SALT LAKE
2125,351220,92.0,271.859380015626,2.954993261039413,0.0,0.0,0.0,0.0,6.997372524109257,0.0,0.0,0.0,0.0,0.0,0.0,0.0,0.0,0.0,0.0,0.0,6.997372524109257,114770,0,0,0,35,SALT LAKE
2126,351221,429.0,1367.1484345190147,3.186826187690011,0.0,0.0,0.0,0.0,43.99263890549953,0.0,0.0,0.0,0.0,0.0,0.0,0.0,0.0,1.0030052592036065,0.0,12.001269610954928,30.988364035341,114770,0,0,0,35,SALT LAKE
2127,351222,502.0,1341.63094758614,2.672571608737331,2494.0,1008.0,22.0,1464.0,2546.9878047277552,1007.0,1.0,21.0,1.0,400.0,36.0,1.0,1027.0,0.0,0.0,16.00169281460657,36.98611191314893,90059,0,0,0,35,SALT LAKE
2128,351223,49.0,142.30906174103168,2.904266566143504,2602.0,409.0,449.0,1744.0,2935.0333070855527,408.0,1.0,432.0,17.0,427.0,538.0,13.0,766.0,0.0,0.0,329.0348085003476,3.9984985852052897,90059,0,0,0,35,SALT LAKE
2129,351224,1037.0,3080.7458262420582,2.970825290493788,845.0,151.0,179.0,515.0,921.9744783781041,138.0,13.0,4.0,175.0,23.0,128.0,3.0,361.0,1.0030052592036065,0.0,0.0,75.9714731189005,60380,513,108,0,35,SALT LAKE
2130,351225,317.0,950.0356673470252,2.9969579411578087,0.0,0.0,0.0,0.0,22.991366864930416,0.0,0.0,0.0,0.0,0.0,0.0,0.0,0.0,0.0,0.0,0.0,22.991366864930416,149201,0,0,0,35,SALT LAKE
2131,351226,19.0,48.0906484504176,2.5310867605482947,0.0,0.0,0.0,0.0,0.9996246463013224,0.0,0.0,0.0,0.0,0.0,0.0,0.0,0.0,0.0,0.0,0.0,0.9996246463013224,149201,0,0,2351,35,SALT LAKE
2132,351227,240.0,758.6545153504654,3.161060480626939,280.0,0.0,79.0,201.0,298.9962488926274,0.0,0.0,1.0,78.0,17.0,127.0,13.0,44.0,1.0030052592036065,0.0,0.0,17.993243633423802,149709,0,0,0,35,SALT LAKE
2133,351228,0.0,0.0,0.0,0.0,0.0,0.0,0.0,1.0030052592036065,0.0,0.0,0.0,0.0,0.0,0.0,0.0,0.0,1.0030052592036065,0.0,0.0,0.0,90059,0,0,0,35,SALT LAKE
2134,351229,758.0,1903.0156601093825,2.510574749484673,796.0,45.0,2.0,749.0,853.9883713241835,45.0,0.0,2.0,0.0,28.0,207.0,7.0,507.0,3.009015777610819,0.0,0.0,54.979355546572734,90059,0,0,0,35,SALT LAKE
2135,351230,619.0,1924.607379821815,3.109220322813917,222.0,0.0,0.0,222.0,266.9831090835595,0.0,0.0,0.0,0.0,63.0,59.0,24.0,76.0,0.0,0.0,0.0,44.98310908355951,149201,683,0,0,35,SALT LAKE
2136,351231,528.0,1656.673767026631,3.13763971027771,7.0,0.0,0.0,7.0,46.98836646495518,0.0,0.0,0.0,0.0,1.0,0.0,0.0,6.0,1.0030052592036065,0.0,0.0,38.98536120575157,149081,0,0,0,35,SALT LAKE
2137,351232,211.0,667.3804274751831,3.162940414574327,0.0,0.0,0.0,0.0,14.994369694519836,0.0,0.0,0.0,0.0,0.0,0.0,0.0,0.0,0.0,0.0,0.0,14.994369694519836,138222,0,0,0,35,SALT LAKE
2138,351233,0.0,0.0,0.0,0.0,0.0,0.0,0.0,0.0,0.0,0.0,0.0,0.0,0.0,0.0,0.0,0.0,0.0,0.0,0.0,0.0,148008,0,0,0,35,SALT LAKE
2139,351234,150.0,317.9871448558225,2.119914299038817,3817.0,121.0,125.0,3571.0,3828.9988763685183,66.0,55.0,20.0,105.0,3110.0,229.0,25.0,207.0,1.0030052592036065,0.0,0.0,10.995871109314546,148008,0,0,0,35,SALT LAKE
2140,351235,1032.0,2920.7708120090365,2.8302042752025547,3566.0,0.0,1026.0,2540.0,4274.03833929586,0.0,0.0,8.0,1018.0,368.0,492.0,4.0,1676.0,0.0,0.0,632.0668661769596,75.9714731189005,148008,0,0,0,35,SALT LAKE
2141,351236,0.0,0.0,0.0,0.0,0.0,0.0,0.0,0.0,0.0,0.0,0.0,0.0,0.0,0.0,0.0,0.0,0.0,0.0,0.0,0.0,148008,0,0,0,35,SALT LAKE
2142,351237,2.0,3.925767220442253,1.962883610221127,2047.0,66.0,1.0,1980.0,2048.0030052592037,49.0,17.0,1.0,0.0,1205.0,211.0,2.0,562.0,1.0030052592036065,0.0,0.0,0.0,96451,0,0,0,35,SALT LAKE
2143,351238,0.0,0.0,0.0,1204.0,317.0,3.0,884.0,1204.0,192.0,125.0,3.0,0.0,168.0,59.0,17.0,640.0,0.0,0.0,0.0,0.0,60380,0,0,0,35,SALT LAKE
2144,351239,371.0,1056.031382298966,2.846445774390744,225.0,82.0,0.0,143.0,255.99028865378736,82.0,0.0,0.0,0.0,82.0,5.0,32.0,24.0,0.0,0.0,4.000423203651643,26.989865450135703,96451,0,0,0,35,SALT LAKE
2145,351240,257.0,825.3925580979837,3.211644194933789,0.0,0.0,0.0,0.0,18.992868279725126,0.0,0.0,0.0,0.0,0.0,0.0,0.0,0.0,0.0,0.0,0.0,18.992868279725126,96652,0,0,0,35,SALT LAKE
2146,351241,813.0,2404.53242252088,2.95760445574524,144.0,0.0,0.0,144.0,202.97785413177803,0.0,0.0,0.0,0.0,22.0,54.0,1.0,67.0,0.0,0.0,0.0,58.97785413177802,120884,662,0,0,35,SALT LAKE
2147,351242,467.0,1417.2019665796531,3.034693718585981,0.0,0.0,0.0,0.0,33.98723797424496,0.0,0.0,0.0,0.0,0.0,0.0,0.0,0.0,0.0,0.0,0.0,33.98723797424496,130577,0,0,0,35,SALT LAKE
2148,351243,231.0,658.547451229188,2.8508547672259223,0.0,0.0,0.0,0.0,16.99361898712248,0.0,0.0,0.0,0.0,0.0,0.0,0.0,0.0,0.0,0.0,0.0,16.99361898712248,148614,0,0,0,35,SALT LAKE
2149,351244,0.0,0.0,0.0,1073.0,2.0,18.0,1053.0,1073.0,2.0,0.0,0.0,18.0,4.0,1043.0,0.0,6.0,0.0,0.0,0.0,0.0,148008,0,0,1,35,SALT LAKE
2150,351245,392.0,1131.6024012924795,2.886740819623672,428.0,22.0,7.0,399.0,456.98911474273837,21.0,1.0,2.0,5.0,76.0,42.0,45.0,236.0,0.0,0.0,0.0,28.98911474273835,96451,0,0,0,35,SALT LAKE
2151,351246,402.0,1150.24979558958,2.861317899476568,15.0,2.0,0.0,13.0,43.98911474273835,2.0,0.0,0.0,0.0,0.0,0.0,0.0,13.0,0.0,0.0,0.0,28.98911474273835,95085,0,0,0,35,SALT LAKE
2152,351247,458.0,1273.9114630335112,2.781466076492382,50.0,10.0,0.0,40.0,83.98723797424496,5.0,5.0,0.0,0.0,2.0,1.0,23.0,14.0,0.0,0.0,0.0,33.98723797424496,100700,0,0,0,35,SALT LAKE
2153,351248,0.0,0.0,0.0,746.0,399.0,0.0,347.0,746.0,392.0,7.0,0.0,0.0,5.0,276.0,0.0,66.0,0.0,0.0,0.0,0.0,96451,0,0,0,35,SALT LAKE
2154,351249,718.0,1918.7187289911512,2.672310207508567,0.0,0.0,0.0,0.0,52.980106253970085,0.0,0.0,0.0,0.0,0.0,0.0,0.0,0.0,0.0,0.0,0.0,52.980106253970085,95085,0,0,0,35,SALT LAKE
2155,351250,706.0,2003.12272423066,2.8372843119414446,0.0,0.0,0.0,0.0,51.98048160766877,0.0,0.0,0.0,0.0,0.0,0.0,0.0,0.0,0.0,0.0,0.0,51.98048160766877,95085,0,0,0,35,SALT LAKE
2156,351251,454.0,1401.4988976978843,3.087001977308115,82.0,22.0,0.0,60.0,164.9929033735892,1.0,21.0,0.0,0.0,4.0,0.0,13.0,43.0,0.0,0.0,50.00529004564554,32.98761332794364,145738,0,0,0,35,SALT LAKE
2157,351252,0.0,0.0,0.0,194.0,3.0,58.0,133.0,194.0,0.0,3.0,0.0,58.0,3.0,11.0,0.0,119.0,0.0,0.0,0.0,0.0,95085,0,0,0,35,SALT LAKE
2158,351253,719.0,1976.6237954926744,2.749129061881328,2342.0,17.0,155.0,2170.0,2394.98010625397,3.0,14.0,2.0,153.0,470.0,99.0,53.0,1548.0,0.0,0.0,0.0,52.980106253970085,95085,0,0,0,35,SALT LAKE
2159,351254,0.0,0.0,0.0,95.0,1.0,75.0,19.0,95.0,1.0,0.0,6.0,69.0,0.0,10.0,0.0,9.0,0.0,0.0,0.0,0.0,95085,0,0,0,35,SALT LAKE
2160,351255,0.0,0.0,0.0,0.0,0.0,0.0,0.0,0.0,0.0,0.0,0.0,0.0,0.0,0.0,0.0,0.0,0.0,0.0,0.0,0.0,95085,0,0,0,35,SALT LAKE
2161,351256,0.0,0.0,0.0,1067.0,213.0,201.0,653.0,1067.0,202.0,11.0,3.0,198.0,83.0,76.0,250.0,244.0,0.0,0.0,0.0,0.0,95085,0,0,0,35,SALT LAKE
2162,351257,173.0,634.9928479065345,3.6704788896331473,0.0,0.0,0.0,0.0,16.00413617952801,0.0,0.0,0.0,0.0,0.0,0.0,0.0,0.0,3.009015777610819,0.0,0.0,12.995120401917193,141675,0,0,0,35,SALT LAKE
2163,351258,75.0,227.6944987856507,3.0359266504753424,0.0,0.0,0.0,0.0,18.037191601153495,0.0,0.0,0.0,0.0,0.0,0.0,0.0,0.0,13.039068369646882,0.0,0.0,4.998123231506612,141675,0,0,0,35,SALT LAKE
2164,351259,71.0,227.6944987856507,3.206964771628883,111.0,1.0,27.0,83.0,118.00413374991382,1.0,0.0,0.0,27.0,5.0,40.0,20.0,18.0,2.006010518407213,0.0,0.0,4.998123231506612,141675,358,171,0,35,SALT LAKE
2165,351260,109.0,369.0221187215718,3.3855240249685488,230.0,0.0,0.0,230.0,240.00300768881777,0.0,0.0,0.0,0.0,0.0,186.0,14.0,30.0,2.006010518407213,0.0,0.0,7.996997170410579,141675,796,0,0,35,SALT LAKE
2166,351261,132.0,470.1106246479599,3.561444126120908,75.0,19.0,9.0,47.0,89.00826749982765,19.0,0.0,0.0,9.0,0.0,25.0,8.0,14.0,4.012021036814425,0.0,0.0,9.996246463013224,96281,500,0,0,35,SALT LAKE
2167,351262,549.0,1904.9785437196035,3.4699062727133034,142.0,2.0,75.0,65.0,199.99848810164806,2.0,0.0,1.0,74.0,13.0,9.0,1.0,42.0,4.012021036814425,0.0,14.00148121278075,39.984985852052894,96281,0,0,0,35,SALT LAKE
2168,351263,15.0,39.25767220442253,2.617178146961502,7.0,0.0,4.0,3.0,12.011645683115747,0.0,0.0,0.0,4.0,0.0,0.0,0.0,3.0,4.012021036814425,0.0,0.0,0.9996246463013224,96281,0,0,0,35,SALT LAKE
2169,351264,220.0,588.865083066338,2.6766594684833547,0.0,0.0,0.0,0.0,18.000004859228373,0.0,0.0,0.0,0.0,0.0,0.0,0.0,0.0,2.006010518407213,0.0,0.0,15.99399434082116,90059,0,0,0,35,SALT LAKE
2170,351265,0.0,0.0,0.0,599.0,2.0,444.0,153.0,602.0090157776108,2.0,0.0,261.0,183.0,85.0,2.0,0.0,66.0,3.009015777610819,0.0,0.0,0.0,90059,0,0,0,35,SALT LAKE
2171,351266,141.0,491.7023443603922,3.48725066922264,0.0,0.0,0.0,0.0,13.005262240624042,0.0,0.0,0.0,0.0,0.0,0.0,0.0,0.0,3.009015777610819,0.0,0.0,9.996246463013224,141675,0,0,0,35,SALT LAKE
2172,351267,171.0,601.6238265327753,3.5182679914197386,0.0,0.0,0.0,0.0,15.001130920324407,0.0,0.0,0.0,0.0,0.0,0.0,0.0,0.0,2.006010518407213,0.0,0.0,12.995120401917193,114950,0,0,0,35,SALT LAKE
2173,351268,167.0,570.2176887692373,3.4144771782589056,0.0,0.0,0.0,0.0,12.998501014819475,0.0,0.0,0.0,0.0,0.0,0.0,0.0,0.0,1.0030052592036065,0.0,0.0,11.995495755615869,114950,0,0,0,35,SALT LAKE
2174,351269,94.0,328.78300471203875,3.497691539489774,0.0,0.0,0.0,0.0,6.997372524109257,0.0,0.0,0.0,0.0,0.0,0.0,0.0,0.0,0.0,0.0,0.0,6.997372524109257,96281,0,0,0,35,SALT LAKE
2175,351270,101.0,342.5231899835866,3.391318712708778,0.0,0.0,0.0,0.0,9.00338304251647,0.0,0.0,0.0,0.0,0.0,0.0,0.0,0.0,2.006010518407213,0.0,0.0,6.997372524109257,96281,0,0,0,35,SALT LAKE
2176,351271,4.0,11.77730166132676,2.94432541533169,0.0,0.0,0.0,0.0,6.018031555221638,0.0,0.0,0.0,0.0,0.0,0.0,0.0,0.0,6.018031555221638,0.0,0.0,0.0,96281,0,0,0,35,SALT LAKE
2177,351272,299.0,1008.9221756536592,3.3743216577045456,355.0,3.0,241.0,111.0,487.00627977734,0.0,3.0,92.0,149.0,35.0,15.0,0.0,61.0,1.0030052592036065,0.0,109.01153229950727,21.99174221862909,96281,0,0,0,35,SALT LAKE
2178,351273,563.0,1730.281902409923,3.0733248710655827,2768.0,179.0,1096.0,1493.0,3019.7512864437963,95.0,84.0,392.0,704.0,351.0,308.0,7.0,827.0,0.0,5.744986758294963,205.02168918714668,40.98461049835422,96281,0,0,542,35,SALT LAKE
2179,351274,1.0,5.88865083066338,5.88865083066338,1140.0,36.0,328.0,776.0,1140.0,36.0,0.0,9.0,319.0,565.0,31.0,4.0,176.0,0.0,0.0,0.0,0.0,96281,0,0,0,35,SALT LAKE
2180,351275,161.0,577.0877814050112,3.584396157795101,0.0,0.0,0.0,0.0,19.746493032318043,0.0,0.0,0.0,0.0,0.0,0.0,0.0,0.0,2.006010518407213,5.744986758294963,0.0,11.995495755615869,114950,0,0,0,35,SALT LAKE
2181,351276,310.0,1091.3632872829464,3.520526733170795,60.0,5.0,46.0,9.0,86.00038264254124,0.0,5.0,0.0,46.0,1.0,1.0,0.0,7.0,3.009015777610819,0.0,0.0,22.991366864930416,96281,0,0,0,35,SALT LAKE
2182,351277,765.0,2407.476747936212,3.1470284286747865,8.0,2.0,2.0,4.0,63.97898019287405,2.0,0.0,1.0,1.0,2.0,0.0,0.0,2.0,0.0,0.0,0.0,55.97898019287405,96281,348,0,0,35,SALT LAKE
2183,351278,1079.0,3706.9056979025977,3.4355011101970323,247.0,1.0,4.0,242.0,325.9703470578045,1.0,0.0,3.0,1.0,10.0,201.0,0.0,31.0,0.0,0.0,0.0,78.97034705780447,96281,716,256,0,35,SALT LAKE
2184,351279,57.0,202.17701185277605,3.546965120224141,76.0,4.0,28.0,44.0,79.99849858520528,4.0,0.0,1.0,27.0,16.0,9.0,0.0,19.0,0.0,0.0,0.0,3.9984985852052897,96281,0,0,0,35,SALT LAKE
2185,351280,8.0,22.57316151754296,2.8216451896928696,5217.0,1356.0,1627.0,2234.0,5562.698830122467,236.0,1120.0,449.0,1178.0,183.0,177.0,33.0,1841.0,0.0,344.69920547616624,0.0,0.9996246463013224,96281,0,0,0,35,SALT LAKE
2186,351281,258.0,614.3825699992126,2.3813277906946224,205.0,1.0,6.0,198.0,460.02943512833485,1.0,0.0,0.0,6.0,3.0,189.0,3.0,3.0,4.012021036814425,0.0,232.0245458117953,18.992868279725126,96691,0,0,0,35,SALT LAKE
2187,351282,0.0,0.0,0.0,0.0,0.0,0.0,0.0,0.0,0.0,0.0,0.0,0.0,0.0,0.0,0.0,0.0,0.0,0.0,0.0,0.0,120184,0,0,0,35,SALT LAKE
2188,351283,0.0,0.0,0.0,0.0,0.0,0.0,0.0,0.0,0.0,0.0,0.0,0.0,0.0,0.0,0.0,0.0,0.0,0.0,0.0,0.0,120184,0,0,0,35,SALT LAKE
2189,351284,0.0,0.0,0.0,0.0,0.0,0.0,0.0,0.0,0.0,0.0,0.0,0.0,0.0,0.0,0.0,0.0,0.0,0.0,0.0,0.0,120184,0,0,0,35,SALT LAKE
2190,351285,0.0,0.0,0.0,0.0,0.0,0.0,0.0,0.0,0.0,0.0,0.0,0.0,0.0,0.0,0.0,0.0,0.0,0.0,0.0,0.0,133856,0,0,0,35,SALT LAKE
2191,351286,0.0,0.0,0.0,0.0,0.0,0.0,0.0,0.0,0.0,0.0,0.0,0.0,0.0,0.0,0.0,0.0,0.0,0.0,0.0,0.0,109943,0,0,0,35,SALT LAKE
2192,351287,0.0,0.0,0.0,0.0,0.0,0.0,0.0,0.0,0.0,0.0,0.0,0.0,0.0,0.0,0.0,0.0,0.0,0.0,0.0,0.0,136616,0,0,0,35,SALT LAKE
2193,351288,0.0,0.0,0.0,0.0,0.0,0.0,0.0,0.0,0.0,0.0,0.0,0.0,0.0,0.0,0.0,0.0,0.0,0.0,0.0,0.0,136616,0,0,0,35,SALT LAKE
2194,351289,0.0,0.0,0.0,0.0,0.0,0.0,0.0,0.0,0.0,0.0,0.0,0.0,0.0,0.0,0.0,0.0,0.0,0.0,0.0,0.0,136616,0,0,0,35,SALT LAKE
2195,351290,0.0,0.0,0.0,0.0,0.0,0.0,0.0,0.0,0.0,0.0,0.0,0.0,0.0,0.0,0.0,0.0,0.0,0.0,0.0,0.0,136616,0,0,0,35,SALT LAKE
2196,351291,0.0,0.0,0.0,0.0,0.0,0.0,0.0,0.0,0.0,0.0,0.0,0.0,0.0,0.0,0.0,0.0,0.0,0.0,0.0,0.0,154242,13,0,0,35,SALT LAKE
2197,351292,0.0,0.0,0.0,0.0,0.0,0.0,0.0,0.0,0.0,0.0,0.0,0.0,0.0,0.0,0.0,0.0,0.0,0.0,0.0,0.0,154321,0,0,0,35,SALT LAKE
2198,351293,0.0,0.0,0.0,0.0,0.0,0.0,0.0,0.0,0.0,0.0,0.0,0.0,0.0,0.0,0.0,0.0,0.0,0.0,0.0,0.0,137723,0,0,0,35,SALT LAKE
2199,351294,0.0,0.0,0.0,0.0,0.0,0.0,0.0,0.0,0.0,0.0,0.0,0.0,0.0,0.0,0.0,0.0,0.0,0.0,0.0,0.0,143773,0,0,0,35,SALT LAKE
2200,351295,0.0,0.0,0.0,623.0,0.0,27.0,596.0,623.0,0.0,0.0,6.0,21.0,232.0,132.0,31.0,201.0,0.0,0.0,0.0,0.0,31535,0,0,0,35,SALT LAKE
2201,351296,0.0,0.0,0.0,0.0,0.0,0.0,0.0,0.0,0.0,0.0,0.0,0.0,0.0,0.0,0.0,0.0,0.0,0.0,0.0,0.0,120184,0,0,0,35,SALT LAKE
2202,351297,0.0,0.0,0.0,0.0,0.0,0.0,0.0,0.0,0.0,0.0,0.0,0.0,0.0,0.0,0.0,0.0,0.0,0.0,0.0,0.0,116535,0,0,0,35,SALT LAKE
2203,351298,0.0,0.0,0.0,0.0,0.0,0.0,0.0,0.0,0.0,0.0,0.0,0.0,0.0,0.0,0.0,0.0,0.0,0.0,0.0,0.0,120184,0,0,0,35,SALT LAKE
2204,351299,0.0,0.0,0.0,0.0,0.0,0.0,0.0,0.0,0.0,0.0,0.0,0.0,0.0,0.0,0.0,0.0,0.0,0.0,0.0,0.0,120184,0,0,0,35,SALT LAKE
2205,351300,0.0,0.0,0.0,0.0,0.0,0.0,0.0,0.0,0.0,0.0,0.0,0.0,0.0,0.0,0.0,0.0,0.0,0.0,0.0,0.0,120184,0,0,0,35,SALT LAKE
2206,351301,0.0,0.0,0.0,0.0,0.0,0.0,0.0,0.0,0.0,0.0,0.0,0.0,0.0,0.0,0.0,0.0,0.0,0.0,0.0,0.0,110139,0,0,0,35,SALT LAKE
2207,351302,0.0,0.0,0.0,0.0,0.0,0.0,0.0,0.0,0.0,0.0,0.0,0.0,0.0,0.0,0.0,0.0,0.0,0.0,0.0,0.0,109943,0,0,0,35,SALT LAKE
2208,351303,0.0,0.0,0.0,0.0,0.0,0.0,0.0,0.0,0.0,0.0,0.0,0.0,0.0,0.0,0.0,0.0,0.0,0.0,0.0,0.0,109943,0,0,0,35,SALT LAKE
2209,351304,0.0,0.0,0.0,0.0,0.0,0.0,0.0,0.0,0.0,0.0,0.0,0.0,0.0,0.0,0.0,0.0,0.0,0.0,0.0,0.0,109943,0,0,0,35,SALT LAKE
2210,351305,0.0,0.0,0.0,0.0,0.0,0.0,0.0,0.0,0.0,0.0,0.0,0.0,0.0,0.0,0.0,0.0,0.0,0.0,0.0,0.0,133856,0,0,0,35,SALT LAKE
2211,351306,0.0,0.0,0.0,0.0,0.0,0.0,0.0,0.0,0.0,0.0,0.0,0.0,0.0,0.0,0.0,0.0,0.0,0.0,0.0,0.0,140499,0,0,0,35,SALT LAKE
2212,351307,2.0,6.870092635773943,3.435046317886972,0.0,0.0,0.0,0.0,0.0,0.0,0.0,0.0,0.0,0.0,0.0,0.0,0.0,0.0,0.0,0.0,0.0,136616,0,0,0,35,SALT LAKE
2213,351308,0.0,0.0,0.0,0.0,0.0,0.0,0.0,0.0,0.0,0.0,0.0,0.0,0.0,0.0,0.0,0.0,0.0,0.0,0.0,0.0,136616,0,0,0,35,SALT LAKE
2214,351309,0.0,0.0,0.0,0.0,0.0,0.0,0.0,0.0,0.0,0.0,0.0,0.0,0.0,0.0,0.0,0.0,0.0,0.0,0.0,0.0,136616,0,0,0,35,SALT LAKE
2215,351310,0.0,0.0,0.0,0.0,0.0,0.0,0.0,0.0,0.0,0.0,0.0,0.0,0.0,0.0,0.0,0.0,0.0,0.0,0.0,0.0,154321,0,0,0,35,SALT LAKE
2216,351311,0.0,0.0,0.0,0.0,0.0,0.0,0.0,0.0,0.0,0.0,0.0,0.0,0.0,0.0,0.0,0.0,0.0,0.0,0.0,0.0,155809,0,0,0,35,SALT LAKE
154,570001,0.0,0.0,0.0,84.0,10.0,6.0,68.0,84.0,0.0,10.0,1.0,5.0,24.0,25.0,0.0,19.0,0.0,0.0,0.0,0.0,77375,0,0,0,57,WEBER
155,570002,19.0,47.65725221393906,2.508276432312582,0.0,0.0,0.0,0.0,20.053491094834456,0.0,0.0,0.0,0.0,0.0,0.0,0.0,0.0,19.05299860529986,0.0,0.0,1.0004924895345977,77375,0,0,0,57,WEBER
156,570003,21.0,58.81107720018012,2.800527485722863,0.0,0.0,0.0,0.0,26.070227496508096,0.0,0.0,0.0,0.0,0.0,0.0,0.0,0.0,25.0697350069735,0.0,0.0,1.0004924895345977,77375,0,0,0,57,WEBER
157,570004,47.0,131.81793165557613,2.8046368437356626,0.0,0.0,0.0,0.0,43.11535039050573,0.0,0.0,0.0,0.0,0.0,0.0,0.0,0.0,41.11436541143654,0.0,0.0,2.000984979069195,77375,0,0,0,57,WEBER
158,570005,89.0,243.3561815179867,2.734339118179626,0.0,0.0,0.0,0.0,36.09123076706447,0.0,0.0,0.0,0.0,0.0,0.0,0.0,0.0,32.08926080892608,0.0,0.0,4.00196995813839,77375,0,0,0,57,WEBER
159,570006,3.0,6.083904537949668,2.027968179316556,270.0,39.0,13.0,218.0,382.11715481171547,0.0,39.0,3.0,10.0,76.0,71.0,6.0,65.0,42.11715481171548,70.0,0.0,0.0,77375,0,0,0,57,WEBER
160,570007,2.0,5.0699204482913895,2.5349602241456948,0.0,0.0,0.0,0.0,13.03626220362622,0.0,0.0,0.0,0.0,0.0,0.0,0.0,0.0,13.03626220362622,0.0,0.0,0.0,77375,0,0,0,57,WEBER
161,570008,24.0,68.9509180967629,2.8729549206984544,1.0,1.0,0.0,0.0,7.014439490929297,0.0,1.0,0.0,0.0,0.0,0.0,0.0,0.0,5.013947001394699,0.0,0.0,1.0004924895345977,83325,0,0,0,57,WEBER
162,570009,42.0,121.67809075899336,2.897097399023651,0.0,0.0,0.0,0.0,57.1117794806105,0.0,0.0,0.0,0.0,0.0,0.0,0.0,0.0,38.10599721059972,0.0,17.004797290941585,2.000984979069195,77375,0,0,0,57,WEBER
163,570010,8.0,23.32163406214039,2.9152042577675488,0.0,0.0,0.0,0.0,2.00557880055788,0.0,0.0,0.0,0.0,0.0,0.0,0.0,0.0,2.00557880055788,0.0,0.0,0.0,83325,0,0,0,57,WEBER
164,570011,1.0,2.027968179316556,2.027968179316556,0.0,0.0,0.0,0.0,16.04463040446304,0.0,0.0,0.0,0.0,0.0,0.0,0.0,0.0,16.04463040446304,0.0,0.0,0.0,83325,0,0,0,57,WEBER
165,570012,0.0,0.0,0.0,406.0,2.0,386.0,18.0,412.01673640167365,0.0,2.0,386.0,0.0,0.0,10.0,0.0,8.0,6.01673640167364,0.0,0.0,0.0,77375,0,0,0,57,WEBER
166,570013,28.0,83.14669535197879,2.9695248339992424,0.0,0.0,0.0,0.0,24.064648695950215,0.0,0.0,0.0,0.0,0.0,0.0,0.0,0.0,23.064156206415618,0.0,0.0,1.0004924895345977,77375,0,0,0,57,WEBER
167,570014,14.0,44.61529994496423,3.1868071389260164,0.0,0.0,0.0,0.0,18.047912294276575,0.0,0.0,0.0,0.0,0.0,0.0,0.0,0.0,17.047419804741978,0.0,0.0,1.0004924895345977,83325,0,0,0,57,WEBER
168,570015,45.0,138.91582028318408,3.087018228515201,0.0,0.0,0.0,0.0,6.012142580184955,0.0,0.0,0.0,0.0,0.0,0.0,0.0,0.0,4.01115760111576,0.0,0.0,2.000984979069195,83325,0,0,0,57,WEBER
169,570016,15.0,45.62928403462251,3.0419522689748337,0.0,0.0,0.0,0.0,10.025597092045057,0.0,0.0,0.0,0.0,0.0,0.0,0.0,0.0,9.02510460251046,0.0,0.0,1.0004924895345977,83325,0,0,0,57,WEBER
170,570017,26.0,68.9509180967629,2.651958388337035,188.0,0.0,112.0,76.0,204.0423334937187,0.0,0.0,110.0,2.0,3.0,55.0,0.0,18.0,15.041841004184098,0.0,0.0,1.0004924895345977,77375,0,0,0,57,WEBER
171,570018,36.0,102.41239305548606,2.844788695985724,0.0,0.0,0.0,0.0,17.045122893997636,0.0,0.0,0.0,0.0,0.0,0.0,0.0,0.0,16.04463040446304,0.0,0.0,1.0004924895345977,77375,0,0,0,57,WEBER
172,570019,71.0,226.118451993796,3.184766929490084,0.0,0.0,0.0,0.0,15.034950271951072,0.0,0.0,0.0,0.0,0.0,0.0,0.0,0.0,12.03347280334728,0.0,0.0,3.0014774686037926,83325,538,0,0,57,WEBER
173,570020,62.0,221.04853154550457,3.565298895895235,0.0,0.0,0.0,0.0,21.053983584369053,0.0,0.0,0.0,0.0,0.0,0.0,0.0,0.0,19.05299860529986,0.0,0.0,2.000984979069195,83325,0,0,0,57,WEBER
174,570021,32.0,90.24458397958674,2.820143249362085,0.0,0.0,0.0,0.0,20.053491094834456,0.0,0.0,0.0,0.0,0.0,0.0,0.0,0.0,19.05299860529986,0.0,0.0,1.0004924895345977,83325,0,0,0,57,WEBER
175,570022,31.0,88.21661580027018,2.8456972838796832,11.0,7.0,0.0,4.0,21.025597092045057,7.0,0.0,0.0,0.0,3.0,0.0,0.0,1.0,9.02510460251046,0.0,0.0,1.0004924895345977,83325,0,0,0,57,WEBER
176,570023,11.0,25.34960224145695,2.3045092946779047,0.0,0.0,0.0,0.0,28.027959073927505,0.0,0.0,0.0,0.0,0.0,0.0,0.0,0.0,8.02231520223152,0.0,20.005643871695984,0.0,82362,0,0,0,57,WEBER
177,570024,27.0,85.17466353129535,3.1546171678257537,0.0,0.0,0.0,0.0,10.025597092045057,0.0,0.0,0.0,0.0,0.0,0.0,0.0,0.0,9.02510460251046,0.0,0.0,1.0004924895345977,77375,0,0,0,57,WEBER
178,570025,33.0,74.02083854505429,2.243055713486493,13.0,0.0,9.0,4.0,31.047912294276575,0.0,0.0,8.0,1.0,0.0,4.0,0.0,0.0,17.047419804741978,0.0,0.0,1.0004924895345977,77375,0,0,0,57,WEBER
179,570026,5.0,16.223745434532447,3.244749086906489,0.0,0.0,0.0,0.0,20.0557880055788,0.0,0.0,0.0,0.0,0.0,0.0,0.0,0.0,20.0557880055788,0.0,0.0,0.0,77375,0,0,0,57,WEBER
180,570027,28.0,71.99287036573773,2.5711739416334902,0.0,0.0,0.0,0.0,14.036754693160818,0.0,0.0,0.0,0.0,0.0,0.0,0.0,0.0,13.03626220362622,0.0,0.0,1.0004924895345977,84402,0,0,0,57,WEBER
181,570028,41.0,118.63613849001852,2.8935643534150857,0.0,0.0,0.0,0.0,11.026089581579654,0.0,0.0,0.0,0.0,0.0,0.0,0.0,0.0,9.02510460251046,0.0,0.0,2.000984979069195,87610,0,0,0,57,WEBER
182,570029,41.0,121.67809075899336,2.96775831119496,0.0,0.0,0.0,0.0,17.025275536394307,0.0,0.0,0.0,0.0,0.0,0.0,0.0,0.0,8.02231520223152,0.0,7.001975355093594,2.000984979069195,88528,0,0,0,57,WEBER
183,570030,23.0,57.79709311052184,2.5129170917618198,9.0,0.0,0.0,9.0,33.06464869595022,0.0,0.0,0.0,0.0,0.0,0.0,9.0,0.0,23.064156206415618,0.0,0.0,1.0004924895345977,88528,0,0,0,57,WEBER
184,570031,60.0,171.36331115224897,2.856055185870816,0.0,0.0,0.0,0.0,14.034457782416474,0.0,0.0,0.0,0.0,0.0,0.0,0.0,0.0,12.03347280334728,0.0,0.0,2.000984979069195,88528,0,0,0,57,WEBER
185,570032,45.0,115.59418622104369,2.568759693800971,0.0,0.0,0.0,0.0,12.028878981858595,0.0,0.0,0.0,0.0,0.0,0.0,0.0,0.0,10.0278940027894,0.0,0.0,2.000984979069195,88528,0,0,0,57,WEBER
186,570033,10.0,30.419522689748337,3.0419522689748337,0.0,0.0,0.0,0.0,6.01673640167364,0.0,0.0,0.0,0.0,0.0,0.0,0.0,0.0,6.01673640167364,0.0,0.0,0.0,60702,0,0,0,57,WEBER
187,570034,14.0,37.51741131735629,2.679815094096877,4.0,1.0,3.0,0.0,9.011650090650356,1.0,0.0,3.0,0.0,0.0,0.0,0.0,0.0,4.01115760111576,0.0,0.0,1.0004924895345977,77375,0,0,0,57,WEBER
188,570035,4.0,11.153824986241055,2.7884562465602643,0.0,0.0,0.0,0.0,6.01673640167364,0.0,0.0,0.0,0.0,0.0,0.0,0.0,0.0,6.01673640167364,0.0,0.0,0.0,77375,0,0,0,57,WEBER
189,570036,57.0,159.19550207634964,2.7929035451991164,0.0,0.0,0.0,0.0,13.031668382137534,0.0,0.0,0.0,0.0,0.0,0.0,0.0,0.0,11.03068340306834,0.0,0.0,2.000984979069195,88528,0,0,0,57,WEBER
190,570037,72.0,189.615024766098,2.63354201064025,0.0,0.0,0.0,0.0,12.026582071114252,0.0,0.0,0.0,0.0,0.0,0.0,0.0,0.0,9.02510460251046,0.0,0.0,3.0014774686037926,88528,0,0,0,57,WEBER
191,570038,80.0,235.2443088007205,2.940553860009006,0.0,0.0,0.0,0.0,10.021003270556372,0.0,0.0,0.0,0.0,0.0,0.0,0.0,0.0,7.01952580195258,0.0,0.0,3.0014774686037926,88528,0,0,0,57,WEBER
192,570039,24.0,80.10474308300395,3.337697628458498,0.0,0.0,0.0,0.0,16.042333493718697,0.0,0.0,0.0,0.0,0.0,0.0,0.0,0.0,15.041841004184098,0.0,0.0,1.0004924895345977,88528,0,0,0,57,WEBER
193,570040,121.0,357.9363836493721,2.958151930986546,0.0,0.0,0.0,0.0,10.016409449067687,0.0,0.0,0.0,0.0,0.0,0.0,0.0,0.0,5.013947001394699,0.0,0.0,5.002462447672987,88528,0,0,0,57,WEBER
194,570041,0.0,0.0,0.0,0.0,0.0,0.0,0.0,0.0,0.0,0.0,0.0,0.0,0.0,0.0,0.0,0.0,0.0,0.0,0.0,0.0,77375,0,0,0,57,WEBER
195,570042,55.0,160.2094861660079,2.912899748472871,0.0,0.0,0.0,0.0,14.034457782416474,0.0,0.0,0.0,0.0,0.0,0.0,0.0,0.0,12.03347280334728,0.0,0.0,2.000984979069195,95539,0,0,0,57,WEBER
196,570043,86.0,269.7197678491019,3.1362763703383942,0.0,0.0,0.0,0.0,9.018213870277432,0.0,0.0,0.0,0.0,0.0,0.0,0.0,0.0,6.01673640167364,0.0,0.0,3.0014774686037926,95539,0,0,0,57,WEBER
197,570044,90.0,269.7197678491019,2.996886309434465,0.0,0.0,0.0,0.0,13.027074560648849,0.0,0.0,0.0,0.0,0.0,0.0,0.0,0.0,9.02510460251046,0.0,0.0,4.00196995813839,95539,0,0,0,57,WEBER
198,570045,22.0,52.72717266223045,2.3966896664650204,0.0,0.0,0.0,0.0,20.035940647975472,0.0,0.0,0.0,0.0,0.0,0.0,0.0,0.0,12.03347280334728,0.0,7.001975355093594,1.0004924895345977,95539,0,0,0,57,WEBER
199,570046,78.0,173.39127933156553,2.222965119635456,0.0,0.0,0.0,0.0,12.026582071114252,0.0,0.0,0.0,0.0,0.0,0.0,0.0,0.0,9.02510460251046,0.0,0.0,3.0014774686037926,77375,0,0,0,57,WEBER
200,570047,66.0,182.51713613849003,2.7654111536134853,0.0,0.0,0.0,0.0,25.06284427474047,0.0,0.0,0.0,0.0,0.0,0.0,0.0,0.0,22.06136680613668,0.0,0.0,3.0014774686037926,77375,0,0,0,57,WEBER
201,570048,32.0,89.23059988992846,2.7884562465602643,0.0,0.0,0.0,0.0,16.042333493718697,0.0,0.0,0.0,0.0,0.0,0.0,0.0,0.0,15.041841004184098,0.0,0.0,1.0004924895345977,113700,0,0,0,57,WEBER
202,570049,51.0,150.06964526942514,2.9425420641063758,0.0,0.0,0.0,0.0,65.05386406862952,0.0,0.0,0.0,0.0,0.0,0.0,0.0,0.0,14.03905160390516,0.0,49.01382748565516,2.000984979069195,117003,0,0,0,57,WEBER
203,570050,85.0,268.70578375944365,3.161244514816984,8.0,0.0,0.0,8.0,28.04889727334577,0.0,0.0,0.0,0.0,8.0,0.0,0.0,0.0,17.047419804741978,0.0,0.0,3.0014774686037926,64761,0,0,0,57,WEBER
204,570051,68.0,201.7828338419973,2.9673946153234896,0.0,0.0,0.0,0.0,50.0423198407249,0.0,0.0,0.0,0.0,0.0,0.0,0.0,0.0,11.03068340306834,0.0,36.01015896905277,3.0014774686037926,117003,0,0,0,57,WEBER
205,570052,231.0,615.4883424225746,2.6644516987990245,0.0,0.0,0.0,0.0,12.012800606648197,0.0,0.0,0.0,0.0,0.0,0.0,0.0,0.0,3.00836820083682,0.0,0.0,9.004432405811377,117003,0,0,0,57,WEBER
206,570053,44.0,121.67809075899336,2.7654111536134853,0.0,0.0,0.0,0.0,9.020510781021775,0.0,0.0,0.0,0.0,0.0,0.0,0.0,0.0,7.01952580195258,0.0,0.0,2.000984979069195,117003,0,0,0,57,WEBER
207,570054,34.0,75.03482263471257,2.2069065480797816,0.0,0.0,0.0,0.0,48.046349275043994,0.0,0.0,0.0,0.0,0.0,0.0,0.0,0.0,13.03626220362622,0.0,34.00959458188317,1.0004924895345977,77375,0,0,0,57,WEBER
208,570055,61.0,186.57307249712312,3.058574958969232,0.0,0.0,0.0,0.0,7.014931980463894,0.0,0.0,0.0,0.0,0.0,0.0,0.0,0.0,5.013947001394699,0.0,0.0,2.000984979069195,117003,0,0,0,57,WEBER
209,570056,117.0,349.82451093210585,2.9899530848897937,0.0,0.0,0.0,0.0,17.035935251020266,0.0,0.0,0.0,0.0,0.0,0.0,0.0,0.0,12.03347280334728,0.0,0.0,5.002462447672987,117003,0,0,0,57,WEBER
210,570057,21.0,49.68522039325562,2.3659628758693154,0.0,0.0,0.0,0.0,17.045122893997636,0.0,0.0,0.0,0.0,0.0,0.0,0.0,0.0,16.04463040446304,0.0,0.0,1.0004924895345977,77375,0,0,0,57,WEBER
211,570058,17.0,37.51741131735629,2.2069065480797816,0.0,0.0,0.0,0.0,8.020018291487178,0.0,0.0,0.0,0.0,0.0,0.0,0.0,0.0,7.01952580195258,0.0,0.0,1.0004924895345977,64761,0,0,0,57,WEBER
212,570059,117.0,334.6147495872317,2.859955124677194,7.0,1.0,1.0,5.0,14.008041248230867,1.0,0.0,0.0,1.0,1.0,2.0,1.0,1.0,2.00557880055788,0.0,0.0,5.002462447672987,64761,0,0,0,57,WEBER
213,570060,238.0,698.6350377745534,2.9354413351871997,388.0,154.0,11.0,223.0,408.0175653620207,146.0,8.0,0.0,11.0,0.0,173.0,1.0,49.0,4.01115760111576,0.0,7.001975355093594,9.004432405811377,72451,696,0,0,57,WEBER
214,570061,327.0,975.4526942512632,2.983035762236279,0.0,0.0,0.0,0.0,20.025928165902346,0.0,0.0,0.0,0.0,0.0,0.0,0.0,0.0,7.01952580195258,0.0,0.0,13.006402363949768,74830,0,0,0,57,WEBER
215,570062,138.0,400.52371541501975,2.9023457638769545,15.0,3.0,5.0,7.0,28.024777649904504,3.0,0.0,3.0,2.0,0.0,1.0,4.0,2.0,8.02231520223152,0.0,0.0,5.002462447672987,64761,0,0,0,57,WEBER
216,570063,80.0,222.06251563516287,2.775781445439536,3.0,0.0,0.0,3.0,6.001477468603793,0.0,0.0,0.0,0.0,0.0,0.0,0.0,3.0,0.0,0.0,0.0,3.0014774686037926,64761,0,0,0,57,WEBER
217,570064,139.0,465.4186971531496,3.348335950742083,17.0,14.0,1.0,2.0,24.008041248230867,13.0,1.0,0.0,1.0,0.0,0.0,0.0,2.0,2.00557880055788,0.0,0.0,5.002462447672987,74417,0,0,0,57,WEBER
218,570065,198.0,582.0268674638515,2.939529633655816,0.0,0.0,0.0,0.0,12.01509751739254,0.0,0.0,0.0,0.0,0.0,0.0,0.0,0.0,4.01115760111576,0.0,0.0,8.00393991627678,76308,0,0,0,57,WEBER
219,570066,121.0,393.42582678741184,3.2514531139455523,161.0,0.0,0.0,161.0,167.00525184795194,0.0,0.0,0.0,0.0,0.0,160.0,1.0,0.0,1.00278940027894,0.0,0.0,5.002462447672987,64761,0,0,2020,57,WEBER
220,570067,123.0,376.1880972632211,3.058439815148139,5.0,0.0,0.0,5.0,20.03035645046239,0.0,0.0,0.0,0.0,0.0,0.0,0.0,5.0,10.0278940027894,0.0,0.0,5.002462447672987,65849,0,0,0,57,WEBER
221,570068,259.0,759.4740831540502,2.932332367390155,0.0,0.0,0.0,0.0,23.041187098972195,0.0,0.0,0.0,0.0,0.0,0.0,0.0,0.0,13.03626220362622,0.0,0.0,10.004924895345974,66478,0,0,0,57,WEBER
222,570069,105.0,325.4888927803072,3.0998942169553065,0.0,0.0,0.0,0.0,14.029863960927791,0.0,0.0,0.0,0.0,0.0,0.0,0.0,0.0,10.0278940027894,0.0,0.0,4.00196995813839,77375,0,0,0,57,WEBER
223,570070,92.0,262.621879221494,2.8545856437118915,0.0,0.0,0.0,0.0,6.00754875869627,0.0,0.0,0.0,0.0,0.0,0.0,0.0,0.0,2.00557880055788,0.0,0.0,4.00196995813839,80917,0,0,0,57,WEBER
224,570071,602.0,1844.4370590884075,3.063848935362804,418.0,5.0,3.0,410.0,442.01181974883036,0.0,5.0,0.0,3.0,13.0,238.0,6.0,153.0,0.0,0.0,0.0,24.01181974883034,103331,562,0,0,57,WEBER
225,570072,28.0,76.04880672437085,2.7160288115846734,465.0,163.0,202.0,100.0,466.0004924895346,162.0,1.0,2.0,200.0,7.0,79.0,0.0,14.0,0.0,0.0,0.0,1.0004924895345977,101021,0,0,0,57,WEBER
226,570073,254.0,816.2571921749137,3.213610992814621,5.0,0.0,0.0,5.0,21.021661297019612,0.0,0.0,0.0,0.0,0.0,1.0,1.0,3.0,6.01673640167364,0.0,0.0,10.004924895345974,102455,0,0,0,57,WEBER
227,570074,123.0,425.87331765647673,3.46238469639412,332.0,45.0,29.0,258.0,341.01362004878877,19.0,26.0,4.0,25.0,11.0,124.0,56.0,67.0,4.01115760111576,0.0,0.0,5.002462447672987,101021,767,0,0,57,WEBER
228,570075,281.0,874.0542852854355,3.1105134707666746,360.0,2.0,40.0,318.0,371.00541738488056,0.0,2.0,14.0,26.0,58.0,52.0,0.0,208.0,0.0,0.0,0.0,11.005417384880571,100927,0,1165,0,57,WEBER
229,570076,134.0,440.0690949116926,3.2840977232215867,23.0,1.0,3.0,19.0,31.010830648509806,0.0,1.0,3.0,0.0,1.0,1.0,2.0,15.0,3.00836820083682,0.0,0.0,5.002462447672987,101021,0,0,0,57,WEBER
230,570077,0.0,0.0,0.0,1453.0,156.0,1085.0,212.0,1454.002789400279,9.0,147.0,180.0,905.0,5.0,35.0,0.0,172.0,1.00278940027894,0.0,0.0,0.0,77602,0,0,0,57,WEBER
231,570078,17.0,40.55936358633112,2.385844916843007,2540.0,45.0,2068.0,427.0,2541.0004924895347,4.0,41.0,1845.0,223.0,11.0,220.0,0.0,196.0,0.0,0.0,0.0,1.0004924895345977,77602,0,0,0,57,WEBER
232,570079,103.0,308.25116325611646,2.992729740350645,0.0,0.0,0.0,0.0,6.00754875869627,0.0,0.0,0.0,0.0,0.0,0.0,0.0,0.0,2.00557880055788,0.0,0.0,4.00196995813839,101021,0,0,0,57,WEBER
233,570080,35.0,111.53824986241057,3.186807138926016,206.0,3.0,85.0,118.0,210.00886069037142,0.0,3.0,79.0,6.0,0.0,83.0,17.0,18.0,3.00836820083682,0.0,0.0,1.0004924895345977,101021,0,0,0,57,WEBER
234,570081,156.0,501.9221243808476,3.217449515261843,26.0,0.0,10.0,16.0,37.01690193860228,0.0,0.0,10.0,0.0,0.0,5.0,2.0,9.0,5.013947001394699,0.0,0.0,6.002954937207585,77602,0,0,0,57,WEBER
235,570082,75.0,226.118451993796,3.014912693250613,1082.0,4.0,634.0,444.0,1108.0430688147721,0.0,4.0,615.0,19.0,18.0,327.0,85.0,14.0,14.03905160390516,0.0,9.002539742263192,3.0014774686037926,66478,0,0,0,57,WEBER
236,570083,240.0,770.6279081402912,3.210949617251213,71.0,1.0,0.0,70.0,86.02116880748501,1.0,0.0,0.0,0.0,1.0,56.0,10.0,3.0,6.01673640167364,0.0,0.0,9.004432405811377,77602,0,0,0,57,WEBER
237,570084,19.0,49.68522039325562,2.6150115996450327,130.0,7.0,3.0,120.0,137.01722889120825,3.0,4.0,3.0,0.0,1.0,35.0,14.0,70.0,6.01673640167364,0.0,0.0,1.0004924895345977,77602,0,0,0,57,WEBER
238,570085,412.0,1132.6202281482963,2.7490782236609137,364.0,53.0,108.0,203.0,385.02182683394824,52.0,1.0,0.0,108.0,3.0,145.0,14.0,41.0,5.013947001394699,0.0,0.0,16.00787983255356,66478,0,0,0,57,WEBER
239,570086,7.0,25.34960224145695,3.621371748779564,0.0,0.0,0.0,0.0,0.0,0.0,0.0,0.0,0.0,0.0,0.0,0.0,0.0,0.0,0.0,0.0,0.0,134880,0,0,0,57,WEBER
240,570087,13.0,44.61529994496423,3.431946149612633,0.0,0.0,0.0,0.0,1.0004924895345977,0.0,0.0,0.0,0.0,0.0,0.0,0.0,0.0,0.0,0.0,0.0,1.0004924895345977,97564,0,0,0,57,WEBER
241,570088,1.0,5.0699204482913895,5.0699204482913895,0.0,0.0,0.0,0.0,0.0,0.0,0.0,0.0,0.0,0.0,0.0,0.0,0.0,0.0,0.0,0.0,0.0,134880,0,0,0,57,WEBER
242,570089,8.0,16.223745434532447,2.027968179316556,0.0,0.0,0.0,0.0,0.0,0.0,0.0,0.0,0.0,0.0,0.0,0.0,0.0,0.0,0.0,0.0,0.0,134880,0,0,0,57,WEBER
243,570090,119.0,392.4118426977536,3.297578510065156,1.0,0.0,0.0,1.0,7.005251847951927,0.0,0.0,0.0,0.0,0.0,0.0,0.0,1.0,1.00278940027894,0.0,0.0,5.002462447672987,96635,0,0,0,57,WEBER
244,570091,0.0,0.0,0.0,187.0,8.0,105.0,74.0,195.0223152022315,2.0,6.0,91.0,14.0,7.0,29.0,9.0,29.0,8.02231520223152,0.0,0.0,0.0,90010,0,0,0,57,WEBER
245,570092,198.0,658.0756741882224,3.323614516102133,299.0,1.0,159.0,139.0,312.0178869176715,1.0,0.0,151.0,8.0,4.0,60.0,6.0,69.0,5.013947001394699,0.0,0.0,8.00393991627678,90010,0,139,38,57,WEBER
246,570093,64.0,196.71291339370592,3.073639271776655,0.0,0.0,0.0,0.0,7.012635069719552,0.0,0.0,0.0,0.0,0.0,0.0,0.0,0.0,4.01115760111576,0.0,0.0,3.0014774686037926,134880,0,0,0,57,WEBER
247,570094,423.0,1360.7666483214089,3.2169424310198798,0.0,0.0,0.0,0.0,20.016740522924977,0.0,0.0,0.0,0.0,0.0,0.0,0.0,0.0,3.00836820083682,0.0,0.0,17.008372322088157,134880,0,0,0,57,WEBER
248,570095,100.0,356.9223995597138,3.569223995597138,0.0,0.0,0.0,0.0,7.002816538892787,0.0,0.0,0.0,0.0,0.0,0.0,0.0,0.0,0.0,0.0,3.0008465807543976,4.00196995813839,97564,0,0,0,57,WEBER
249,570096,294.0,1019.0540101065692,3.466170102403297,0.0,0.0,0.0,0.0,12.00590987441517,0.0,0.0,0.0,0.0,0.0,0.0,0.0,0.0,0.0,0.0,0.0,12.00590987441517,104259,0,0,0,57,WEBER
250,570097,272.0,939.9632511132236,3.4557472467397927,38.0,0.0,0.0,38.0,49.00541738488057,0.0,0.0,0.0,0.0,0.0,29.0,7.0,2.0,0.0,0.0,0.0,11.005417384880571,97564,473,0,0,57,WEBER
251,570098,90.0,283.9155451043178,3.1546171678257533,187.0,0.0,0.0,187.0,191.0019699581384,0.0,0.0,0.0,0.0,0.0,183.0,0.0,4.0,0.0,0.0,0.0,4.00196995813839,105075,0,0,2077,57,WEBER
252,570099,81.0,221.04853154550457,2.728994216611168,1048.0,173.0,448.0,427.0,1060.0265820711143,39.0,134.0,442.0,6.0,51.0,82.0,6.0,288.0,9.02510460251046,0.0,0.0,3.0014774686037926,90010,0,0,0,57,WEBER
253,570100,564.0,1688.2835092810328,2.99341047744864,782.0,23.0,223.0,536.0,807.0192029705979,10.0,13.0,112.0,111.0,2.0,162.0,239.0,133.0,3.00836820083682,0.0,0.0,22.010834769761143,90010,0,0,0,57,WEBER
254,570101,296.0,934.8933306649324,3.158423414408555,486.0,7.0,158.0,321.0,501.014278075252,7.0,0.0,128.0,30.0,13.0,120.0,19.0,169.0,3.00836820083682,0.0,0.0,12.00590987441517,90010,404,0,0,57,WEBER
255,570102,240.0,734.1244809125932,3.058852003802472,50.0,0.0,0.0,50.0,61.010011206369256,0.0,0.0,0.0,0.0,0.0,0.0,1.0,49.0,2.00557880055788,0.0,0.0,9.004432405811377,60933,0,0,0,57,WEBER
256,570103,75.0,227.13243608345425,3.0284324811127235,9.0,0.0,1.0,8.0,39.011603902087515,0.0,0.0,1.0,0.0,0.0,1.0,1.0,6.0,1.00278940027894,0.0,26.007337033204777,3.0014774686037926,60933,0,0,0,57,WEBER
257,570104,431.0,1180.2774803622356,2.738462831466904,254.0,19.0,154.0,81.0,272.0111617223671,17.0,2.0,21.0,133.0,1.0,20.0,25.0,35.0,1.00278940027894,0.0,0.0,17.008372322088157,63255,0,0,0,57,WEBER
258,570105,2.0,6.083904537949668,3.0419522689748337,158.0,8.0,47.0,103.0,160.00557880055788,7.0,1.0,15.0,32.0,0.0,14.0,26.0,63.0,2.00557880055788,0.0,0.0,0.0,90010,0,0,0,57,WEBER
259,570106,138.0,420.8033972081853,3.049299979769459,10.0,1.0,3.0,6.0,16.00525184795193,0.0,1.0,1.0,2.0,1.0,1.0,0.0,4.0,1.00278940027894,0.0,0.0,5.002462447672987,60933,0,0,0,57,WEBER
260,570107,0.0,0.0,0.0,0.0,0.0,0.0,0.0,0.0,0.0,0.0,0.0,0.0,0.0,0.0,0.0,0.0,0.0,0.0,0.0,0.0,93399,0,0,0,57,WEBER
261,570108,39.0,125.73402711762644,3.2239494132724733,0.0,0.0,0.0,0.0,2.000984979069195,0.0,0.0,0.0,0.0,0.0,0.0,0.0,0.0,0.0,0.0,0.0,2.000984979069195,111812,0,0,0,57,WEBER
262,570109,69.0,238.2862610696953,3.4534240734738453,0.0,0.0,0.0,0.0,305.08669993121316,0.0,0.0,0.0,0.0,0.0,0.0,0.0,0.0,0.0,0.0,302.08522246260935,3.0014774686037926,111812,0,0,0,57,WEBER
263,570110,325.0,1083.948991844699,3.335227667214459,6.0,3.0,1.0,2.0,32.010070880552156,3.0,0.0,0.0,1.0,1.0,0.0,0.0,1.0,0.0,0.0,13.003668516602389,13.006402363949768,93800,0,0,0,57,WEBER
264,570111,671.0,2147.6183018962324,3.2006234007395418,0.0,0.0,0.0,0.0,37.01590885733232,0.0,0.0,0.0,0.0,0.0,0.0,0.0,0.0,0.0,0.0,11.003104129432792,26.012804727899532,94584,0,0,0,57,WEBER
265,570112,381.0,1215.7669235002752,3.190989300525657,157.0,4.0,3.0,150.0,172.00738734301896,4.0,0.0,0.0,3.0,24.0,98.0,3.0,25.0,0.0,0.0,0.0,15.007387343018962,105281,789,0,0,57,WEBER
266,570113,195.0,694.5791014159204,3.561944109825233,13.0,0.0,0.0,13.0,22.00672931655572,0.0,0.0,0.0,0.0,2.0,1.0,7.0,3.0,1.00278940027894,0.0,0.0,8.00393991627678,94424,0,0,0,57,WEBER
267,570114,279.0,941.9912192925402,3.376312613951757,0.0,0.0,0.0,0.0,17.007110546389367,0.0,0.0,0.0,0.0,0.0,0.0,0.0,0.0,0.0,0.0,6.001693161508795,11.005417384880571,97076,0,0,0,57,WEBER
268,570115,147.0,458.3208085255416,3.1178286294254534,0.0,0.0,0.0,0.0,6.002954937207585,0.0,0.0,0.0,0.0,0.0,0.0,0.0,0.0,0.0,0.0,0.0,6.002954937207585,105241,0,0,0,57,WEBER
269,570116,111.0,353.88044729073897,3.188112137754405,209.0,92.0,3.0,114.0,216.01033815897523,14.0,78.0,3.0,0.0,7.0,2.0,79.0,26.0,3.00836820083682,0.0,0.0,4.00196995813839,60933,0,0,0,57,WEBER
270,570117,143.0,442.0970630910092,3.0915878537832806,413.0,281.0,0.0,132.0,457.0136782934299,148.0,133.0,0.0,0.0,13.0,3.0,10.0,106.0,0.0,0.0,38.01072335622237,6.002954937207585,60933,0,0,0,57,WEBER
271,570118,367.0,1089.0189122929903,2.9673539844495656,86.0,7.0,0.0,79.0,100.00689485348437,3.0,4.0,0.0,0.0,2.0,56.0,9.0,12.0,0.0,0.0,0.0,14.006894853484363,68928,554,0,0,57,WEBER
272,570119,272.0,910.5577125131337,3.347638648945344,7.0,0.0,0.0,7.0,21.00626396563497,0.0,0.0,0.0,0.0,0.0,6.0,0.0,1.0,0.0,0.0,3.0008465807543976,11.005417384880571,79703,0,913,0,57,WEBER
273,570120,294.0,965.3128533546806,3.2833770522268044,0.0,0.0,0.0,0.0,12.00590987441517,0.0,0.0,0.0,0.0,0.0,0.0,0.0,0.0,0.0,0.0,0.0,12.00590987441517,74199,0,0,0,57,WEBER
274,570121,550.0,1665.9758593085503,3.029047016924637,0.0,0.0,0.0,0.0,27.012245737685138,0.0,0.0,0.0,0.0,0.0,0.0,0.0,0.0,0.0,0.0,5.001410967923996,22.010834769761143,82716,0,0,0,57,WEBER
275,570122,1.0,3.0419522689748337,3.0419522689748337,0.0,0.0,0.0,0.0,0.0,0.0,0.0,0.0,0.0,0.0,0.0,0.0,0.0,0.0,0.0,0.0,0.0,111812,0,0,0,57,WEBER
276,570123,1021.0,2793.526167008556,2.736068723808576,378.0,93.0,0.0,285.0,420.0252783819418,15.0,78.0,0.0,0.0,3.0,79.0,61.0,142.0,2.00557880055788,0.0,0.0,40.0196995813839,63002,364,53,0,57,WEBER
277,570124,90.0,167.30737479361585,1.858970831040176,366.0,130.0,2.0,234.0,371.0047593584173,29.0,101.0,1.0,1.0,4.0,27.0,22.0,181.0,1.00278940027894,0.0,0.0,4.00196995813839,60933,0,0,0,57,WEBER
278,570125,595.0,1640.6262570670935,2.757355053894275,938.0,383.0,3.0,552.0,1237.0942271020886,273.0,110.0,3.0,0.0,3.0,282.0,151.0,116.0,2.00557880055788,0.0,274.077321042235,23.01132725929574,77863,0,0,0,57,WEBER
279,570126,104.0,308.25116325611646,2.9639534928472737,105.0,2.0,6.0,97.0,111.00754875869627,0.0,2.0,5.0,1.0,1.0,23.0,71.0,2.0,2.00557880055788,0.0,0.0,4.00196995813839,77863,0,0,0,57,WEBER
280,570127,135.0,384.2999699804873,2.846666444299906,0.0,0.0,0.0,0.0,14.007509396630322,0.0,0.0,0.0,0.0,0.0,0.0,0.0,0.0,1.00278940027894,0.0,8.002257548678394,5.002462447672987,68585,0,0,0,57,WEBER
281,570128,255.0,735.1384650022515,2.8828959411853,13.0,0.0,0.0,13.0,31.01971847749507,0.0,0.0,0.0,0.0,3.0,0.0,7.0,3.0,5.013947001394699,0.0,3.0008465807543976,10.004924895345974,82256,0,0,0,57,WEBER
282,570129,598.0,1697.409366087957,2.838477200815982,546.0,74.0,87.0,385.0,581.0224454983455,44.0,30.0,33.0,54.0,18.0,57.0,1.0,309.0,3.00836820083682,0.0,8.002257548678394,24.01181974883034,75400,0,0,0,57,WEBER
283,570130,527.0,1502.724420873568,2.8514694893236583,327.0,74.0,15.0,238.0,348.01034228022655,7.0,67.0,15.0,0.0,7.0,110.0,7.0,114.0,0.0,0.0,0.0,21.010342280226546,71576,515,0,0,57,WEBER
284,570131,336.0,993.7044078651124,2.957453594836644,3.0,1.0,0.0,2.0,17.009191764228706,1.0,0.0,0.0,0.0,0.0,1.0,0.0,1.0,1.00278940027894,0.0,0.0,13.006402363949768,71576,0,0,0,57,WEBER
285,570132,77.0,221.04853154550457,2.870760149941618,10.0,0.0,0.0,10.0,16.00984566944061,0.0,0.0,0.0,0.0,2.0,0.0,0.0,8.0,3.00836820083682,0.0,0.0,3.0014774686037926,76600,0,0,0,57,WEBER
286,570133,196.0,579.998899284535,2.9591780575741584,142.0,1.0,0.0,141.0,151.00672931655572,0.0,1.0,0.0,0.0,78.0,3.0,55.0,5.0,1.00278940027894,0.0,0.0,8.00393991627678,43190,0,0,0,57,WEBER
287,570134,152.0,441.0830790013509,2.9018623618509927,0.0,0.0,0.0,0.0,27.011388209182506,0.0,0.0,0.0,0.0,0.0,0.0,0.0,0.0,1.00278940027894,0.0,20.005643871695984,6.002954937207585,79548,0,0,0,57,WEBER
288,570135,988.0,2903.0364486916496,2.93829600070005,281.0,13.0,29.0,239.0,322.0247858924072,1.0,12.0,0.0,29.0,2.0,184.0,28.0,25.0,2.00557880055788,0.0,0.0,39.0192070918493,63006,860,1052,0,57,WEBER
289,570136,44.0,129.78996347625957,2.9497718971877176,33.0,4.0,2.0,27.0,38.009353179906014,1.0,3.0,1.0,1.0,6.0,2.0,0.0,19.0,3.00836820083682,0.0,0.0,2.000984979069195,71352,0,0,0,57,WEBER
290,570137,119.0,360.9783359183469,3.033431394271823,0.0,0.0,0.0,0.0,7.008041248230867,0.0,0.0,0.0,0.0,0.0,0.0,0.0,0.0,2.00557880055788,0.0,0.0,5.002462447672987,77602,0,0,0,57,WEBER
291,570138,1449.0,3852.125556611798,2.6584717436934424,14.0,1.0,0.0,13.0,71.02807190347205,0.0,1.0,0.0,0.0,2.0,0.0,1.0,10.0,0.0,0.0,0.0,57.02807190347205,75400,0,0,0,57,WEBER
292,570139,301.0,792.9355581127734,2.634337402368018,230.0,68.0,3.0,159.0,325.0493895955066,54.0,14.0,0.0,3.0,0.0,12.0,28.0,119.0,8.02231520223152,0.0,75.02116451885993,12.00590987441517,69984,0,0,0,57,WEBER
293,570140,351.0,1061.641341872217,3.0246192076131537,236.0,20.0,21.0,195.0,282.02093946158624,9.0,11.0,3.0,18.0,0.0,24.0,0.0,171.0,2.00557880055788,0.0,30.008465807543978,14.006894853484363,75400,0,0,0,57,WEBER
294,570141,571.0,1436.8154550457798,2.516314282041646,1748.0,931.0,22.0,795.0,1906.054437806632,633.0,298.0,17.0,5.0,6.0,190.0,26.0,573.0,2.00557880055788,0.0,133.03753174677828,23.01132725929574,68722,328,50,0,57,WEBER
295,570142,7.0,15.209761344874169,2.1728230492677385,0.0,0.0,0.0,0.0,4.01115760111576,0.0,0.0,0.0,0.0,0.0,0.0,0.0,0.0,4.01115760111576,0.0,0.0,0.0,66478,0,0,0,57,WEBER
296,570143,9.0,19.26569770350728,2.1406330781674754,0.0,0.0,0.0,0.0,8.02231520223152,0.0,0.0,0.0,0.0,0.0,0.0,0.0,0.0,8.02231520223152,0.0,0.0,0.0,80917,0,0,0,57,WEBER
297,570144,44.0,112.55223395206885,2.5580053170924737,0.0,0.0,0.0,0.0,20.051194184090114,0.0,0.0,0.0,0.0,0.0,0.0,0.0,0.0,18.05020920502092,0.0,0.0,2.000984979069195,80917,0,0,0,57,WEBER
298,570145,29.0,73.00685445539601,2.5174777398412416,0.0,0.0,0.0,0.0,8.020018291487178,0.0,0.0,0.0,0.0,0.0,0.0,0.0,0.0,7.01952580195258,0.0,0.0,1.0004924895345977,66478,0,0,0,57,WEBER
299,570146,19.0,39.54537949667284,2.0813357629827807,116.0,51.0,50.0,15.0,121.01165009065035,36.0,15.0,0.0,50.0,3.0,5.0,0.0,7.0,4.01115760111576,0.0,0.0,1.0004924895345977,66478,0,0,0,57,WEBER
300,570147,5.0,13.181793165557613,2.6363586331115227,355.0,1.0,2.0,352.0,361.01673640167365,0.0,1.0,2.0,0.0,1.0,155.0,2.0,194.0,6.01673640167364,0.0,0.0,0.0,77602,357,215,212,57,WEBER
301,570148,12.0,36.503427227698005,3.0419522689748337,0.0,0.0,0.0,0.0,3.00836820083682,0.0,0.0,0.0,0.0,0.0,0.0,0.0,0.0,3.00836820083682,0.0,0.0,0.0,77602,0,0,0,57,WEBER
302,570149,74.0,218.00657927652972,2.94603485508824,3.0,1.0,2.0,0.0,17.032160871672133,1.0,0.0,0.0,2.0,0.0,0.0,0.0,0.0,11.03068340306834,0.0,0.0,3.0014774686037926,80917,0,0,0,57,WEBER
303,570150,54.0,164.26542252464102,3.0419522689748337,149.0,50.0,0.0,99.0,153.00656377962707,7.0,43.0,0.0,0.0,41.0,4.0,31.0,23.0,2.00557880055788,0.0,0.0,2.000984979069195,80917,0,0,0,57,WEBER
304,570151,72.0,222.06251563516287,3.084201606043929,29.0,0.0,0.0,29.0,38.018213870277435,0.0,0.0,0.0,0.0,0.0,29.0,0.0,0.0,6.01673640167364,0.0,0.0,3.0014774686037926,77602,439,0,0,57,WEBER
305,570152,2.0,8.111872717266223,4.055936358633112,0.0,0.0,0.0,0.0,10.0278940027894,0.0,0.0,0.0,0.0,0.0,0.0,0.0,0.0,10.0278940027894,0.0,0.0,0.0,80917,0,0,0,57,WEBER
306,570153,26.0,71.99287036573773,2.7689565525283744,0.0,0.0,0.0,0.0,9.022807691766117,0.0,0.0,0.0,0.0,0.0,0.0,0.0,0.0,8.02231520223152,0.0,0.0,1.0004924895345977,80917,0,0,0,57,WEBER
307,570154,91.0,310.27913143543304,3.4096607850047587,6.0,3.0,0.0,3.0,18.02428516036991,0.0,3.0,0.0,0.0,0.0,1.0,0.0,2.0,8.02231520223152,0.0,0.0,4.00196995813839,80917,0,0,0,57,WEBER
308,570155,40.0,150.06964526942514,3.7517411317356286,471.0,313.0,13.0,145.0,478.01493198046387,302.0,11.0,6.0,7.0,10.0,45.0,1.0,89.0,5.013947001394699,0.0,0.0,2.000984979069195,80917,0,0,0,57,WEBER
309,570156,173.0,533.3556311602542,3.082980526937886,369.0,20.0,225.0,124.0,384.0257626289737,1.0,19.0,221.0,4.0,15.0,42.0,0.0,67.0,8.02231520223152,0.0,0.0,7.003447426742183,77602,0,0,0,57,WEBER
310,570157,0.0,0.0,0.0,163.0,36.0,81.0,46.0,164.00278940027894,36.0,0.0,10.0,71.0,0.0,6.0,0.0,40.0,1.00278940027894,0.0,0.0,0.0,80917,0,0,0,57,WEBER
311,570158,31.0,93.28653624856156,3.0092431047923083,1687.0,205.0,259.0,1223.0,1692.0116500906502,74.0,131.0,187.0,72.0,219.0,416.0,33.0,555.0,4.01115760111576,0.0,0.0,1.0004924895345977,77602,0,0,494,57,WEBER
312,570159,486.0,1333.3890779006354,2.743598925721472,418.0,0.0,0.0,418.0,443.026093702831,0.0,0.0,0.0,0.0,0.0,39.0,223.0,156.0,6.01673640167364,0.0,0.0,19.00935730115735,41462,0,0,0,57,WEBER
313,570160,697.0,1940.765547605944,2.7844555919740945,15.0,3.0,0.0,12.0,42.01329721743413,0.0,3.0,0.0,0.0,0.0,5.0,6.0,1.0,0.0,0.0,0.0,27.013297217434133,43190,548,0,0,57,WEBER
314,570161,604.0,1689.297493370691,2.796850154587237,10.0,1.0,3.0,6.0,35.01460914910928,1.0,0.0,0.0,3.0,2.0,0.0,0.0,4.0,1.00278940027894,0.0,0.0,24.01181974883034,79834,0,0,0,57,WEBER
315,570162,0.0,0.0,0.0,1727.0,49.0,401.0,1277.0,1727.0,0.0,49.0,44.0,357.0,545.0,263.0,12.0,457.0,0.0,0.0,0.0,0.0,41462,0,0,0,57,WEBER
316,570163,1207.0,3490.1332366037927,2.8915768323146582,231.0,6.0,4.0,221.0,313.03323407954383,3.0,3.0,3.0,1.0,3.0,28.0,129.0,61.0,0.0,0.0,34.00959458188317,48.02363949766068,43476,0,0,0,57,WEBER
317,570164,515.0,1478.3888027217693,2.8706578693626588,14.0,0.0,0.0,14.0,34.009849790691945,0.0,0.0,0.0,0.0,0.0,0.0,8.0,6.0,0.0,0.0,0.0,20.00984979069195,65873,0,0,0,57,WEBER
318,570165,112.0,310.27913143543304,2.7703493878163665,0.0,0.0,0.0,0.0,4.00196995813839,0.0,0.0,0.0,0.0,0.0,0.0,0.0,0.0,0.0,0.0,0.0,4.00196995813839,61741,0,0,0,57,WEBER
319,570166,0.0,0.0,0.0,2432.0,117.0,1500.0,815.0,2432.0,85.0,32.0,1017.0,483.0,226.0,265.0,24.0,300.0,0.0,0.0,0.0,0.0,41462,0,0,0,57,WEBER
320,570167,616.0,1833.2832341021665,2.97610914626975,22.0,0.0,0.0,22.0,52.01852732372742,0.0,0.0,0.0,0.0,0.0,14.0,0.0,8.0,2.00557880055788,0.0,4.001128774339197,24.01181974883034,66407,376,0,0,57,WEBER
321,570168,533.0,1584.8571321358884,2.9734655387164883,32.0,0.0,0.0,32.0,54.01313168050549,0.0,0.0,0.0,0.0,0.0,29.0,0.0,3.0,1.00278940027894,0.0,0.0,21.010342280226546,71102,0,0,0,57,WEBER
322,570169,309.0,886.2220943613349,2.8680326678360357,294.0,140.0,11.0,143.0,306.0059098744152,111.0,29.0,2.0,9.0,11.0,32.0,2.0,98.0,0.0,0.0,0.0,12.00590987441517,34275,0,0,0,57,WEBER
323,570170,377.0,923.7395056786912,2.450237415593345,352.0,104.0,45.0,203.0,367.007387343019,89.0,15.0,1.0,44.0,9.0,40.0,3.0,151.0,0.0,0.0,0.0,15.007387343018962,32841,0,0,0,57,WEBER
324,570171,393.0,994.7183919547706,2.5310900558645564,823.0,151.0,10.0,662.0,861.0165952981133,151.0,0.0,10.0,0.0,0.0,555.0,5.0,102.0,1.00278940027894,0.0,21.005926065280782,16.00787983255356,32841,0,0,0,57,WEBER
325,570172,439.0,1330.347125631661,3.030403475242963,0.0,0.0,0.0,0.0,17.008372322088157,0.0,0.0,0.0,0.0,0.0,0.0,0.0,0.0,0.0,0.0,0.0,17.008372322088157,57133,0,0,0,57,WEBER
326,570173,0.0,0.0,0.0,4463.0,757.0,1246.0,2460.0,4465.0055788005575,756.0,1.0,1071.0,175.0,234.0,607.0,32.0,1587.0,2.00557880055788,0.0,0.0,0.0,41462,0,0,13,57,WEBER
327,570174,520.0,1552.4096412668234,2.9854031562823526,97.0,1.0,29.0,67.0,120.01592108078444,0.0,1.0,4.0,25.0,2.0,51.0,4.0,10.0,2.00557880055788,0.0,0.0,21.010342280226546,71102,693,0,0,57,WEBER
328,570175,349.0,1079.893055486066,3.094249442653484,477.0,125.0,10.0,342.0,510.01225653159554,45.0,80.0,4.0,6.0,49.0,23.0,34.0,236.0,0.0,0.0,19.005361678111186,14.006894853484363,34275,0,0,0,57,WEBER
329,570176,789.0,1946.8494521438936,2.4674897999288894,316.0,99.0,2.0,215.0,347.01526717557255,93.0,6.0,2.0,0.0,17.0,105.0,11.0,82.0,0.0,0.0,0.0,31.01526717557252,46053,462,839,0,57,WEBER
330,570177,410.0,1198.5291939760846,2.9232419365270355,162.0,39.0,4.0,119.0,178.00787983255356,39.0,0.0,3.0,1.0,5.0,69.0,12.0,33.0,0.0,0.0,0.0,16.00787983255356,55023,392,0,0,57,WEBER
331,570178,301.0,757.4461149747336,2.516432275663567,290.0,0.0,0.0,290.0,302.0059098744152,0.0,0.0,0.0,0.0,0.0,280.0,5.0,5.0,0.0,0.0,0.0,12.00590987441517,67626,435,0,0,57,WEBER
332,570179,357.0,949.089107920148,2.6585129073393503,92.0,10.0,5.0,77.0,106.00689485348437,1.0,9.0,2.0,3.0,2.0,8.0,4.0,63.0,0.0,0.0,0.0,14.006894853484363,47967,0,0,0,57,WEBER
333,570180,542.0,1638.598288887777,3.023244075438703,1041.0,209.0,230.0,602.0,1062.0103422802265,171.0,38.0,194.0,36.0,16.0,146.0,8.0,432.0,0.0,0.0,0.0,21.010342280226546,71102,0,0,0,57,WEBER
334,570181,275.0,791.921574023115,2.879714814629509,1218.0,578.0,5.0,635.0,1230.0056995784653,252.0,326.0,3.0,2.0,5.0,23.0,40.0,567.0,0.0,0.0,1.0002821935847992,11.005417384880571,31607,0,0,0,57,WEBER
335,570182,461.0,1207.655050783009,2.619642192587872,837.0,370.0,7.0,460.0,855.0088648116227,40.0,330.0,7.0,0.0,7.0,80.0,37.0,336.0,0.0,0.0,0.0,18.008864811622754,50524,0,0,0,57,WEBER
336,570183,223.0,548.5653925051283,2.459934495538692,343.0,8.0,8.0,327.0,352.0044324058114,5.0,3.0,1.0,7.0,2.0,173.0,74.0,78.0,0.0,0.0,0.0,9.004432405811377,39176,0,0,0,57,WEBER
337,570184,324.0,838.5648421473958,2.588163093047518,167.0,1.0,0.0,166.0,180.00640236394977,1.0,0.0,0.0,0.0,0.0,82.0,80.0,4.0,0.0,0.0,0.0,13.006402363949768,62358,0,0,1223,57,WEBER
338,570185,487.0,1245.1724621003652,2.556822304107526,6.0,0.0,0.0,6.0,36.01246143059014,0.0,0.0,0.0,0.0,0.0,0.0,1.0,5.0,0.0,0.0,11.003104129432792,19.00935730115735,67311,0,0,0,57,WEBER
339,570186,3.0,11.153824986241055,3.717941662080353,846.0,20.0,229.0,597.0,846.0,20.0,0.0,205.0,24.0,9.0,314.0,1.0,273.0,0.0,0.0,0.0,0.0,77602,0,0,0,57,WEBER
340,570187,29.0,86.18864762095362,2.9720223317570214,3063.0,401.0,1997.0,665.0,3064.0004924895347,277.0,124.0,1922.0,75.0,17.0,168.0,66.0,414.0,0.0,0.0,0.0,1.0004924895345977,28702,0,0,0,57,WEBER
341,570188,97.0,263.63586331115226,2.717895498053116,504.0,200.0,13.0,291.0,726.0634881596246,126.0,74.0,7.0,6.0,54.0,119.0,24.0,94.0,0.0,0.0,218.06151820148622,4.00196995813839,28702,736,324,0,57,WEBER
342,570189,222.0,647.9358332916396,2.9186298796920704,79.0,77.0,0.0,2.0,88.00443240581137,0.0,77.0,0.0,0.0,0.0,0.0,0.0,2.0,0.0,0.0,0.0,9.004432405811377,38613,0,0,0,57,WEBER
343,570190,168.0,459.3347926151999,2.73413567032857,282.0,170.0,2.0,110.0,289.0034474267422,30.0,140.0,0.0,2.0,13.0,5.0,3.0,89.0,0.0,0.0,0.0,7.003447426742183,37980,0,0,0,57,WEBER
344,570191,365.0,902.4458397958672,2.472454355605116,424.0,204.0,15.0,205.0,438.00689485348437,72.0,132.0,15.0,0.0,9.0,35.0,6.0,155.0,0.0,0.0,0.0,14.006894853484363,33182,0,0,0,57,WEBER
345,570192,235.0,614.4743583329164,2.614784503544325,64.0,0.0,0.0,64.0,73.00443240581137,0.0,0.0,0.0,0.0,0.0,0.0,64.0,0.0,0.0,0.0,0.0,9.004432405811377,63799,0,0,0,57,WEBER
346,570193,431.0,1088.0049282033322,2.524373383302395,177.0,28.0,4.0,145.0,194.00837232208815,1.0,27.0,4.0,0.0,0.0,97.0,39.0,9.0,0.0,0.0,0.0,17.008372322088157,44259,0,716,0,57,WEBER
347,570194,708.0,1724.7869365087308,2.436139740831541,351.0,217.0,2.0,132.0,379.01378970696874,216.0,1.0,0.0,2.0,0.0,26.0,1.0,105.0,0.0,0.0,0.0,28.01378970696873,44259,0,0,0,57,WEBER
348,570195,197.0,436.0131585530595,2.2132647642287284,326.0,135.0,2.0,189.0,337.0047864970312,26.0,109.0,0.0,2.0,1.0,29.0,5.0,154.0,0.0,0.0,3.0008465807543976,8.00393991627678,69985,0,0,0,57,WEBER
349,570196,159.0,400.52371541501975,2.519017078081885,0.0,0.0,0.0,0.0,6.002954937207585,0.0,0.0,0.0,0.0,0.0,0.0,0.0,0.0,0.0,0.0,0.0,6.002954937207585,67576,0,0,0,57,WEBER
350,570197,234.0,631.7120878571071,2.6996243070816544,46.0,2.0,0.0,44.0,55.00443240581138,2.0,0.0,0.0,0.0,0.0,1.0,0.0,43.0,0.0,0.0,0.0,9.004432405811377,44259,0,0,0,57,WEBER
351,570198,2.0,4.055936358633112,2.027968179316556,231.0,0.0,199.0,32.0,231.0,0.0,0.0,77.0,122.0,1.0,11.0,0.0,20.0,0.0,0.0,0.0,0.0,77602,0,0,0,57,WEBER
352,570199,34.0,86.18864762095362,2.5349602241456948,227.0,7.0,201.0,19.0,228.0004924895346,2.0,5.0,8.0,193.0,0.0,5.0,1.0,13.0,0.0,0.0,0.0,1.0004924895345977,28702,0,0,0,57,WEBER
353,570200,589.0,1437.8294391354382,2.441136568990557,752.0,451.0,8.0,293.0,775.0113272592957,446.0,5.0,3.0,5.0,11.0,89.0,0.0,193.0,0.0,0.0,0.0,23.01132725929574,31804,0,0,0,57,WEBER
354,570201,439.0,1154.9278781207786,2.6308152121202246,124.0,21.0,3.0,100.0,141.00837232208815,18.0,3.0,0.0,3.0,14.0,15.0,0.0,71.0,0.0,0.0,0.0,17.008372322088157,31804,0,0,0,57,WEBER
355,570202,31.0,68.9509180967629,2.2242231644117068,80.0,32.0,28.0,20.0,81.0004924895346,32.0,0.0,11.0,17.0,0.0,9.0,0.0,11.0,0.0,0.0,0.0,1.0004924895345977,47780,0,0,0,57,WEBER
356,570203,266.0,493.81025166358137,1.8564295175322607,241.0,25.0,0.0,216.0,251.00492489534597,14.0,11.0,0.0,0.0,54.0,11.0,0.0,151.0,0.0,0.0,0.0,10.004924895345974,31804,0,0,0,57,WEBER
357,570204,48.0,134.85988392455096,2.8095809150948114,4.0,1.0,0.0,3.0,6.0009849790691945,0.0,1.0,0.0,0.0,0.0,0.0,0.0,3.0,0.0,0.0,0.0,2.000984979069195,47780,0,0,0,57,WEBER
358,570205,71.0,144.99972482113375,2.042249645368081,175.0,134.0,0.0,41.0,178.00147746860378,21.0,113.0,0.0,0.0,3.0,6.0,0.0,32.0,0.0,0.0,0.0,3.0014774686037926,31804,0,0,0,57,WEBER
359,570206,118.0,286.95749737329265,2.4318431980787514,103.0,22.0,2.0,79.0,108.00246244767298,11.0,11.0,2.0,0.0,2.0,2.0,1.0,74.0,0.0,0.0,0.0,5.002462447672987,47780,0,0,0,57,WEBER
360,570207,304.0,654.0197378295893,2.151380716544702,4442.0,504.0,36.0,3902.0,4473.0112715525265,6.0,498.0,32.0,4.0,400.0,171.0,655.0,2676.0,0.0,0.0,19.005361678111186,12.00590987441517,30412,0,0,0,57,WEBER
361,570208,259.0,651.9917696502727,2.5173427399624426,312.0,0.0,0.0,312.0,322.004924895346,0.0,0.0,0.0,0.0,1.0,307.0,4.0,0.0,0.0,0.0,0.0,10.004924895345974,53605,0,0,0,57,WEBER
362,570209,333.0,836.5368739680792,2.5121227446488867,451.0,166.0,2.0,283.0,468.0075311382889,116.0,50.0,0.0,2.0,81.0,87.0,4.0,111.0,0.0,0.0,4.001128774339197,13.006402363949768,69985,354,0,0,57,WEBER
363,570210,243.0,574.9289788362436,2.365962875869315,0.0,0.0,0.0,0.0,10.004924895345974,0.0,0.0,0.0,0.0,0.0,0.0,0.0,0.0,0.0,0.0,0.0,10.004924895345974,57928,0,0,0,57,WEBER
364,570211,2.0,7.097888627607945,3.5489443138039727,597.0,68.0,384.0,145.0,597.0,13.0,55.0,116.0,268.0,12.0,51.0,20.0,62.0,0.0,0.0,0.0,0.0,60702,0,0,0,57,WEBER
365,570212,1.0,1.0,1.0,369.0,0.0,214.0,155.0,370.0027894002789,0.0,0.0,17.0,197.0,4.0,77.0,0.0,74.0,1.00278940027894,0.0,0.0,0.0,49643,0,0,0,57,WEBER
366,570213,129.0,301.15327462850854,2.334521508748128,1057.0,1.0,356.0,700.0,1062.002462447673,0.0,1.0,204.0,152.0,3.0,23.0,0.0,674.0,0.0,0.0,0.0,5.002462447672987,49643,0,0,0,57,WEBER
367,570214,6.0,26.363586331115226,4.393931055185871,115.0,7.0,32.0,76.0,115.0,6.0,1.0,27.0,5.0,0.0,11.0,0.0,65.0,0.0,0.0,0.0,0.0,31804,0,0,0,57,WEBER
368,570215,417.0,1004.8582328513534,2.4097319732646363,186.0,30.0,5.0,151.0,647.1334559777893,24.0,6.0,3.0,2.0,17.0,1.0,14.0,119.0,0.0,0.0,445.12557614523564,16.00787983255356,31804,0,0,0,57,WEBER
369,570216,649.0,1771.4302046330115,2.729476432408338,1105.0,79.0,30.0,996.0,1131.0128047278995,2.0,77.0,21.0,9.0,179.0,21.0,18.0,778.0,0.0,0.0,0.0,26.012804727899532,31804,0,0,0,57,WEBER
370,570217,112.0,279.8596087456847,2.498746506657899,555.0,89.0,24.0,442.0,656.0293427358639,45.0,44.0,2.0,22.0,60.0,22.0,3.0,357.0,0.0,0.0,97.02737277772552,4.00196995813839,31804,0,0,0,57,WEBER
371,570218,434.0,1127.550307700005,2.5980421836405645,892.0,16.0,34.0,842.0,909.0083723220881,9.0,7.0,27.0,7.0,78.0,33.0,29.0,702.0,0.0,0.0,0.0,17.008372322088157,31804,0,0,0,57,WEBER
372,570219,298.0,582.0268674638515,1.9531102935028573,1172.0,200.0,1.0,971.0,1253.0253812317665,161.0,39.0,0.0,1.0,137.0,467.0,1.0,366.0,0.0,0.0,69.01947135735115,12.00590987441517,31804,747,293,229,57,WEBER
373,570220,322.0,674.2994196227548,2.0940975764681826,2065.0,186.0,28.0,1851.0,2473.1178688299456,40.0,146.0,28.0,0.0,683.0,238.0,84.0,846.0,0.0,0.0,395.1114664659957,13.006402363949768,31804,0,0,0,57,WEBER
374,570221,139.0,251.4680542352529,1.809122692339949,18.0,1.0,0.0,17.0,23.002462447672986,0.0,1.0,0.0,0.0,2.0,1.0,0.0,14.0,0.0,0.0,0.0,5.002462447672987,31804,0,0,0,57,WEBER
375,570222,283.0,541.4675038775204,1.913312734549542,1164.0,70.0,2.0,1092.0,1253.0274284844947,23.0,47.0,2.0,0.0,273.0,363.0,165.0,291.0,0.0,0.0,78.02201109961433,11.005417384880571,30513,0,0,0,57,WEBER
376,570223,188.0,458.3208085255416,2.4378766410933066,307.0,41.0,1.0,265.0,399.0274338814501,27.0,14.0,1.0,0.0,10.0,13.0,6.0,236.0,0.0,0.0,85.02398645470794,7.003447426742183,30591,0,0,0,57,WEBER
377,570224,665.0,1515.9062140391254,2.2795582166001886,311.0,0.0,5.0,306.0,337.01280472789955,0.0,0.0,0.0,5.0,42.0,10.0,151.0,103.0,0.0,0.0,0.0,26.012804727899532,21759,0,0,0,57,WEBER
378,570225,312.0,674.2994196227548,2.1612160885344704,254.0,1.0,15.0,238.0,291.01296471403515,0.0,1.0,0.0,15.0,6.0,105.0,25.0,102.0,0.0,0.0,25.00705483961998,12.00590987441517,30412,707,0,0,57,WEBER
379,570226,728.0,1762.304347826087,2.4207477305303398,23.0,1.0,1.0,21.0,52.01428219650333,0.0,1.0,0.0,1.0,6.0,1.0,3.0,11.0,0.0,0.0,0.0,29.014282196503327,32903,0,0,0,57,WEBER
380,570227,466.0,1169.1236553759943,2.5088490458712327,33.0,1.0,0.0,32.0,51.00886481162276,1.0,0.0,0.0,0.0,1.0,17.0,1.0,13.0,0.0,0.0,0.0,18.008864811622754,53605,0,0,0,57,WEBER
381,570228,369.0,809.1593035473057,2.1928436410496093,26.0,16.0,1.0,9.0,41.00738734301896,16.0,0.0,0.0,1.0,6.0,0.0,2.0,1.0,0.0,0.0,0.0,15.007387343018962,60224,0,0,0,57,WEBER
382,570229,149.0,360.9783359183469,2.422673395425148,0.0,0.0,0.0,0.0,6.002954937207585,0.0,0.0,0.0,0.0,0.0,0.0,0.0,0.0,0.0,0.0,0.0,6.002954937207585,57928,0,0,0,57,WEBER
383,570230,1.0,1.0,1.0,2424.0,102.0,1543.0,779.0,2424.0,87.0,15.0,1283.0,260.0,701.0,28.0,28.0,22.0,0.0,0.0,0.0,0.0,49643,0,0,0,57,WEBER
384,570231,6.0,13.181793165557613,2.196965527592936,942.0,13.0,547.0,382.0,942.0,13.0,0.0,340.0,207.0,51.0,81.0,109.0,141.0,0.0,0.0,0.0,0.0,49643,0,0,0,57,WEBER
385,570232,8.0,19.26569770350728,2.40821221293841,696.0,14.0,566.0,116.0,697.002789400279,14.0,0.0,197.0,369.0,9.0,47.0,1.0,59.0,1.00278940027894,0.0,0.0,0.0,49643,0,0,0,57,WEBER
386,570233,8.0,25.34960224145695,3.1687002801821187,703.0,6.0,616.0,81.0,703.0,5.0,1.0,171.0,445.0,1.0,34.0,0.0,46.0,0.0,0.0,0.0,0.0,49643,0,0,0,57,WEBER
387,570234,509.0,1381.0463301145744,2.713254086669105,300.0,5.0,198.0,97.0,1019.2071031064667,2.0,3.0,143.0,55.0,16.0,10.0,10.0,61.0,0.0,0.0,699.1972533157747,20.00984979069195,49643,0,0,0,57,WEBER
388,570235,0.0,0.0,0.0,50.0,2.0,35.0,13.0,50.0,2.0,0.0,5.0,30.0,2.0,1.0,1.0,9.0,0.0,0.0,0.0,0.0,31804,0,0,0,57,WEBER
389,570236,317.0,839.5788262370542,2.648513647435502,556.0,68.0,43.0,445.0,963.1175866363606,2.0,66.0,40.0,3.0,146.0,19.0,63.0,217.0,0.0,0.0,394.11118427241087,13.006402363949768,36446,0,0,0,57,WEBER
390,570237,498.0,1306.0115074798618,2.6225130672286383,809.0,156.0,75.0,578.0,971.0499212797334,28.0,128.0,7.0,68.0,119.0,73.0,104.0,282.0,0.0,0.0,142.04007148904148,20.00984979069195,31804,0,0,0,57,WEBER
391,570238,88.0,212.9366588282384,2.4197347594118,495.0,1.0,2.0,492.0,551.0164337285981,1.0,0.0,0.0,2.0,30.0,396.0,5.0,61.0,0.0,0.0,53.01495625999436,3.0014774686037926,35436,0,0,0,57,WEBER
392,570239,250.0,650.9777855606144,2.603911142242457,1425.0,375.0,20.0,1030.0,1546.0362483832587,20.0,355.0,16.0,4.0,422.0,140.0,81.0,387.0,0.0,0.0,111.03132348791272,10.004924895345974,31804,0,0,0,57,WEBER
393,570240,586.0,1465.2070095562117,2.500353258628348,701.0,49.0,1.0,651.0,788.0293876487228,17.0,32.0,1.0,0.0,358.0,10.0,11.0,272.0,0.0,0.0,64.01806038942715,23.01132725929574,27413,0,0,0,57,WEBER
394,570241,96.0,256.5379746835443,2.672270569620253,4226.0,71.0,1.0,4154.0,4620.112025456209,3.0,68.0,0.0,1.0,566.0,3489.0,6.0,93.0,0.0,0.0,390.1100554980717,4.00196995813839,31804,0,0,0,57,WEBER
395,570242,473.0,1218.80887576925,2.576762950886364,495.0,22.0,7.0,466.0,635.0435027249181,14.0,8.0,1.0,6.0,68.0,72.0,8.0,318.0,0.0,0.0,121.0341454237607,19.00935730115735,26719,0,0,0,57,WEBER
396,570243,481.0,977.48066243058,2.032184329377505,2211.0,231.0,2.0,1978.0,2303.0299574328474,15.0,216.0,2.0,0.0,942.0,740.0,39.0,257.0,0.0,0.0,73.02060013169034,19.00935730115735,31804,0,0,0,57,WEBER
397,570244,665.0,1635.5563366188023,2.459483212960605,179.0,2.0,4.0,173.0,205.01280472789952,1.0,1.0,1.0,3.0,25.0,2.0,87.0,59.0,0.0,0.0,0.0,26.012804727899532,32440,0,0,0,57,WEBER
398,570245,868.0,1919.47188172312,2.2113731356257142,596.0,38.0,4.0,554.0,630.0167446441764,2.0,36.0,3.0,1.0,378.0,58.0,34.0,84.0,0.0,0.0,0.0,34.01674464417631,25250,426,0,0,57,WEBER
399,570246,540.0,1321.2212688247362,2.446706053379141,114.0,99.0,1.0,14.0,135.01034228022655,97.0,2.0,0.0,1.0,2.0,1.0,0.0,11.0,0.0,0.0,0.0,21.010342280226546,54074,0,0,0,57,WEBER
400,570247,468.0,1124.5083554310302,2.402795631262885,494.0,25.0,17.0,452.0,512.0088648116227,23.0,2.0,13.0,4.0,47.0,208.0,7.0,190.0,0.0,0.0,0.0,18.008864811622754,32208,0,0,0,57,WEBER
401,570248,297.0,787.8656376644819,2.6527462547625653,89.0,16.0,5.0,68.0,101.00590987441517,0.0,16.0,0.0,5.0,12.0,37.0,0.0,19.0,0.0,0.0,0.0,12.00590987441517,83523,666,0,0,57,WEBER
402,570249,369.0,900.4178716165508,2.440156833649189,41.0,1.0,0.0,40.0,56.00738734301896,0.0,1.0,0.0,0.0,0.0,0.0,23.0,17.0,0.0,0.0,0.0,15.007387343018962,62434,0,0,0,57,WEBER
403,570250,212.0,522.2018061740131,2.463216066858552,0.0,0.0,0.0,0.0,8.00393991627678,0.0,0.0,0.0,0.0,0.0,0.0,0.0,0.0,0.0,0.0,0.0,8.00393991627678,80777,0,0,0,57,WEBER
404,570251,186.0,484.68439485665687,2.605830079874499,0.0,0.0,0.0,0.0,7.003447426742183,0.0,0.0,0.0,0.0,0.0,0.0,0.0,0.0,0.0,0.0,0.0,7.003447426742183,88144,0,0,0,57,WEBER
405,570252,10.0,23.32163406214039,2.332163406214039,1206.0,48.0,418.0,740.0,1206.0,48.0,0.0,146.0,272.0,79.0,129.0,1.0,531.0,0.0,0.0,0.0,0.0,49643,0,0,0,57,WEBER
406,570253,2.0,10.13984089658278,5.0699204482913895,146.0,20.0,35.0,91.0,147.00278940027894,20.0,0.0,18.0,17.0,3.0,10.0,17.0,61.0,1.00278940027894,0.0,0.0,0.0,49643,0,0,0,57,WEBER
407,570254,0.0,0.0,0.0,290.0,96.0,106.0,88.0,290.0,96.0,0.0,42.0,64.0,6.0,19.0,1.0,62.0,0.0,0.0,0.0,0.0,49643,0,0,0,57,WEBER
408,570255,0.0,0.0,0.0,297.0,0.0,295.0,2.0,297.0,0.0,0.0,1.0,294.0,0.0,2.0,0.0,0.0,0.0,0.0,0.0,0.0,49643,0,0,0,57,WEBER
409,570256,148.0,365.03427227698006,2.4664477856552707,1036.0,57.0,824.0,155.0,1170.0390757160617,49.0,8.0,301.0,523.0,12.0,43.0,3.0,97.0,0.0,0.0,128.0361207788543,6.002954937207585,38386,0,0,0,57,WEBER
410,570257,321.0,780.767749036874,2.4322982836039686,210.0,54.0,25.0,131.0,376.049577982424,50.0,4.0,6.0,19.0,10.0,6.0,14.0,101.0,0.0,0.0,153.04317561847427,13.006402363949768,38386,0,0,0,57,WEBER
411,570258,937.0,2383.876594786612,2.544158585684751,327.0,43.0,32.0,252.0,541.0681703772896,12.0,31.0,11.0,21.0,147.0,4.0,14.0,87.0,0.0,0.0,177.04994826450945,37.01822211278011,38386,0,0,0,57,WEBER
412,570259,141.0,338.6706859458648,2.4019197584813106,1044.0,46.0,0.0,998.0,1147.030327714933,28.0,18.0,0.0,0.0,43.0,4.0,64.0,887.0,0.0,0.0,97.02737277772552,6.002954937207585,26382,0,0,0,57,WEBER
413,570260,249.0,624.6141992294991,2.508490759957828,486.0,119.0,17.0,350.0,597.0334264474108,49.0,70.0,0.0,17.0,205.0,16.0,4.0,125.0,0.0,0.0,101.02850155206472,10.004924895345974,26382,0,0,0,57,WEBER
414,570261,76.0,235.2443088007205,3.095319852641059,181.0,32.0,27.0,122.0,200.00599256596055,0.0,32.0,0.0,27.0,28.0,23.0,5.0,66.0,0.0,0.0,16.004515097356787,3.0014774686037926,26382,0,0,251,57,WEBER
415,570262,402.0,1226.9207484865162,3.052041662901781,59.0,1.0,0.0,58.0,75.00787983255356,0.0,1.0,0.0,0.0,0.0,1.0,0.0,57.0,0.0,0.0,0.0,16.00787983255356,34285,0,0,0,57,WEBER
416,570263,428.0,1252.2703507279732,2.92586530543919,11.0,5.0,1.0,5.0,28.008372322088157,4.0,1.0,0.0,1.0,0.0,0.0,3.0,2.0,0.0,0.0,0.0,17.008372322088157,30060,0,0,0,57,WEBER
417,570264,389.0,1069.7532145894832,2.7500082637261776,407.0,114.0,1.0,292.0,422.007387343019,70.0,44.0,0.0,1.0,41.0,27.0,191.0,33.0,0.0,0.0,0.0,15.007387343018962,49860,0,0,0,57,WEBER
418,570265,407.0,1185.3474008105268,2.9124014761929407,100.0,4.0,0.0,96.0,116.00787983255356,4.0,0.0,0.0,0.0,1.0,2.0,25.0,68.0,0.0,0.0,0.0,16.00787983255356,56499,0,0,0,57,WEBER
419,570266,498.0,1182.305448541552,2.3741073263886587,10.0,0.0,0.0,10.0,30.00984979069195,0.0,0.0,0.0,0.0,1.0,0.0,6.0,3.0,0.0,0.0,0.0,20.00984979069195,30663,0,0,0,57,WEBER
420,570267,145.0,343.7406063941562,2.370624871683836,0.0,0.0,0.0,0.0,6.002954937207585,0.0,0.0,0.0,0.0,0.0,0.0,0.0,0.0,0.0,0.0,0.0,6.002954937207585,83523,0,0,1205,57,WEBER
421,570268,105.0,241.3282133386701,2.298363936558763,7.0,0.0,1.0,6.0,11.001969958138389,0.0,0.0,0.0,1.0,2.0,1.0,0.0,3.0,0.0,0.0,0.0,4.00196995813839,74368,0,0,0,57,WEBER
422,570269,104.0,209.89470655926357,2.018218332300611,3239.0,20.0,3143.0,76.0,3243.0019699581385,16.0,4.0,3079.0,64.0,15.0,29.0,20.0,12.0,0.0,0.0,0.0,4.00196995813839,49643,0,0,0,57,WEBER
423,570270,66.0,164.26542252464102,2.488870038252137,468.0,67.0,154.0,247.0,489.0065569531302,67.0,0.0,8.0,146.0,7.0,10.0,14.0,216.0,0.0,0.0,18.005079484526384,3.0014774686037926,36574,0,0,0,57,WEBER
424,570271,14.0,23.32163406214039,1.665831004438599,1318.0,236.0,207.0,875.0,1319.0004924895345,221.0,15.0,131.0,76.0,29.0,163.0,96.0,587.0,0.0,0.0,0.0,1.0004924895345977,36574,0,0,0,57,WEBER
425,570272,206.0,534.3696152499125,2.594027258494721,667.0,163.0,12.0,492.0,814.0431648245639,128.0,35.0,4.0,8.0,37.0,27.0,93.0,335.0,0.0,0.0,139.03922490828708,8.00393991627678,36574,0,0,0,57,WEBER
426,570273,235.0,648.9498173812979,2.761488584601268,879.0,68.0,86.0,725.0,888.0044324058114,68.0,0.0,17.0,69.0,7.0,7.0,166.0,545.0,0.0,0.0,0.0,9.004432405811377,36574,0,0,0,57,WEBER
427,570274,104.0,265.6638314904688,2.5544599181775847,746.0,95.0,0.0,651.0,750.0019699581384,61.0,34.0,0.0,0.0,81.0,65.0,41.0,464.0,0.0,0.0,0.0,4.00196995813839,36641,551,0,0,57,WEBER
428,570275,87.0,242.34219742832843,2.785542499176189,374.0,25.0,1.0,348.0,384.0034528236974,18.0,7.0,0.0,1.0,11.0,26.0,9.0,302.0,0.0,0.0,7.001975355093594,3.0014774686037926,36641,0,0,0,57,WEBER
429,570276,127.0,360.9783359183469,2.8423491017192672,486.0,151.0,9.0,326.0,491.002462447673,121.0,30.0,3.0,6.0,9.0,17.0,16.0,284.0,0.0,0.0,0.0,5.002462447672987,36641,0,0,0,57,WEBER
430,570277,385.0,1190.4173212588182,3.0919930422306967,1.0,0.0,0.0,1.0,16.007387343018962,0.0,0.0,0.0,0.0,0.0,0.0,0.0,1.0,0.0,0.0,0.0,15.007387343018962,46361,0,0,0,57,WEBER
431,570278,234.0,759.4740831540502,3.245615739974573,45.0,0.0,0.0,45.0,54.00443240581138,0.0,0.0,0.0,0.0,0.0,26.0,0.0,19.0,0.0,0.0,0.0,9.004432405811377,37492,494,0,0,57,WEBER
432,570279,773.0,2019.8563065992896,2.613009452262988,472.0,38.0,2.0,432.0,502.0147746860379,3.0,35.0,2.0,0.0,8.0,5.0,378.0,41.0,0.0,0.0,0.0,30.014774686037924,58206,0,0,0,57,WEBER
433,570280,344.0,858.8445239405614,2.496641057966748,256.0,4.0,0.0,252.0,270.00689485348437,4.0,0.0,0.0,0.0,10.0,88.0,130.0,24.0,0.0,0.0,0.0,14.006894853484363,74486,0,871,0,57,WEBER
434,570281,26.0,62.86701355881323,2.417962059954355,4009.0,1088.0,89.0,2832.0,4010.0004924895347,552.0,536.0,36.0,53.0,443.0,769.0,258.0,1362.0,0.0,0.0,0.0,1.0004924895345977,51729,0,0,0,57,WEBER
435,570282,78.0,244.37016560764496,3.132950841123653,376.0,8.0,4.0,364.0,379.0014774686038,5.0,3.0,3.0,1.0,15.0,14.0,15.0,320.0,0.0,0.0,0.0,3.0014774686037926,36641,0,0,0,57,WEBER
436,570283,467.0,1215.7669235002752,2.603355296574465,507.0,56.0,1.0,450.0,525.0088648116227,11.0,45.0,1.0,0.0,159.0,33.0,117.0,141.0,0.0,0.0,0.0,18.008864811622754,56636,0,0,0,57,WEBER
437,570284,208.0,498.8801721118728,2.398462365922465,3018.0,79.0,36.0,2903.0,3026.003939916277,13.0,66.0,1.0,35.0,6.0,2777.0,42.0,78.0,0.0,0.0,0.0,8.00393991627678,96760,33,0,0,57,WEBER
438,570285,156.0,383.28598589082907,2.456961448018135,0.0,0.0,0.0,0.0,6.002954937207585,0.0,0.0,0.0,0.0,0.0,0.0,0.0,0.0,0.0,0.0,0.0,6.002954937207585,109652,0,0,0,57,WEBER
439,570286,266.0,642.8659128433482,2.4167891460276247,1962.0,16.0,12.0,1934.0,1972.004924895346,0.0,16.0,3.0,9.0,212.0,202.0,629.0,891.0,0.0,0.0,0.0,10.004924895345974,64041,0,0,0,57,WEBER
440,570287,170.0,434.9991744634012,2.558818673314125,4387.0,226.0,0.0,4161.0,4412.008526911269,163.0,63.0,0.0,0.0,103.0,48.0,3711.0,299.0,0.0,0.0,18.005079484526384,7.003447426742183,76085,0,0,0,57,WEBER
441,570288,283.0,690.5231650572872,2.440011183948011,425.0,134.0,17.0,274.0,436.00541738488056,17.0,117.0,1.0,16.0,17.0,38.0,134.0,85.0,0.0,0.0,0.0,11.005417384880571,85639,0,0,0,57,WEBER
442,570289,242.0,683.4252764296793,2.8240713902052867,426.0,57.0,0.0,369.0,436.004924895346,1.0,56.0,0.0,0.0,44.0,1.0,14.0,310.0,0.0,0.0,0.0,10.004924895345974,79597,0,0,0,57,WEBER
443,570290,441.0,1141.746084955221,2.588993389921136,681.0,132.0,3.0,546.0,698.0083723220881,7.0,125.0,3.0,0.0,6.0,52.0,399.0,89.0,0.0,0.0,0.0,17.008372322088157,92070,630,0,0,57,WEBER
444,570291,433.0,1161.0117826587282,2.681320514223391,0.0,0.0,0.0,0.0,17.008372322088157,0.0,0.0,0.0,0.0,0.0,0.0,0.0,0.0,0.0,0.0,0.0,17.008372322088157,106185,0,0,0,57,WEBER
445,570292,176.0,465.4186971531496,2.644424415642895,0.0,0.0,0.0,0.0,7.003447426742183,0.0,0.0,0.0,0.0,0.0,0.0,0.0,0.0,0.0,0.0,0.0,7.003447426742183,109367,0,0,0,57,WEBER
446,570293,299.0,822.3410967128634,2.7503046712804795,175.0,59.0,0.0,116.0,211.01268252045037,2.0,57.0,0.0,0.0,2.0,0.0,74.0,40.0,0.0,0.0,24.00677264603518,12.00590987441517,127550,0,0,0,57,WEBER
447,570294,148.0,444.12503127032574,3.0008448058805794,215.0,3.0,47.0,165.0,3354.89709626516,3.0,0.0,11.0,36.0,3.0,25.0,1.0,136.0,4.01115760111576,0.0,3129.8829837268368,6.002954937207585,60702,0,0,0,57,WEBER
448,570295,299.0,731.0825286436184,2.445092069042202,725.0,80.0,414.0,231.0,798.0256308897821,20.0,60.0,31.0,383.0,8.0,34.0,6.0,183.0,1.00278940027894,0.0,60.016931615087955,12.00590987441517,60702,0,0,0,57,WEBER
449,570296,263.0,840.5928103267124,3.196170381470389,0.0,0.0,0.0,0.0,14.016082496461735,0.0,0.0,0.0,0.0,0.0,0.0,0.0,0.0,4.01115760111576,0.0,0.0,10.004924895345974,88528,0,0,0,57,WEBER
450,570297,399.0,1039.333691899735,2.604846345613371,696.0,14.0,565.0,117.0,719.0274056345062,1.0,13.0,33.0,532.0,2.0,79.0,0.0,36.0,7.01952580195258,0.0,0.0,16.00787983255356,60702,0,0,0,57,WEBER
451,570298,57.0,151.0836293590834,2.6505899887558493,467.0,149.0,127.0,191.0,564.0277933696252,25.0,124.0,2.0,125.0,1.0,59.0,0.0,131.0,0.0,0.0,95.02680839055593,2.000984979069195,60702,0,0,0,57,WEBER
452,570299,54.0,153.11159753839996,2.835399954414814,0.0,0.0,0.0,0.0,13.031668382137534,0.0,0.0,0.0,0.0,0.0,0.0,0.0,0.0,11.03068340306834,0.0,0.0,2.000984979069195,88528,0,0,0,57,WEBER
453,570300,345.0,1073.8091509481162,3.112490292603235,486.0,77.0,237.0,172.0,505.02084185487905,56.0,21.0,162.0,75.0,8.0,69.0,0.0,95.0,5.013947001394699,0.0,0.0,14.006894853484363,60702,0,0,0,57,WEBER
454,570301,321.0,810.173287636964,2.523904322856586,185.0,14.0,123.0,48.0,198.00640236394977,0.0,14.0,120.0,3.0,0.0,24.0,0.0,24.0,0.0,0.0,0.0,13.006402363949768,60702,0,0,0,57,WEBER
455,570302,566.0,1580.801195777255,2.792934974871476,637.0,132.0,58.0,447.0,728.0328133338064,58.0,74.0,15.0,43.0,4.0,70.0,5.0,368.0,1.00278940027894,0.0,68.01918916376634,22.010834769761143,60702,0,0,0,57,WEBER
456,570303,137.0,411.6775404012608,3.004945550374167,0.0,0.0,0.0,0.0,12.021988249625567,0.0,0.0,0.0,0.0,0.0,0.0,0.0,0.0,7.01952580195258,0.0,0.0,5.002462447672987,95539,0,0,0,57,WEBER
457,570304,122.0,357.9363836493721,2.9339047840112467,808.0,72.0,392.0,344.0,823.0303564504624,37.0,35.0,296.0,96.0,60.0,133.0,6.0,145.0,10.0278940027894,0.0,0.0,5.002462447672987,60702,0,0,0,57,WEBER
458,570305,100.0,309.2651473457748,3.092651473457748,0.0,0.0,0.0,0.0,12.02428516036991,0.0,0.0,0.0,0.0,0.0,0.0,0.0,0.0,8.02231520223152,0.0,0.0,4.00196995813839,95539,865,0,0,57,WEBER
459,570306,345.0,992.690423775454,2.877363547175229,662.0,19.0,260.0,383.0,700.5264206554369,19.0,0.0,62.0,198.0,42.0,76.0,2.0,263.0,7.01952580195258,17.5,0.0,14.006894853484363,60702,0,0,0,57,WEBER
460,570307,352.0,1062.6553259618752,3.0189071760280544,293.0,19.0,3.0,271.0,308.0096842537633,0.0,19.0,1.0,2.0,13.0,127.0,4.0,127.0,1.00278940027894,0.0,0.0,14.006894853484363,95539,785,215,0,57,WEBER
461,570308,81.0,261.6078951318357,3.229727100393033,2.0,1.0,0.0,1.0,17.03495027195107,0.0,1.0,0.0,0.0,0.0,0.0,0.0,1.0,12.03347280334728,0.0,0.0,3.0014774686037926,95539,0,0,0,57,WEBER
462,570309,348.0,1040.347675989393,2.9895048160614746,9.0,0.0,0.0,9.0,29.023631255158,0.0,0.0,0.0,0.0,3.0,0.0,3.0,3.0,6.01673640167364,0.0,0.0,14.006894853484363,95539,0,0,0,57,WEBER
463,570310,43.0,117.62215440036024,2.7353989395432614,9.0,0.0,0.0,9.0,21.028878981858597,0.0,0.0,0.0,0.0,0.0,0.0,0.0,9.0,10.0278940027894,0.0,0.0,2.000984979069195,95539,0,0,0,57,WEBER
464,570311,167.0,450.2089358082754,2.6958618910675174,328.0,5.0,26.0,297.0,343.013226595503,0.0,5.0,0.0,26.0,3.0,31.0,256.0,7.0,3.00836820083682,0.0,5.001410967923996,7.003447426742183,60702,0,0,0,57,WEBER
465,570312,785.0,2196.28953819983,2.797821067770484,89.0,1.0,25.0,63.0,123.02363537640935,1.0,0.0,1.0,24.0,21.0,3.0,0.0,39.0,3.00836820083682,0.0,0.0,31.01526717557252,67067,0,0,0,57,WEBER
466,570313,134.0,413.7055085805774,3.0873545416461,17.0,12.0,0.0,5.0,27.016409449067684,12.0,0.0,0.0,0.0,0.0,1.0,0.0,4.0,5.013947001394699,0.0,0.0,5.002462447672987,95539,0,0,0,57,WEBER
467,570314,559.0,1204.6130985140342,2.154942931152118,0.0,0.0,0.0,0.0,24.016413570319024,0.0,0.0,0.0,0.0,0.0,0.0,0.0,0.0,2.00557880055788,0.0,0.0,22.010834769761143,74477,0,0,0,57,WEBER
468,570315,286.0,738.1804172712264,2.581050410039253,8.0,0.0,1.0,7.0,20.008206785159512,0.0,0.0,1.0,0.0,1.0,0.0,4.0,2.0,1.00278940027894,0.0,0.0,11.005417384880571,74477,0,0,0,57,WEBER
469,570316,306.0,1020.0679941962276,3.333555536588979,0.0,0.0,0.0,0.0,14.01148867497305,0.0,0.0,0.0,0.0,0.0,0.0,0.0,0.0,2.00557880055788,0.0,0.0,12.00590987441517,102334,0,0,0,57,WEBER
470,570317,209.0,643.8798969330064,3.080765057095725,220.0,3.0,4.0,213.0,228.00393991627678,2.0,1.0,2.0,2.0,0.0,196.0,0.0,17.0,0.0,0.0,0.0,8.00393991627678,102334,691,1078,0,57,WEBER
471,570318,148.0,444.12503127032574,3.0008448058805794,4.0,0.0,0.0,4.0,11.005744337486526,0.0,0.0,0.0,0.0,0.0,4.0,0.0,0.0,1.00278940027894,0.0,0.0,6.002954937207585,74477,611,0,0,57,WEBER
472,570319,435.0,1274.5780007004553,2.930064369426334,40.0,0.0,11.0,29.0,58.0111617223671,0.0,0.0,0.0,11.0,0.0,2.0,8.0,19.0,1.00278940027894,0.0,0.0,17.008372322088157,74477,0,0,0,57,WEBER
473,570320,610.0,1674.0877320258169,2.74440611807511,232.0,33.0,5.0,194.0,436.0701362141766,1.0,32.0,3.0,2.0,30.0,8.0,89.0,67.0,3.00836820083682,0.0,177.04994826450945,24.01181974883034,74477,0,0,0,57,WEBER
474,570321,132.0,397.48176314604495,3.0112254783791284,0.0,0.0,0.0,0.0,5.002462447672987,0.0,0.0,0.0,0.0,0.0,0.0,0.0,0.0,0.0,0.0,0.0,5.002462447672987,74477,0,0,0,57,WEBER
475,570322,205.0,629.6841196777906,3.0716298520867835,0.0,0.0,0.0,0.0,34.07646432352922,0.0,0.0,0.0,0.0,0.0,0.0,0.0,0.0,26.07252440725244,0.0,0.0,8.00393991627678,94980,0,0,0,57,WEBER
476,570323,44.0,118.63613849001852,2.696275874773148,0.0,0.0,0.0,0.0,23.059562384926934,0.0,0.0,0.0,0.0,0.0,0.0,0.0,0.0,21.05857740585774,0.0,0.0,2.000984979069195,94980,0,0,0,57,WEBER
477,570324,104.0,347.7965427527893,3.344197526469128,0.0,0.0,0.0,0.0,18.04102156204355,0.0,0.0,0.0,0.0,0.0,0.0,0.0,0.0,14.03905160390516,0.0,0.0,4.00196995813839,94980,0,0,0,57,WEBER
478,570325,30.0,89.23059988992846,2.974353329664282,0.0,0.0,0.0,0.0,11.028386492323998,0.0,0.0,0.0,0.0,0.0,0.0,0.0,0.0,10.0278940027894,0.0,0.0,1.0004924895345977,94980,0,0,0,57,WEBER
479,570326,97.0,322.4469405113324,3.3241952630034266,32.0,4.0,0.0,28.0,41.01591695953309,4.0,0.0,0.0,0.0,12.0,16.0,0.0,0.0,5.013947001394699,0.0,0.0,4.00196995813839,94980,0,0,0,57,WEBER
480,570327,115.0,361.9923200080052,3.147759304417437,59.0,0.0,16.0,43.0,82.01757075897594,0.0,0.0,1.0,15.0,6.0,2.0,29.0,6.0,4.01115760111576,0.0,14.003950710187189,5.002462447672987,94980,0,0,0,57,WEBER
481,570328,93.0,305.20921098714166,3.281819472980018,4.0,0.0,0.0,4.0,11.010338158975209,0.0,0.0,0.0,0.0,3.0,0.0,0.0,1.0,3.00836820083682,0.0,0.0,4.00196995813839,94980,0,0,0,57,WEBER
482,570329,59.0,221.04853154550457,3.746585280432281,0.0,0.0,0.0,0.0,7.014931980463894,0.0,0.0,0.0,0.0,0.0,0.0,0.0,0.0,5.013947001394699,0.0,0.0,2.000984979069195,94980,0,0,0,57,WEBER
483,570330,111.0,340.6986541251814,3.0693572443710035,0.0,0.0,0.0,0.0,7.01033815897521,0.0,0.0,0.0,0.0,0.0,0.0,0.0,0.0,3.00836820083682,0.0,0.0,4.00196995813839,94980,0,0,0,57,WEBER
484,570331,220.0,736.1524490919097,3.3461474958723167,0.0,0.0,0.0,0.0,13.015590006927138,0.0,0.0,0.0,0.0,0.0,0.0,0.0,0.0,4.01115760111576,0.0,0.0,9.004432405811377,102334,0,0,0,57,WEBER
485,570332,234.0,767.5859558713164,3.280281862697933,0.0,0.0,0.0,0.0,13.015590006927138,0.0,0.0,0.0,0.0,0.0,0.0,0.0,0.0,4.01115760111576,0.0,0.0,9.004432405811377,102334,0,0,0,57,WEBER
486,570333,77.0,261.6078951318357,3.3975051315822813,0.0,0.0,0.0,0.0,25.06284427474047,0.0,0.0,0.0,0.0,0.0,0.0,0.0,0.0,22.06136680613668,0.0,0.0,3.0014774686037926,94145,0,0,0,57,WEBER
487,570334,104.0,325.4888927803072,3.1297008921183385,0.0,0.0,0.0,0.0,17.03823216176461,0.0,0.0,0.0,0.0,0.0,0.0,0.0,0.0,13.03626220362622,0.0,0.0,4.00196995813839,93962,0,0,0,57,WEBER
488,570335,96.0,319.40498824235755,3.3271352941912244,0.0,0.0,0.0,0.0,18.04102156204355,0.0,0.0,0.0,0.0,0.0,0.0,0.0,0.0,14.03905160390516,0.0,0.0,4.00196995813839,93962,0,0,0,57,WEBER
489,570336,167.0,541.4675038775204,3.242320382500122,34.0,15.0,9.0,10.0,42.00623682702113,12.0,3.0,1.0,8.0,2.0,3.0,0.0,5.0,1.00278940027894,0.0,0.0,7.003447426742183,93962,0,0,0,57,WEBER
490,570337,105.0,367.0622404562966,3.495830861488539,95.0,0.0,33.0,62.0,100.00475935841733,0.0,0.0,24.0,9.0,2.0,54.0,0.0,6.0,1.00278940027894,0.0,0.0,4.00196995813839,93962,668,0,0,57,WEBER
491,570338,58.0,163.25143843498273,2.814679973016944,23.0,18.0,4.0,1.0,37.016907335557484,12.0,6.0,4.0,0.0,0.0,0.0,1.0,0.0,5.013947001394699,0.0,7.001975355093594,2.000984979069195,93962,0,0,0,57,WEBER
492,570339,160.0,524.2297743533297,3.276436089708311,10.0,0.0,0.0,10.0,19.011323138044403,0.0,0.0,0.0,0.0,3.0,0.0,0.0,7.0,3.00836820083682,0.0,0.0,6.002954937207585,93962,0,0,0,57,WEBER
493,570340,75.0,196.71291339370592,2.622838845249412,49.0,8.0,28.0,13.0,249.07963446505647,2.0,6.0,3.0,25.0,0.0,5.0,0.0,8.0,9.02510460251046,0.0,188.05305239394224,3.0014774686037926,93962,0,0,0,57,WEBER
494,570341,63.0,211.92267473858007,3.3638519799774613,5.0,0.0,3.0,2.0,16.026089581579654,0.0,0.0,3.0,0.0,0.0,1.0,1.0,0.0,9.02510460251046,0.0,0.0,2.000984979069195,93962,0,0,0,57,WEBER
495,570342,52.0,147.02769300045028,2.827455634624044,0.0,0.0,0.0,0.0,16.019978929421228,0.0,0.0,0.0,0.0,0.0,0.0,0.0,0.0,6.01673640167364,0.0,8.002257548678394,2.000984979069195,102334,0,0,0,57,WEBER
496,570343,370.0,1210.6970030519838,3.2721540623026586,0.0,0.0,0.0,0.0,17.012966143576843,0.0,0.0,0.0,0.0,0.0,0.0,0.0,0.0,2.00557880055788,0.0,0.0,15.007387343018962,102334,842,0,0,57,WEBER
497,570344,620.0,1757.2344273777956,2.8342490764157997,42.0,13.0,7.0,22.0,67.01460914910928,13.0,0.0,0.0,7.0,0.0,1.0,4.0,17.0,1.00278940027894,0.0,0.0,24.01181974883034,67182,0,0,0,57,WEBER
498,570345,635.0,1815.0315204883173,2.8583173550997127,188.0,7.0,2.0,179.0,213.01231223836493,0.0,7.0,2.0,0.0,159.0,12.0,0.0,8.0,0.0,0.0,0.0,25.012312238364935,48340,0,0,0,57,WEBER
499,570346,486.0,1411.4658528043228,2.9042507259348205,230.0,102.0,0.0,128.0,260.0124614305901,67.0,35.0,0.0,0.0,2.0,71.0,5.0,50.0,0.0,0.0,11.003104129432792,19.00935730115735,74238,550,0,0,57,WEBER
500,570347,547.0,1648.73812978436,3.014146489550932,191.0,91.0,3.0,97.0,218.0147529443793,43.0,48.0,1.0,2.0,17.0,3.0,47.0,30.0,1.00278940027894,0.0,4.001128774339197,22.010834769761143,71613,0,0,0,57,WEBER
501,570348,343.0,1034.2637714514435,3.015346272453188,76.0,0.0,0.0,76.0,91.00968425376331,0.0,0.0,0.0,0.0,1.0,49.0,22.0,4.0,1.00278940027894,0.0,0.0,14.006894853484363,70658,441,0,0,57,WEBER
502,570349,493.0,1438.8434232250963,2.9185464974139883,1053.0,13.0,111.0,929.0,1072.0093573011573,9.0,4.0,73.0,38.0,254.0,170.0,0.0,505.0,0.0,0.0,0.0,19.00935730115735,68303,507,0,0,57,WEBER
503,570350,692.0,1995.520688447491,2.8837004168316343,151.0,49.0,0.0,102.0,178.01329721743414,33.0,16.0,0.0,0.0,0.0,13.0,8.0,81.0,0.0,0.0,0.0,27.013297217434133,74477,0,0,0,57,WEBER
504,570351,453.0,1310.0674438384951,2.8919811122262584,192.0,0.0,2.0,190.0,235.0159196512427,0.0,0.0,1.0,1.0,11.0,144.0,0.0,35.0,0.0,0.0,25.00705483961998,18.008864811622754,58199,0,846,1835,57,WEBER
505,570352,680.0,1967.1291339370591,2.892836961672146,317.0,82.0,24.0,211.0,344.0132972174341,36.0,46.0,20.0,4.0,11.0,12.0,10.0,178.0,0.0,0.0,0.0,27.013297217434133,52663,0,0,0,57,WEBER
506,570353,623.0,1788.667934157202,2.871056074088607,9.0,0.0,1.0,8.0,34.012312238364935,0.0,0.0,1.0,0.0,1.0,1.0,1.0,5.0,0.0,0.0,0.0,25.012312238364935,78915,0,0,0,57,WEBER
507,570354,154.0,372.132160904588,2.416442603276545,158.0,59.0,0.0,99.0,164.0029549372076,45.0,14.0,0.0,0.0,0.0,4.0,55.0,40.0,0.0,0.0,0.0,6.002954937207585,79237,0,0,0,57,WEBER
508,570355,399.0,1313.1093961074698,3.291000992750551,63.0,1.0,0.0,62.0,79.00787983255356,0.0,1.0,0.0,0.0,0.0,1.0,20.0,41.0,0.0,0.0,0.0,16.00787983255356,84072,0,0,0,57,WEBER
509,570356,409.0,1182.305448541552,2.8907223680722547,68.0,1.0,34.0,33.0,84.00787983255356,0.0,1.0,32.0,2.0,2.0,7.0,8.0,16.0,0.0,0.0,0.0,16.00787983255356,62368,0,0,0,57,WEBER
510,570357,458.0,1373.9484414869669,2.999887426827438,0.0,0.0,0.0,0.0,18.008864811622754,0.0,0.0,0.0,0.0,0.0,0.0,0.0,0.0,0.0,0.0,0.0,18.008864811622754,85552,0,0,0,57,WEBER
511,570358,553.0,1574.7172912393055,2.847590038407424,107.0,0.0,0.0,107.0,157.0187361901355,0.0,0.0,0.0,0.0,0.0,106.0,0.0,1.0,0.0,0.0,28.007901420374377,22.010834769761143,56266,448,0,0,57,WEBER
512,570359,465.0,1277.6199529694302,2.747569791332108,363.0,57.0,1.0,305.0,381.00886481162274,11.0,46.0,0.0,1.0,8.0,8.0,36.0,253.0,0.0,0.0,0.0,18.008864811622754,56202,0,0,0,57,WEBER
513,570360,568.0,1590.941036673838,2.800952529355349,3.0,0.0,0.0,3.0,25.010834769761143,0.0,0.0,0.0,0.0,3.0,0.0,0.0,0.0,0.0,0.0,0.0,22.010834769761143,79026,0,0,0,57,WEBER
514,570361,203.0,582.0268674638515,2.867127425930303,368.0,80.0,0.0,288.0,390.007890626464,7.0,73.0,0.0,0.0,2.0,49.0,49.0,188.0,0.0,0.0,14.003950710187189,8.00393991627678,79237,0,0,0,57,WEBER
515,570362,295.0,960.2429329063892,3.255060789513184,83.0,2.0,0.0,81.0,96.00869927469411,0.0,2.0,0.0,0.0,2.0,1.0,67.0,11.0,1.00278940027894,0.0,0.0,12.00590987441517,84072,0,0,0,57,WEBER
516,570363,389.0,1080.9070395757242,2.778681335670242,628.0,1.0,0.0,627.0,643.007387343019,0.0,1.0,0.0,0.0,4.0,151.0,244.0,228.0,0.0,0.0,0.0,15.007387343018962,70540,533,0,0,57,WEBER
517,570364,607.0,1696.395381998299,2.794720563423886,53.0,0.0,0.0,53.0,77.01181974883033,0.0,0.0,0.0,0.0,0.0,47.0,6.0,0.0,0.0,0.0,0.0,24.01181974883034,52472,0,946,0,57,WEBER
518,570365,222.0,613.4603742432581,2.763335019113775,654.0,182.0,2.0,470.0,716.0193886658058,54.0,128.0,1.0,1.0,77.0,7.0,35.0,351.0,0.0,0.0,53.01495625999436,9.004432405811377,45697,0,0,0,57,WEBER
519,570366,69.0,159.19550207634964,2.3071811895123138,1155.0,378.0,15.0,762.0,1170.0048637916213,287.0,91.0,1.0,14.0,140.0,16.0,17.0,589.0,0.0,0.0,12.00338632301759,3.0014774686037926,45697,0,0,0,57,WEBER
520,570367,612.0,2045.2059088407464,3.341839720328017,8.0,0.0,0.0,8.0,32.01181974883034,0.0,0.0,0.0,0.0,1.0,0.0,4.0,3.0,0.0,0.0,0.0,24.01181974883034,80671,0,0,0,57,WEBER
521,570368,421.0,1374.9624255766248,3.265944003744952,427.0,217.0,2.0,208.0,445.0111617223671,167.0,50.0,0.0,2.0,4.0,25.0,100.0,79.0,1.00278940027894,0.0,0.0,17.008372322088157,81022,0,0,0,57,WEBER
522,570369,304.0,803.0753990093561,2.6416953914781454,643.0,241.0,6.0,396.0,656.0086992746941,220.0,21.0,4.0,2.0,6.0,52.0,124.0,214.0,1.00278940027894,0.0,0.0,12.00590987441517,73142,0,0,0,57,WEBER
523,570370,565.0,1517.934182218442,2.6866091720680387,31.0,0.0,5.0,26.0,53.010834769761146,0.0,0.0,0.0,5.0,0.0,4.0,1.0,21.0,0.0,0.0,0.0,22.010834769761143,62309,0,0,0,57,WEBER
524,570371,455.0,1236.0466052934407,2.7165859456998698,0.0,0.0,0.0,0.0,18.008864811622754,0.0,0.0,0.0,0.0,0.0,0.0,0.0,0.0,0.0,0.0,0.0,18.008864811622754,66232,0,0,0,57,WEBER
525,570372,322.0,866.9563966578277,2.6924111697448065,4.0,0.0,0.0,4.0,17.006402363949768,0.0,0.0,0.0,0.0,0.0,4.0,0.0,0.0,0.0,0.0,0.0,13.006402363949768,57492,357,0,0,57,WEBER
526,570373,494.0,1314.1233801971282,2.6601687858241463,1434.0,284.0,5.0,1145.0,1458.0107682690812,183.0,101.0,1.0,4.0,25.0,35.0,253.0,832.0,0.0,0.0,5.001410967923996,19.00935730115735,59752,0,0,0,57,WEBER
527,570374,0.0,0.0,0.0,0.0,0.0,0.0,0.0,0.0,0.0,0.0,0.0,0.0,0.0,0.0,0.0,0.0,0.0,0.0,0.0,0.0,59752,0,0,0,57,WEBER
528,570375,343.0,905.4877920648422,2.639906099314409,0.0,0.0,0.0,0.0,14.006894853484363,0.0,0.0,0.0,0.0,0.0,0.0,0.0,0.0,0.0,0.0,0.0,14.006894853484363,64688,0,0,0,57,WEBER
529,570376,310.0,847.6906989543203,2.7344861256590978,94.0,2.0,29.0,63.0,106.00590987441517,0.0,2.0,0.0,29.0,4.0,8.0,18.0,33.0,0.0,0.0,0.0,12.00590987441517,51688,0,0,0,57,WEBER
530,570377,634.0,1584.8571321358884,2.4997746563657546,118.0,1.0,26.0,91.0,143.01231223836493,1.0,0.0,24.0,2.0,4.0,77.0,1.0,9.0,0.0,0.0,0.0,25.012312238364935,64365,456,0,0,57,WEBER
531,570378,305.0,766.5719717816581,2.5133507271529774,86.0,54.0,0.0,32.0,98.00590987441517,53.0,1.0,0.0,0.0,1.0,4.0,15.0,12.0,0.0,0.0,0.0,12.00590987441517,51729,0,0,0,57,WEBER
532,570379,174.0,385.3139540701456,2.2144480118973884,1343.0,1022.0,1.0,320.0,1350.0034474267422,569.0,453.0,1.0,0.0,14.0,55.0,107.0,144.0,0.0,0.0,0.0,7.003447426742183,51729,0,0,0,57,WEBER
533,570380,210.0,496.85220393255617,2.365962875869315,1197.0,564.0,22.0,611.0,1238.0132523045752,295.0,269.0,21.0,1.0,59.0,87.0,63.0,402.0,0.0,0.0,33.009312388298376,8.00393991627678,34543,0,0,0,57,WEBER
534,570381,249.0,642.8659128433482,2.5817908146319204,2736.0,25.0,25.0,2686.0,3413.193148016407,6.0,19.0,2.0,23.0,124.0,64.0,1173.0,1325.0,0.0,0.0,667.188223121061,10.004924895345974,54586,0,0,0,57,WEBER
535,570382,380.0,964.2988692650224,2.537628603329006,1221.0,1043.0,1.0,177.0,1245.0099270852822,879.0,164.0,1.0,0.0,19.0,64.0,5.0,89.0,0.0,0.0,9.002539742263192,15.007387343018962,63722,0,0,0,57,WEBER
536,570383,64.0,178.4611997798569,2.7884562465602643,1577.0,944.0,24.0,609.0,1607.0141111087817,820.0,124.0,7.0,17.0,32.0,186.0,20.0,371.0,2.00557880055788,0.0,25.00705483961998,3.0014774686037926,34543,0,0,0,57,WEBER
537,570384,630.0,1578.7732275979388,2.5059892501554586,733.0,158.0,16.0,559.0,758.012312238365,158.0,0.0,0.0,16.0,100.0,244.0,129.0,86.0,0.0,0.0,0.0,25.012312238364935,54586,487,302,252,57,WEBER
538,570385,929.0,2342.303247110622,2.5213167353182158,903.0,836.0,0.0,67.0,941.0210115130591,557.0,279.0,0.0,0.0,3.0,13.0,6.0,45.0,1.00278940027894,0.0,0.0,37.01822211278011,34543,0,0,0,57,WEBER
539,570386,218.0,591.152724270776,2.711709744361358,53.0,0.0,7.0,46.0,68.02116880748501,0.0,0.0,0.0,7.0,1.0,0.0,0.0,45.0,6.01673640167364,0.0,0.0,9.004432405811377,54586,0,0,0,57,WEBER
540,570387,0.0,0.0,0.0,0.0,0.0,0.0,0.0,0.0,0.0,0.0,0.0,0.0,0.0,0.0,0.0,0.0,0.0,0.0,0.0,0.0,54586,0,0,0,57,WEBER
541,570388,0.0,0.0,0.0,2100.0,0.0,795.0,1305.0,2100.0,0.0,0.0,795.0,0.0,254.0,1051.0,0.0,0.0,0.0,0.0,0.0,0.0,54586,0,0,0,57,WEBER
542,570389,318.0,895.3479511682594,2.8155595948687404,30.0,9.0,1.0,20.0,48.00781333187376,6.0,3.0,0.0,1.0,2.0,12.0,2.0,4.0,0.0,0.0,5.001410967923996,13.006402363949768,52605,0,0,0,57,WEBER
543,570390,789.0,2352.443088007205,2.9815501749140743,210.0,10.0,0.0,200.0,241.01526717557252,2.0,8.0,0.0,0.0,4.0,94.0,32.0,70.0,0.0,0.0,0.0,31.01526717557252,70637,534,0,0,57,WEBER
544,570391,453.0,1143.7740531345376,2.524887534513328,0.0,0.0,0.0,0.0,18.008864811622754,0.0,0.0,0.0,0.0,0.0,0.0,0.0,0.0,0.0,0.0,0.0,18.008864811622754,33647,0,0,0,57,WEBER
545,570392,384.0,1022.095962375544,2.6617082353529797,41.0,0.0,0.0,41.0,56.00738734301896,0.0,0.0,0.0,0.0,0.0,33.0,4.0,4.0,0.0,0.0,0.0,15.007387343018962,32690,0,0,1381,57,WEBER
546,570393,418.0,1138.704132686246,2.7241725662350387,12.0,0.0,0.0,12.0,38.010701768401546,0.0,0.0,0.0,0.0,3.0,0.0,3.0,6.0,0.0,0.0,10.002821935847992,16.00787983255356,66420,0,0,0,57,WEBER
547,570394,425.0,1147.8299894931706,2.700776445866284,152.0,0.0,2.0,150.0,169.00837232208815,0.0,0.0,0.0,2.0,5.0,143.0,0.0,2.0,0.0,0.0,0.0,17.008372322088157,84419,486,651,0,57,WEBER
548,570395,309.0,801.0474308300395,2.592386507540581,351.0,26.0,1.0,324.0,363.0059098744152,24.0,2.0,1.0,0.0,58.0,31.0,38.0,197.0,0.0,0.0,0.0,12.00590987441517,23450,0,0,0,57,WEBER
549,570396,2.0,5.0699204482913895,2.5349602241456948,1486.0,10.0,0.0,1476.0,1486.0,6.0,4.0,0.0,0.0,21.0,1.0,1378.0,76.0,0.0,0.0,0.0,0.0,102339,0,0,0,57,WEBER
550,570397,108.0,255.52399059388603,2.365962875869315,887.0,0.0,0.0,887.0,891.0019699581384,0.0,0.0,0.0,0.0,6.0,550.0,297.0,34.0,0.0,0.0,0.0,4.00196995813839,49500,0,0,0,57,WEBER
551,570398,356.0,947.0611397408315,2.6602841003955944,40.0,0.0,0.0,40.0,57.01526305432118,0.0,0.0,0.0,0.0,26.0,3.0,7.0,4.0,3.00836820083682,0.0,0.0,14.006894853484363,91104,0,0,0,57,WEBER
552,570399,3.0,16.223745434532447,5.407915144844149,128.0,6.0,10.0,112.0,152.02432309289415,0.0,6.0,0.0,10.0,0.0,11.0,100.0,1.0,7.01952580195258,0.0,17.004797290941585,0.0,69448,0,0,0,57,WEBER
553,570400,18.0,50.6992044829139,2.8166224712729946,894.0,325.0,0.0,569.0,895.0004924895346,262.0,63.0,0.0,0.0,68.0,62.0,133.0,306.0,0.0,0.0,0.0,1.0004924895345977,45635,0,0,0,57,WEBER
554,570401,313.0,861.8864762095362,2.753630914407464,1586.0,604.0,4.0,978.0,1614.010424971772,383.0,221.0,3.0,1.0,112.0,50.0,86.0,730.0,0.0,0.0,16.004515097356787,12.00590987441517,45635,0,0,0,57,WEBER
555,570402,188.0,556.6772652223946,2.9610492830978434,471.0,78.0,0.0,393.0,490.0068337497598,21.0,57.0,0.0,0.0,55.0,12.0,79.0,247.0,0.0,0.0,12.00338632301759,7.003447426742183,50734,0,0,0,57,WEBER
556,570403,252.0,755.418146795417,2.9976910587119723,22.0,0.0,0.0,22.0,32.00492489534597,0.0,0.0,0.0,0.0,0.0,19.0,2.0,1.0,0.0,0.0,0.0,10.004924895345974,50602,0,0,0,57,WEBER
557,570404,315.0,976.4666783409216,3.0998942169553065,20.0,1.0,2.0,17.0,42.00873181026316,0.0,1.0,1.0,1.0,2.0,0.0,9.0,6.0,0.0,0.0,10.002821935847992,12.00590987441517,49995,0,0,0,57,WEBER
558,570405,147.0,476.5725221393906,3.2419899465264668,123.0,0.0,0.0,123.0,129.0029549372076,0.0,0.0,0.0,0.0,1.0,0.0,0.0,122.0,0.0,0.0,0.0,6.002954937207585,46017,0,0,0,57,WEBER
559,570406,0.0,0.0,0.0,198.0,23.0,0.0,175.0,198.0,23.0,0.0,0.0,0.0,0.0,2.0,145.0,28.0,0.0,0.0,0.0,0.0,46276,0,0,0,57,WEBER
560,570407,350.0,925.7674738580076,2.645049925308593,37.0,3.0,1.0,33.0,80.01507846744354,1.0,2.0,0.0,1.0,1.0,0.0,16.0,16.0,0.0,0.0,29.008183613959176,14.006894853484363,46276,0,0,0,57,WEBER
561,570408,410.0,1172.1656076449692,2.8589405064511446,258.0,11.0,5.0,242.0,308.0174744144367,0.0,11.0,0.0,5.0,1.0,76.0,152.0,13.0,0.0,0.0,34.00959458188317,16.00787983255356,61134,605,0,0,57,WEBER
562,570409,152.0,419.7894131185271,2.761772454727152,213.0,0.0,1.0,212.0,219.0029549372076,0.0,0.0,1.0,0.0,132.0,5.0,49.0,26.0,0.0,0.0,0.0,6.002954937207585,96136,0,0,0,57,WEBER
563,570410,449.0,1279.6479211487467,2.849995370041752,29.0,1.0,0.0,28.0,58.01196894105554,1.0,0.0,0.0,0.0,2.0,7.0,12.0,7.0,0.0,0.0,11.003104129432792,18.008864811622754,83788,0,0,0,57,WEBER
564,570411,340.0,885.2081102716766,2.603553265504931,0.0,0.0,0.0,0.0,13.006402363949768,0.0,0.0,0.0,0.0,0.0,0.0,0.0,0.0,0.0,0.0,0.0,13.006402363949768,108175,0,0,0,57,WEBER
565,570412,258.0,637.7959923950568,2.472077489903321,43.0,0.0,1.0,42.0,53.00492489534597,0.0,0.0,1.0,0.0,1.0,39.0,0.0,2.0,0.0,0.0,0.0,10.004924895345974,46344,469,856,0,57,WEBER
566,570413,501.0,1455.0671686596288,2.904325685947363,473.0,28.0,77.0,368.0,614.0439952144527,16.0,12.0,77.0,0.0,17.0,14.0,228.0,109.0,0.0,0.0,121.0341454237607,20.00984979069195,108698,0,0,0,57,WEBER
567,570414,190.0,505.9780607394807,2.663042424944635,0.0,0.0,0.0,0.0,15.005704975420578,0.0,0.0,0.0,0.0,0.0,0.0,0.0,0.0,0.0,0.0,8.002257548678394,7.003447426742183,110837,0,0,0,57,WEBER
568,570415,1076.0,2606.9530945114325,2.4228188610701045,377.0,32.0,1.0,344.0,506.5206845604531,2.0,30.0,1.0,0.0,5.0,3.0,73.0,263.0,0.0,87.5,0.0,42.02068456045309,69448,0,0,0,57,WEBER
569,570416,345.0,888.2500625406515,2.574637862436671,1078.0,183.0,0.0,895.0,1092.0068948534843,90.0,93.0,0.0,0.0,78.0,32.0,426.0,359.0,0.0,0.0,0.0,14.006894853484363,101315,0,0,0,57,WEBER
570,570417,1312.0,3396.846700355231,2.5890599850268528,1134.0,63.0,9.0,1062.0,1196.028431391647,33.0,30.0,0.0,9.0,141.0,81.0,228.0,612.0,0.0,0.0,10.002821935847992,52.02560945579907,63376,0,0,0,57,WEBER
571,570418,369.0,982.5505828788712,2.662738706988811,345.0,8.0,18.0,319.0,374.01133805320615,4.0,4.0,0.0,18.0,16.0,83.0,132.0,88.0,0.0,0.0,14.003950710187189,15.007387343018962,106232,727,0,0,57,WEBER
572,570419,981.0,2370.6948016210536,2.416610399205967,1203.0,324.0,0.0,879.0,1342.047426450329,202.0,122.0,0.0,0.0,76.0,2.0,464.0,337.0,0.0,0.0,100.02821935847992,39.0192070918493,69448,0,0,0,57,WEBER
573,570420,285.0,805.1033671886727,2.824924095398852,1.0,0.0,0.0,1.0,12.005417384880571,0.0,0.0,0.0,0.0,0.0,0.0,0.0,1.0,0.0,0.0,0.0,11.005417384880571,102669,0,0,0,57,WEBER
574,570421,96.0,238.2862610696953,2.4821485528093263,0.0,0.0,0.0,0.0,9.01591695953309,0.0,0.0,0.0,0.0,0.0,0.0,0.0,0.0,5.013947001394699,0.0,0.0,4.00196995813839,81308,0,0,0,57,WEBER
575,570422,291.0,716.8867513884024,2.4635283552866065,400.0,79.0,14.0,307.0,415.01657498599633,42.0,37.0,8.0,6.0,182.0,27.0,17.0,81.0,4.01115760111576,0.0,0.0,11.005417384880571,81308,0,0,0,57,WEBER
576,570423,7.0,18.251713613849,2.607387659121286,360.0,49.0,66.0,245.0,360.0,9.0,40.0,41.0,25.0,82.0,5.0,2.0,156.0,0.0,0.0,0.0,0.0,87939,0,0,0,57,WEBER
577,570424,0.0,0.0,0.0,0.0,0.0,0.0,0.0,0.0,0.0,0.0,0.0,0.0,0.0,0.0,0.0,0.0,0.0,0.0,0.0,0.0,111812,0,0,0,57,WEBER
578,570425,0.0,0.0,0.0,0.0,0.0,0.0,0.0,0.0,0.0,0.0,0.0,0.0,0.0,0.0,0.0,0.0,0.0,0.0,0.0,0.0,111812,0,0,0,57,WEBER
579,570426,0.0,0.0,0.0,0.0,0.0,0.0,0.0,0.0,0.0,0.0,0.0,0.0,0.0,0.0,0.0,0.0,0.0,0.0,0.0,0.0,111812,0,0,0,57,WEBER
580,570427,0.0,0.0,0.0,0.0,0.0,0.0,0.0,0.0,0.0,0.0,0.0,0.0,0.0,0.0,0.0,0.0,0.0,0.0,0.0,0.0,111812,0,0,0,57,WEBER
581,570428,0.0,0.0,0.0,0.0,0.0,0.0,0.0,0.0,0.0,0.0,0.0,0.0,0.0,0.0,0.0,0.0,0.0,0.0,0.0,0.0,87939,0,0,0,57,WEBER
3311,491095,0.0,0.0,0.0,0.0,0.0,0.0,0.0,5.018154311649017,0.0,0.0,0.0,0.0,0.0,0.0,0.0,0.0,5.018154311649017,0.0,0.0,0.0,75589,0,0,0,49,UTAH
3310,491094,185.0,511.1014644922478,2.762710618877015,0.0,0.0,0.0,0.0,430.0363346143741,0.0,0.0,0.0,0.0,0.0,0.0,0.0,0.0,3.01089258698941,0.0,415.02044737879385,12.004994648590795,75589,0,0,0,49,UTAH
3306,491090,48.0,140.09397419919836,2.918624462483299,0.0,0.0,0.0,0.0,7.015772111466912,0.0,0.0,0.0,0.0,0.0,0.0,0.0,0.0,4.0145234493192135,0.0,0.0,3.001248662147699,75589,0,0,0,49,UTAH
2292,490076,92.0,251.20298821925223,2.730467263252742,0.0,0.0,0.0,0.0,116.00791711144558,0.0,0.0,0.0,0.0,0.0,0.0,0.0,0.0,0.0,0.0,110.00541978715017,6.002497324295398,66402,0,0,0,49,UTAH
2301,490085,0.0,0.0,0.0,0.0,0.0,0.0,0.0,5.018154311649017,0.0,0.0,0.0,0.0,0.0,0.0,0.0,0.0,5.018154311649017,0.0,0.0,0.0,66402,0,0,0,49,UTAH
2300,490084,0.0,0.0,0.0,1042.0,168.0,317.0,557.0,1042.0,168.0,0.0,8.0,309.0,12.0,306.0,0.0,239.0,0.0,0.0,0.0,0.0,66402,0,0,0,49,UTAH
2293,490077,0.0,0.0,0.0,307.0,7.0,36.0,264.0,307.0,3.0,4.0,14.0,22.0,84.0,46.0,83.0,51.0,0.0,0.0,0.0,0.0,66402,0,0,0,49,UTAH
2277,490061,73.0,249.27065754064265,3.4146665416526387,0.0,0.0,0.0,0.0,11.023866277558318,0.0,0.0,0.0,0.0,0.0,0.0,0.0,0.0,6.02178517397882,0.0,0.0,5.002081103579497,81720,0,0,0,49,UTAH
2279,490063,339.0,847.3270025703239,2.4994896830983007,0.0,0.0,0.0,0.0,25.0200494427392,0.0,0.0,0.0,0.0,0.0,0.0,0.0,0.0,3.01089258698941,0.0,0.0,22.00915685574979,81720,0,0,0,49,UTAH
2276,490060,261.0,829.9360264628372,3.179831519014702,0.0,0.0,0.0,0.0,120.03722178453725,0.0,0.0,0.0,0.0,0.0,0.0,0.0,0.0,7.025416036308624,0.0,96.00472999605833,17.00707575217029,81720,0,0,0,49,UTAH
2275,490059,101.0,252.16915355855704,2.4967242926589805,0.0,0.0,0.0,0.0,15.031960443649723,0.0,0.0,0.0,0.0,0.0,0.0,0.0,0.0,8.029046898638427,0.0,0.0,7.002913545011297,81720,0,0,0,49,UTAH
2271,490055,373.0,1012.5412755914476,2.714587870218358,0.0,0.0,0.0,0.0,265.0361899242698,0.0,0.0,0.0,0.0,0.0,0.0,0.0,0.0,4.0145234493192135,0.0,237.01167717776903,24.00998929718159,81720,0,0,0,49,UTAH
2272,490056,141.0,438.6390640443866,3.110915347832529,0.0,0.0,0.0,0.0,88.02196474518288,0.0,0.0,0.0,0.0,0.0,0.0,0.0,0.0,4.0145234493192135,0.0,75.00369530942058,9.003745986443096,81720,0,0,0,49,UTAH
2340,490124,157.0,480.1841736344937,3.0584979212388133,0.0,0.0,0.0,0.0,10.004162207158997,0.0,0.0,0.0,0.0,0.0,0.0,0.0,0.0,0.0,0.0,0.0,10.004162207158997,66402,0,0,0,49,UTAH
2332,490116,39.0,112.07517935935869,2.873722547675864,0.0,0.0,0.0,0.0,6.012141249137109,0.0,0.0,0.0,0.0,0.0,0.0,0.0,0.0,3.01089258698941,0.0,0.0,3.001248662147699,66402,0,0,0,49,UTAH
2308,490092,22.0,69.56390442994677,3.161995655906672,52.0,15.0,0.0,37.0,57.01493967003511,0.0,15.0,0.0,0.0,2.0,26.0,0.0,9.0,4.0145234493192135,0.0,0.0,1.0004162207158995,66402,0,0,0,49,UTAH
2313,490097,28.0,82.12405384090938,2.9330019228896207,0.0,0.0,0.0,0.0,5.011725028421209,0.0,0.0,0.0,0.0,0.0,0.0,0.0,0.0,3.01089258698941,0.0,0.0,2.000832441431799,66402,0,0,0,49,UTAH
2312,490096,41.0,141.06013953850317,3.4404912082561747,265.0,0.0,9.0,256.0,272.0157721114669,0.0,0.0,9.0,0.0,140.0,19.0,71.0,26.0,4.0145234493192135,0.0,0.0,3.001248662147699,66402,0,0,0,49,UTAH
2317,490101,44.0,123.66916343101649,2.8106628052503746,238.0,14.0,21.0,203.0,243.0085103868073,14.0,0.0,0.0,21.0,4.0,144.0,0.0,55.0,2.0072617246596067,0.0,0.0,3.001248662147699,66402,770,0,0,49,UTAH
2316,490100,49.0,157.48495030668505,3.21397857768745,168.0,0.0,3.0,165.0,248.01578728776542,0.0,0.0,3.0,0.0,87.0,25.0,40.0,13.0,3.01089258698941,0.0,74.0036460386283,3.001248662147699,66402,0,0,0,49,UTAH
2322,490106,70.0,237.6766734689848,3.3953810495569257,0.0,0.0,0.0,0.0,7.009342828239104,0.0,0.0,0.0,0.0,0.0,0.0,0.0,0.0,2.0072617246596067,0.0,0.0,5.002081103579497,81720,0,0,0,49,UTAH
2325,490109,330.0,1025.10142500241,3.1063679545527574,0.0,0.0,0.0,0.0,90.02325204423704,0.0,0.0,0.0,0.0,0.0,0.0,0.0,0.0,3.01089258698941,0.0,65.00320260149783,22.00915685574979,81720,0,0,0,49,UTAH
2326,490110,69.0,230.9135160938511,3.3465726970123346,178.0,12.0,0.0,166.0,292.0289411691626,0.0,12.0,0.0,0.0,1.0,59.0,106.0,0.0,6.02178517397882,0.0,103.00507489160425,5.002081103579497,81720,0,0,0,49,UTAH
2239,490023,0.0,0.0,0.0,0.0,0.0,0.0,0.0,4.0145234493192135,0.0,0.0,0.0,0.0,0.0,0.0,0.0,0.0,4.0145234493192135,0.0,0.0,0.0,81720,0,0,0,49,UTAH
2237,490021,1.0,1.9323306786096328,1.9323306786096328,0.0,0.0,0.0,0.0,0.0,0.0,0.0,0.0,0.0,0.0,0.0,0.0,0.0,0.0,0.0,0.0,0.0,81720,0,0,0,49,UTAH
2351,490135,0.0,0.0,0.0,160.0,11.0,0.0,149.0,163.0108925869894,0.0,11.0,0.0,0.0,10.0,46.0,93.0,0.0,3.01089258698941,0.0,0.0,0.0,81720,0,0,0,49,UTAH
2379,490163,0.0,0.0,0.0,605.0,138.0,4.0,463.0,610.018154311649,2.0,136.0,2.0,2.0,129.0,185.0,22.0,127.0,5.018154311649017,0.0,0.0,0.0,81720,0,0,0,49,UTAH
2383,490167,0.0,0.0,0.0,0.0,0.0,0.0,0.0,3.01089258698941,0.0,0.0,0.0,0.0,0.0,0.0,0.0,0.0,3.01089258698941,0.0,0.0,0.0,81720,0,0,0,49,UTAH
2382,490166,0.0,0.0,0.0,379.0,378.0,0.0,1.0,382.0108925869894,1.0,377.0,0.0,0.0,0.0,0.0,1.0,0.0,3.01089258698941,0.0,0.0,0.0,81720,0,0,0,49,UTAH
2385,490169,0.0,0.0,0.0,39.0,39.0,0.0,0.0,181.00699645250296,0.0,39.0,0.0,0.0,0.0,0.0,0.0,0.0,0.0,0.0,142.00699645250296,0.0,81720,0,0,0,49,UTAH
2256,490040,58.0,183.5714144679151,3.1650243873778465,123.0,87.0,0.0,36.0,229.00669050367557,0.0,87.0,0.0,0.0,6.0,26.0,1.0,3.0,0.0,0.0,102.00502562081198,4.001664882863598,81720,0,0,0,49,UTAH
2246,490030,95.0,334.29320739946644,3.5188758673628047,7.0,0.0,1.0,6.0,13.002497324295398,0.0,0.0,0.0,1.0,0.0,5.0,0.0,1.0,0.0,0.0,0.0,6.002497324295398,81720,0,0,0,49,UTAH
2254,490038,2.0,9.661653393048162,4.830826696524081,0.0,0.0,0.0,0.0,0.0,0.0,0.0,0.0,0.0,0.0,0.0,0.0,0.0,0.0,0.0,0.0,0.0,81720,0,0,0,49,UTAH
2257,490041,39.0,102.41352596631052,2.6259878452900134,0.0,0.0,0.0,0.0,10.026664698456322,0.0,0.0,0.0,0.0,0.0,0.0,0.0,0.0,7.025416036308624,0.0,0.0,3.001248662147699,81720,0,0,0,49,UTAH
2260,490044,52.0,145.89096623502726,2.805595504519755,0.0,0.0,0.0,0.0,7.015772111466912,0.0,0.0,0.0,0.0,0.0,0.0,0.0,0.0,4.0145234493192135,0.0,0.0,3.001248662147699,81720,0,0,0,49,UTAH
2405,490189,0.0,0.0,0.0,0.0,0.0,0.0,0.0,0.0,0.0,0.0,0.0,0.0,0.0,0.0,0.0,0.0,0.0,0.0,0.0,0.0,81720,0,0,0,49,UTAH
2408,490192,0.0,0.0,0.0,0.0,0.0,0.0,0.0,0.0,0.0,0.0,0.0,0.0,0.0,0.0,0.0,0.0,0.0,0.0,0.0,0.0,81720,0,0,0,49,UTAH
2413,490197,0.0,0.0,0.0,18.0,1.0,0.0,17.0,20.007261724659607,1.0,0.0,0.0,0.0,2.0,2.0,12.0,1.0,2.0072617246596067,0.0,0.0,0.0,81720,0,0,0,49,UTAH
2266,490050,0.0,0.0,0.0,204.0,127.0,0.0,77.0,331.0241653483065,0.0,127.0,0.0,0.0,0.0,70.0,5.0,2.0,5.018154311649017,0.0,122.00601103665747,0.0,81720,0,0,0,49,UTAH
2264,490048,0.0,0.0,0.0,607.0,484.0,2.0,121.0,618.0399394856279,0.0,484.0,0.0,2.0,0.0,114.0,4.0,3.0,11.039939485627835,0.0,0.0,0.0,81720,0,0,0,49,UTAH
2369,490153,205.0,686.9435562457244,3.350944176808412,0.0,0.0,0.0,0.0,59.00767732575132,0.0,0.0,0.0,0.0,0.0,0.0,0.0,0.0,0.0,0.0,46.00226645644462,13.005410869306694,62109,0,0,0,49,UTAH
2370,490154,0.0,0.0,0.0,0.0,0.0,0.0,0.0,0.0,0.0,0.0,0.0,0.0,0.0,0.0,0.0,0.0,0.0,0.0,0.0,0.0,62109,0,0,0,49,UTAH
2365,490149,255.0,879.2104587673829,3.4478841520289523,0.0,0.0,0.0,0.0,259.02616246697573,0.0,0.0,0.0,0.0,0.0,0.0,0.0,0.0,2.0072617246596067,0.0,240.01182499014584,17.00707575217029,74211,0,0,0,49,UTAH
2387,490171,0.0,0.0,0.0,0.0,0.0,0.0,0.0,2.0072617246596067,0.0,0.0,0.0,0.0,0.0,0.0,0.0,0.0,2.0072617246596067,0.0,0.0,0.0,81720,0,0,0,49,UTAH
2386,490170,0.0,0.0,0.0,330.0,120.0,14.0,196.0,335.018154311649,0.0,120.0,13.0,1.0,55.0,112.0,18.0,11.0,5.018154311649017,0.0,0.0,0.0,81720,0,0,0,49,UTAH
2390,490174,0.0,0.0,0.0,0.0,0.0,0.0,0.0,4.0145234493192135,0.0,0.0,0.0,0.0,0.0,0.0,0.0,0.0,4.0145234493192135,0.0,0.0,0.0,81720,0,0,0,49,UTAH
2391,490175,0.0,0.0,0.0,322.0,315.0,0.0,7.0,325.0108925869894,0.0,315.0,0.0,0.0,1.0,3.0,3.0,0.0,3.01089258698941,0.0,0.0,0.0,81720,0,0,0,49,UTAH
2393,490177,0.0,0.0,0.0,235.0,235.0,0.0,0.0,237.0072617246596,0.0,235.0,0.0,0.0,0.0,0.0,0.0,0.0,2.0072617246596067,0.0,0.0,0.0,81720,0,0,0,49,UTAH
2392,490176,0.0,0.0,0.0,224.0,169.0,4.0,51.0,228.0145234493192,0.0,169.0,4.0,0.0,22.0,11.0,7.0,11.0,4.0145234493192135,0.0,0.0,0.0,81720,0,0,0,49,UTAH
2420,490204,415.0,1569.0525110310216,3.780849424171136,0.0,0.0,0.0,0.0,50.023115962164184,0.0,0.0,0.0,0.0,0.0,0.0,0.0,0.0,3.01089258698941,0.0,20.000985415845488,27.01123795932929,102760,0,0,0,49,UTAH
2417,490201,2.0,7.72932271443853,3.864661357219265,0.0,0.0,0.0,0.0,11.000541978715018,0.0,0.0,0.0,0.0,0.0,0.0,0.0,0.0,0.0,0.0,11.000541978715018,0.0,81720,0,0,0,49,UTAH
2409,490193,0.0,0.0,0.0,0.0,0.0,0.0,0.0,6.02178517397882,0.0,0.0,0.0,0.0,0.0,0.0,0.0,0.0,6.02178517397882,0.0,0.0,0.0,81720,0,0,0,49,UTAH
2486,490270,316.0,1058.917211878079,3.351003835057211,24.0,11.0,1.0,12.0,166.0182839924366,11.0,0.0,0.0,1.0,3.0,2.0,1.0,6.0,1.0036308623298034,0.0,120.00591249507292,21.00874063503389,70166,0,0,0,49,UTAH
2485,490269,258.0,875.3457974101635,3.392813168256448,54.0,27.0,1.0,26.0,496.0315974304244,26.0,1.0,0.0,1.0,3.0,2.0,3.0,18.0,1.0036308623298034,0.0,424.0208908159243,17.00707575217029,70166,0,0,0,49,UTAH
2484,490268,410.0,1320.7480188296838,3.221336631291912,0.0,0.0,0.0,0.0,416.0447306636741,0.0,0.0,0.0,0.0,0.0,0.0,0.0,0.0,4.0145234493192135,0.0,385.01896925502564,27.01123795932929,70166,0,0,0,49,UTAH
2477,490261,317.0,965.1991739655116,3.044792346894358,129.0,1.0,2.0,126.0,152.0160023596935,1.0,0.0,2.0,0.0,21.0,3.0,53.0,49.0,2.0072617246596067,0.0,0.0,21.00874063503389,70166,0,0,0,49,UTAH
2495,490279,179.0,606.7518330834247,3.389675045158797,1491.0,75.0,35.0,1381.0,1510.0089211356742,75.0,0.0,0.0,35.0,19.0,628.0,10.0,724.0,1.0036308623298034,0.0,6.000295624753646,12.004994648590795,70166,1494,1528,87,49,UTAH
2490,490274,464.0,1599.003636549471,3.4461285270462736,0.0,0.0,0.0,0.0,45.02038886643616,0.0,0.0,0.0,0.0,0.0,0.0,0.0,0.0,2.0072617246596067,0.0,13.000640520299566,30.012486621476985,96149,0,0,0,49,UTAH
2425,490209,588.0,2012.5224017719324,3.4226571458706334,713.0,241.0,1.0,471.0,762.0167253158428,167.0,74.0,1.0,0.0,29.0,44.0,121.0,277.0,0.0,0.0,10.000492707922744,39.01623260792008,96415,0,0,0,49,UTAH
2424,490208,511.0,1914.9397025021456,3.7474358170296393,0.0,0.0,0.0,0.0,33.01373528362468,0.0,0.0,0.0,0.0,0.0,0.0,0.0,0.0,0.0,0.0,0.0,33.01373528362468,96415,0,0,0,49,UTAH
2724,490508,195.0,612.5488251192535,3.141276026252582,130.0,16.0,5.0,109.0,318.03194121564235,11.0,5.0,2.0,3.0,57.0,8.0,21.0,23.0,5.018154311649017,0.0,170.00837603468665,13.005410869306694,83312,0,0,0,49,UTAH
2725,490509,428.0,1383.548765884497,3.232590574496488,28.0,0.0,28.0,0.0,58.0189159047048,0.0,0.0,0.0,28.0,0.0,0.0,0.0,0.0,2.0072617246596067,0.0,0.0,28.011654180045188,83312,0,0,0,49,UTAH
2723,490507,192.0,652.161604030751,3.396675020993495,59.0,3.0,9.0,47.0,79.02008213100274,1.0,2.0,9.0,0.0,14.0,3.0,0.0,30.0,4.0145234493192135,0.0,3.000147812376823,13.005410869306694,83312,0,0,0,49,UTAH
2722,490506,25.0,82.12405384090938,3.284962153636376,4.0,0.0,2.0,2.0,11.018986753080815,0.0,0.0,0.0,2.0,0.0,2.0,0.0,0.0,5.018154311649017,0.0,0.0,2.000832441431799,83312,0,0,0,49,UTAH
2783,490567,217.0,736.21798855027,3.392709624655622,1039.0,37.0,20.0,982.0,1080.0071574014141,5.0,32.0,19.0,1.0,15.0,107.0,43.0,817.0,0.0,0.0,27.001330311391406,14.005827090022594,72724,1171,0,0,49,UTAH
2784,490568,283.0,913.9924109823562,3.229655162481824,760.0,132.0,61.0,567.0,803.0126722841543,131.0,1.0,3.0,58.0,88.0,222.0,9.0,248.0,1.0036308623298034,0.0,23.00113322822231,19.00790819360209,71179,618,1414,0,49,UTAH
3108,490892,97.0,363.2781675786109,3.7451357482331034,336.0,0.0,1.0,335.0,349.01000540291636,0.0,0.0,0.0,1.0,0.0,137.0,5.0,193.0,2.0072617246596067,0.0,5.000246353961372,6.002497324295398,90129,676,0,0,49,UTAH
3109,490893,306.0,1119.785628254282,3.659430157693732,515.0,33.0,35.0,447.0,549.0125957969474,11.0,22.0,1.0,34.0,14.0,143.0,9.0,281.0,1.0036308623298034,0.0,13.000640520299566,20.00832441431799,108751,0,1275,0,49,UTAH
3121,490905,71.0,260.8646416123004,3.6741498818633858,0.0,0.0,0.0,0.0,7.009342828239104,0.0,0.0,0.0,0.0,0.0,0.0,0.0,0.0,2.0072617246596067,0.0,0.0,5.002081103579497,113111,0,0,0,49,UTAH
3124,490908,253.0,742.0149805860989,2.932865535913434,0.0,0.0,0.0,0.0,408.02634063194955,0.0,0.0,0.0,0.0,0.0,0.0,0.0,0.0,0.0,0.0,391.01926487977926,17.00707575217029,113111,0,0,0,49,UTAH
3049,490833,0.0,0.0,0.0,0.0,0.0,0.0,0.0,5.018154311649017,0.0,0.0,0.0,0.0,0.0,0.0,0.0,0.0,5.018154311649017,0.0,0.0,0.0,51304,0,0,0,49,UTAH
3053,490837,62.0,196.1315638788777,3.16341232062706,275.0,144.0,60.0,71.0,281.0089266075232,144.0,0.0,0.0,60.0,3.0,21.0,2.0,45.0,2.0072617246596067,0.0,0.0,4.001664882863598,51304,0,0,0,49,UTAH
3045,490829,6.0,11.593984071657797,1.9323306786096328,0.0,0.0,0.0,0.0,15.05446293494705,0.0,0.0,0.0,0.0,0.0,0.0,0.0,0.0,15.05446293494705,0.0,0.0,0.0,51304,0,0,0,49,UTAH
3046,490830,1.0,1.9323306786096328,1.9323306786096328,0.0,0.0,0.0,0.0,10.036308623298034,0.0,0.0,0.0,0.0,0.0,0.0,0.0,0.0,10.036308623298034,0.0,0.0,0.0,51304,0,0,0,49,UTAH
3227,491011,10.0,20.289472125401144,2.0289472125401145,0.0,0.0,0.0,0.0,8.025832257024524,0.0,0.0,0.0,0.0,0.0,0.0,0.0,0.0,7.025416036308624,0.0,0.0,1.0004162207158995,51304,0,0,0,49,UTAH
3128,490912,12.0,26.08646416123004,2.1738720134358367,0.0,0.0,0.0,0.0,5.014939670035113,0.0,0.0,0.0,0.0,0.0,0.0,0.0,0.0,4.0145234493192135,0.0,0.0,1.0004162207158995,51304,0,0,0,49,UTAH
3129,490913,1.0,2.8984960179144488,2.8984960179144488,0.0,0.0,0.0,0.0,11.039939485627835,0.0,0.0,0.0,0.0,0.0,0.0,0.0,0.0,11.039939485627835,0.0,0.0,0.0,51304,0,0,0,49,UTAH
3131,490915,14.0,33.81578687566857,2.415413348262041,0.0,0.0,0.0,0.0,7.0222013946947195,0.0,0.0,0.0,0.0,0.0,0.0,0.0,0.0,6.02178517397882,0.0,0.0,1.0004162207158995,51304,0,0,0,49,UTAH
3288,491072,14.0,51.20676298315527,3.657625927368233,0.0,0.0,0.0,0.0,7.0222013946947195,0.0,0.0,0.0,0.0,0.0,0.0,0.0,0.0,6.02178517397882,0.0,0.0,1.0004162207158995,75589,0,0,0,49,UTAH
3285,491069,7.0,26.08646416123004,3.726637737318577,0.0,0.0,0.0,0.0,5.018154311649017,0.0,0.0,0.0,0.0,0.0,0.0,0.0,0.0,5.018154311649017,0.0,0.0,0.0,75589,0,0,0,49,UTAH
3290,491074,26.0,82.12405384090938,3.158617455419592,0.0,0.0,0.0,0.0,19.062557101038458,0.0,0.0,0.0,0.0,0.0,0.0,0.0,0.0,17.061724659606657,0.0,0.0,2.000832441431799,75589,0,0,0,49,UTAH
3292,491076,56.0,198.06389455748732,3.5368552599551317,0.0,0.0,0.0,0.0,21.063389542470254,0.0,0.0,0.0,0.0,0.0,0.0,0.0,0.0,17.061724659606657,0.0,0.0,4.001664882863598,75571,0,0,0,49,UTAH
3389,491173,56.0,184.5375798072199,3.295313925128927,0.0,0.0,0.0,0.0,46.02164221382677,0.0,0.0,0.0,0.0,0.0,0.0,0.0,0.0,5.018154311649017,0.0,37.00182301931415,4.001664882863598,105921,0,0,0,49,UTAH
3388,491172,182.0,624.1428091909113,3.429356094455557,1709.0,832.0,20.0,857.0,1725.012354914835,812.0,20.0,18.0,2.0,35.0,316.0,87.0,419.0,2.0072617246596067,0.0,2.0000985415845487,12.004994648590795,105921,0,1194,0,49,UTAH
3328,491112,145.0,452.165378794654,3.118381922721752,0.0,0.0,0.0,0.0,12.014638573432507,0.0,0.0,0.0,0.0,0.0,0.0,0.0,0.0,3.01089258698941,0.0,0.0,9.003745986443096,30043,0,0,0,49,UTAH
3492,491276,48.0,145.89096623502726,3.039395129896401,3.0,0.0,0.0,3.0,10.005027336854326,0.0,0.0,0.0,0.0,0.0,0.0,0.0,3.0,1.0036308623298034,0.0,3.000147812376823,3.001248662147699,67754,0,0,0,49,UTAH
2220,490004,7.0,19.323306786096325,2.7604723980137607,87.0,35.0,10.0,42.0,103.05809379727685,29.0,6.0,1.0,9.0,0.0,5.0,1.0,36.0,16.058093797276854,0.0,0.0,0.0,81720,0,0,0,49,UTAH
2310,490094,0.0,0.0,0.0,0.0,0.0,0.0,0.0,0.0,0.0,0.0,0.0,0.0,0.0,0.0,0.0,0.0,0.0,0.0,0.0,0.0,66402,0,0,0,49,UTAH
2395,490179,0.0,0.0,0.0,92.0,68.0,0.0,24.0,222.00640520299567,0.0,68.0,0.0,0.0,10.0,13.0,0.0,1.0,0.0,0.0,130.00640520299567,0.0,81720,0,0,0,49,UTAH
3062,490846,40.0,109.17668334144425,2.7294170835361062,0.0,0.0,0.0,0.0,53.01445697637401,0.0,0.0,0.0,0.0,0.0,0.0,0.0,0.0,3.01089258698941,0.0,47.0023157272369,3.001248662147699,75945,0,0,0,49,UTAH
3060,490844,245.0,832.8345224807516,3.399324581554088,201.0,9.0,26.0,166.0,241.01500521354404,9.0,0.0,0.0,26.0,7.0,78.0,2.0,79.0,2.0072617246596067,0.0,22.001083957430037,16.006659531454392,75945,0,241,210,49,UTAH
3047,490831,210.0,625.1089745302162,2.976709402524839,0.0,0.0,0.0,0.0,18.020350539341806,0.0,0.0,0.0,0.0,0.0,0.0,0.0,0.0,4.0145234493192135,0.0,0.0,14.005827090022594,51304,0,0,0,49,UTAH
2627,490411,361.0,1211.5713354882396,3.3561532839009405,799.0,81.0,16.0,702.0,832.0104327343121,10.0,71.0,15.0,1.0,495.0,3.0,40.0,164.0,0.0,0.0,9.00044343713047,24.00998929718159,72767,0,0,0,49,UTAH
2606,490390,0.0,0.0,0.0,1358.0,195.0,174.0,989.0,1358.0,0.0,195.0,112.0,62.0,669.0,235.0,68.0,17.0,0.0,0.0,0.0,0.0,75570,0,0,0,49,UTAH
2509,490293,192.0,631.8721319053499,3.2910006870070307,44.0,0.0,1.0,43.0,217.03478374529578,0.0,0.0,1.0,0.0,18.0,0.0,5.0,20.0,6.02178517397882,0.0,154.00758770201026,13.005410869306694,93988,0,0,0,49,UTAH
2508,490292,0.0,0.0,0.0,40.0,2.0,2.0,36.0,48.02904689863843,2.0,0.0,0.0,2.0,11.0,1.0,0.0,24.0,8.029046898638427,0.0,0.0,0.0,93988,0,0,0,49,UTAH
3130,490914,2.0,4.830826696524081,2.415413348262041,22.0,4.0,4.0,14.0,30.029046898638427,4.0,0.0,0.0,4.0,0.0,6.0,0.0,8.0,8.029046898638427,0.0,0.0,0.0,51304,0,0,0,49,UTAH
3289,491073,7.0,11.593984071657797,1.6562834388082563,0.0,0.0,0.0,0.0,13.047201210287444,0.0,0.0,0.0,0.0,0.0,0.0,0.0,0.0,13.047201210287444,0.0,0.0,0.0,75589,0,0,0,49,UTAH
2314,490098,0.0,0.0,0.0,317.0,167.0,6.0,144.0,444.0170021652315,166.0,1.0,0.0,6.0,2.0,35.0,7.0,100.0,3.01089258698941,0.0,124.00610957824202,0.0,66402,0,0,0,49,UTAH
2331,490115,87.0,264.72930296951967,3.042865551373789,0.0,0.0,0.0,0.0,249.02521490143064,0.0,0.0,0.0,0.0,0.0,0.0,0.0,0.0,3.01089258698941,0.0,240.01182499014584,6.002497324295398,66402,0,0,0,49,UTAH
2330,490114,19.0,48.30826696524081,2.5425403665916217,1.0,0.0,0.0,1.0,6.014939670035113,0.0,0.0,0.0,0.0,0.0,1.0,0.0,0.0,4.0145234493192135,0.0,0.0,1.0004162207158995,66402,0,0,0,49,UTAH
2347,490131,0.0,0.0,0.0,539.0,29.0,8.0,502.0,672.0244609730602,0.0,29.0,2.0,6.0,126.0,88.0,252.0,36.0,5.018154311649017,0.0,128.00630666141112,0.0,81720,0,0,0,49,UTAH
2384,490168,0.0,0.0,0.0,0.0,0.0,0.0,0.0,0.0,0.0,0.0,0.0,0.0,0.0,0.0,0.0,0.0,0.0,0.0,0.0,0.0,81720,0,0,0,49,UTAH
2371,490155,36.0,115.93984071657796,3.2205511310160544,0.0,0.0,0.0,0.0,2.000832441431799,0.0,0.0,0.0,0.0,0.0,0.0,0.0,0.0,0.0,0.0,0.0,2.000832441431799,62109,0,0,0,49,UTAH
2357,490141,25.0,72.46240044786123,2.898496017914449,0.0,0.0,0.0,0.0,8.022617615410619,0.0,0.0,0.0,0.0,0.0,0.0,0.0,0.0,6.02178517397882,0.0,0.0,2.000832441431799,81720,0,0,0,49,UTAH
2481,490265,374.0,1230.894642274336,3.291162145118545,602.0,11.0,31.0,560.0,762.0274348995434,2.0,9.0,11.0,20.0,162.0,54.0,248.0,96.0,3.01089258698941,0.0,133.00655301537248,24.00998929718159,70166,0,0,0,49,UTAH
2496,490280,6.0,11.593984071657797,1.9323306786096328,978.0,66.0,28.0,884.0,980.0072617246597,66.0,0.0,2.0,26.0,5.0,355.0,12.0,512.0,2.0072617246596067,0.0,0.0,0.0,70166,0,0,2401,49,UTAH
2507,490291,2.0,3.0,1.5,0.0,0.0,0.0,0.0,5.018154311649017,0.0,0.0,0.0,0.0,0.0,0.0,0.0,0.0,5.018154311649017,0.0,0.0,0.0,96089,0,0,0,49,UTAH
2743,490527,284.0,1092.732998753747,3.8476514040624905,0.0,0.0,0.0,0.0,26.008253089148013,0.0,0.0,0.0,0.0,0.0,0.0,0.0,0.0,0.0,0.0,7.00034489554592,19.00790819360209,123157,0,0,0,49,UTAH
2741,490525,348.0,1278.236743900272,3.673094091667448,0.0,0.0,0.0,0.0,114.01405671856266,0.0,0.0,0.0,0.0,0.0,0.0,0.0,0.0,0.0,0.0,91.00448364209697,23.00957307646569,123157,0,0,0,49,UTAH
2856,490640,622.0,1993.199094985836,3.204500152710347,0.0,0.0,0.0,0.0,49.017459215690074,0.0,0.0,0.0,0.0,0.0,0.0,0.0,0.0,0.0,0.0,8.000394166338195,41.01706504935188,51612,0,0,0,49,UTAH
2857,490641,446.0,1455.0450009930532,3.2624327376525857,0.0,0.0,0.0,0.0,48.01300654581431,0.0,0.0,0.0,0.0,0.0,0.0,0.0,0.0,0.0,0.0,19.000936145053213,29.01207040076109,93981,0,0,0,49,UTAH
3055,490839,0.0,0.0,0.0,1012.0,351.0,39.0,622.0,1209.0311958953032,340.0,11.0,10.0,29.0,295.0,70.0,2.0,255.0,6.02178517397882,0.0,191.0094107213244,0.0,51304,0,0,0,49,UTAH
3297,491081,0.0,0.0,0.0,0.0,0.0,0.0,0.0,5.018154311649017,0.0,0.0,0.0,0.0,0.0,0.0,0.0,0.0,5.018154311649017,0.0,0.0,0.0,75589,0,0,0,49,UTAH
2779,490563,321.0,990.3194727874368,3.0851073918611736,780.0,28.0,46.0,706.0,805.0089377182029,23.0,5.0,18.0,28.0,130.0,55.0,175.0,346.0,0.0,0.0,4.000197083169097,21.00874063503389,70574,0,0,0,49,UTAH
2794,490578,17.0,43.477440268716734,2.557496486395102,0.0,0.0,0.0,0.0,126.0065750697502,0.0,0.0,0.0,0.0,0.0,0.0,0.0,0.0,0.0,0.0,125.00615884903429,1.0004162207158995,76529,0,0,0,49,UTAH
2790,490574,563.0,1569.0525110310216,2.786949397923662,251.0,0.0,8.0,243.0,408.02131266156124,0.0,0.0,5.0,3.0,165.0,23.0,35.0,20.0,0.0,0.0,120.00591249507292,37.01540016648829,76529,0,0,0,49,UTAH
2791,490575,271.0,803.8495623016072,2.966234547238403,406.0,2.0,42.0,362.0,428.0076890560553,0.0,2.0,21.0,21.0,252.0,17.0,43.0,50.0,0.0,0.0,4.000197083169097,18.007491972886193,76529,0,0,0,49,UTAH
2795,490579,0.0,0.0,0.0,0.0,0.0,0.0,0.0,0.0,0.0,0.0,0.0,0.0,0.0,0.0,0.0,0.0,0.0,0.0,0.0,0.0,76529,0,0,0,49,UTAH
2796,490580,0.0,0.0,0.0,443.0,19.0,159.0,265.0,443.0,12.0,7.0,154.0,5.0,208.0,20.0,5.0,32.0,0.0,0.0,0.0,0.0,76529,0,0,0,49,UTAH
2814,490598,0.0,0.0,0.0,237.0,3.0,44.0,190.0,238.0036308623298,3.0,0.0,7.0,37.0,77.0,10.0,2.0,101.0,1.0036308623298034,0.0,0.0,0.0,76529,0,0,0,49,UTAH
2792,490576,0.0,0.0,0.0,0.0,0.0,0.0,0.0,0.0,0.0,0.0,0.0,0.0,0.0,0.0,0.0,0.0,0.0,0.0,0.0,0.0,76529,0,0,0,49,UTAH
3069,490853,302.0,915.924741660966,3.0328633829833307,185.0,70.0,29.0,86.0,207.00842295590255,40.0,30.0,6.0,23.0,14.0,4.0,11.0,57.0,0.0,0.0,2.0000985415845487,20.00832441431799,39576,0,0,0,49,UTAH
3068,490852,244.0,825.1051997663131,3.381578687566857,114.0,81.0,2.0,31.0,130.0066595314544,13.0,68.0,1.0,1.0,1.0,2.0,6.0,22.0,0.0,0.0,0.0,16.006659531454392,47045,0,0,0,49,UTAH
3066,490850,280.0,944.9097018401104,3.3746775065718224,1820.0,313.0,11.0,1496.0,1838.007491972886,135.0,178.0,4.0,7.0,118.0,196.0,65.0,1117.0,0.0,0.0,0.0,18.007491972886193,44047,0,0,0,49,UTAH
3067,490851,283.0,806.7480583195216,2.8506998527191576,664.0,76.0,6.0,582.0,683.0079081936021,62.0,14.0,6.0,0.0,54.0,79.0,134.0,315.0,0.0,0.0,0.0,19.00790819360209,56909,0,0,0,49,UTAH
3073,490857,431.0,1321.7141841689886,3.0666222370510177,204.0,9.0,9.0,186.0,261.01308303302113,4.0,5.0,0.0,9.0,21.0,28.0,3.0,134.0,0.0,0.0,29.001428852975955,28.011654180045188,54309,489,0,0,49,UTAH
3070,490854,214.0,580.6653689221946,2.7133895744027785,642.0,274.0,7.0,361.0,693.0076501093369,269.0,5.0,3.0,4.0,6.0,68.0,56.0,231.0,0.0,0.0,37.00182301931415,14.005827090022594,56488,0,8,78,49,UTAH
3074,490858,314.0,932.3495524291476,2.969266090538687,0.0,0.0,0.0,0.0,31.009233342956634,0.0,0.0,0.0,0.0,0.0,0.0,0.0,0.0,0.0,0.0,10.000492707922744,21.00874063503389,70276,0,0,0,49,UTAH
3071,490855,417.0,1204.808178113106,2.8892282448755537,15.0,1.0,1.0,13.0,50.01163212566749,1.0,0.0,0.0,1.0,3.0,3.0,4.0,3.0,0.0,0.0,8.000394166338195,27.01123795932929,53962,0,0,0,49,UTAH
3072,490856,319.0,1124.6164549508062,3.5254434324476684,464.0,47.0,20.0,397.0,528.0108592791017,47.0,0.0,0.0,20.0,44.0,150.0,7.0,196.0,0.0,0.0,43.0021186440678,21.00874063503389,101582,0,1225,0,49,UTAH
3305,491089,0.0,0.0,0.0,0.0,0.0,0.0,0.0,5.018154311649017,0.0,0.0,0.0,0.0,0.0,0.0,0.0,0.0,5.018154311649017,0.0,0.0,0.0,75589,0,0,0,49,UTAH
3316,491100,198.0,599.9886757082909,3.03024583691056,0.0,0.0,0.0,0.0,301.0339272236318,0.0,0.0,0.0,0.0,0.0,0.0,0.0,0.0,4.0145234493192135,0.0,284.0139929050059,13.005410869306694,56564,0,0,0,49,UTAH
3301,491085,14.0,37.68044823288784,2.691460588063417,0.0,0.0,0.0,0.0,4.011308807705309,0.0,0.0,0.0,0.0,0.0,0.0,0.0,0.0,3.01089258698941,0.0,0.0,1.0004162207158995,75589,0,0,0,49,UTAH
3335,491119,57.0,168.11276903903803,2.9493468252462813,508.0,7.0,24.0,477.0,518.0234500568424,7.0,0.0,15.0,9.0,21.0,96.0,220.0,140.0,6.02178517397882,0.0,0.0,4.001664882863598,75589,0,0,0,49,UTAH
3314,491098,256.0,744.9134766040133,2.909818267984427,0.0,0.0,0.0,0.0,139.02383156344035,0.0,0.0,0.0,0.0,0.0,0.0,0.0,0.0,3.01089258698941,0.0,119.00586322428065,17.00707575217029,75589,0,0,0,49,UTAH
3294,491078,11.0,26.08646416123004,2.371496741930004,0.0,0.0,0.0,0.0,5.014939670035113,0.0,0.0,0.0,0.0,0.0,0.0,0.0,0.0,4.0145234493192135,0.0,0.0,1.0004162207158995,75589,0,0,0,49,UTAH
2336,490120,158.0,525.5939445818201,3.3265439530494945,0.0,0.0,0.0,0.0,106.00889220321733,0.0,0.0,0.0,0.0,0.0,0.0,0.0,0.0,0.0,0.0,96.00472999605833,10.004162207158997,66402,0,0,0,49,UTAH
2329,490113,75.0,233.81201211176557,3.1174934948235404,0.0,0.0,0.0,0.0,128.01888618564183,0.0,0.0,0.0,0.0,0.0,0.0,0.0,0.0,3.01089258698941,0.0,120.00591249507292,5.002081103579497,66402,0,0,0,49,UTAH
2230,490014,0.0,0.0,0.0,0.0,0.0,0.0,0.0,0.0,0.0,0.0,0.0,0.0,0.0,0.0,0.0,0.0,0.0,0.0,0.0,0.0,81720,0,0,0,49,UTAH
2221,490005,8.0,18.35714144679151,2.294642680848938,0.0,0.0,0.0,0.0,13.036823385598483,0.0,0.0,0.0,0.0,0.0,0.0,0.0,0.0,10.036308623298034,0.0,2.0000985415845487,1.0004162207158995,81720,0,0,0,49,UTAH
2223,490007,26.0,103.37969130561534,3.9761419732928975,160.0,24.0,21.0,115.0,166.015355890751,0.0,24.0,10.0,11.0,13.0,29.0,2.0,71.0,4.0145234493192135,0.0,0.0,2.000832441431799,81720,0,0,0,49,UTAH
2224,490008,4.0,16.424810768181878,4.1062026920454695,0.0,0.0,0.0,0.0,3.01089258698941,0.0,0.0,0.0,0.0,0.0,0.0,0.0,0.0,3.01089258698941,0.0,0.0,0.0,81720,0,0,0,49,UTAH
2295,490079,0.0,0.0,0.0,370.0,280.0,22.0,68.0,491.0059617658652,3.0,277.0,0.0,22.0,0.0,68.0,0.0,0.0,0.0,0.0,121.0059617658652,0.0,66402,0,0,0,49,UTAH
2219,490003,1.0,1.9323306786096328,1.9323306786096328,107.0,18.0,10.0,79.0,385.1462161671409,14.0,4.0,2.0,8.0,3.0,5.0,26.0,45.0,37.13434190620272,0.0,241.01187426093813,0.0,81720,0,0,0,49,UTAH
2342,490126,80.0,288.8834364521401,3.611042955651751,0.0,0.0,0.0,0.0,78.00567787141553,0.0,0.0,0.0,0.0,0.0,0.0,0.0,0.0,0.0,0.0,73.00359676783603,5.002081103579497,66402,0,0,0,49,UTAH
2334,490118,393.0,1377.751773848668,3.505729704449537,0.0,0.0,0.0,0.0,50.02274901224056,0.0,0.0,0.0,0.0,0.0,0.0,0.0,0.0,3.01089258698941,0.0,21.001034686637762,26.010821738613387,66402,0,0,0,49,UTAH
2323,490107,105.0,384.5338050433169,3.662226714698256,54.0,30.0,3.0,21.0,217.0141813801436,28.0,2.0,3.0,0.0,11.0,3.0,1.0,6.0,1.0036308623298034,0.0,155.00763697280252,7.002913545011297,66402,0,0,0,49,UTAH
2286,490070,441.0,1059.8833772173834,2.4033636671596,103.0,9.0,12.0,82.0,137.02664312087256,0.0,9.0,2.0,10.0,7.0,13.0,2.0,60.0,4.0145234493192135,0.0,1.0000492707922743,29.01207040076109,81720,0,0,0,49,UTAH
2345,490129,0.0,0.0,0.0,38.0,19.0,0.0,19.0,168.0243131606833,0.0,19.0,0.0,0.0,0.0,19.0,0.0,0.0,5.018154311649017,0.0,125.00615884903429,0.0,81720,0,0,0,49,UTAH
2273,490057,272.0,920.75556835749,3.3851307660201835,149.0,2.0,16.0,131.0,229.01770994508226,1.0,1.0,4.0,12.0,32.0,12.0,26.0,61.0,2.0072617246596067,0.0,60.00295624753646,18.007491972886193,81720,0,0,0,49,UTAH
2232,490016,2.0,4.830826696524081,2.415413348262041,0.0,0.0,0.0,0.0,0.0,0.0,0.0,0.0,0.0,0.0,0.0,0.0,0.0,0.0,0.0,0.0,0.0,81720,0,0,0,49,UTAH
2241,490025,120.0,460.8608668483974,3.840507223736645,76.0,9.0,14.0,53.0,84.0033297657272,8.0,1.0,2.0,12.0,22.0,21.0,0.0,10.0,0.0,0.0,0.0,8.003329765727196,81720,96,0,0,49,UTAH
2248,490032,1.0,1.0,1.0,0.0,0.0,0.0,0.0,7.025416036308624,0.0,0.0,0.0,0.0,0.0,0.0,0.0,0.0,7.025416036308624,0.0,0.0,0.0,81720,0,0,0,49,UTAH
2406,490190,0.0,0.0,0.0,664.0,275.0,13.0,376.0,668.0145234493192,0.0,275.0,10.0,3.0,102.0,108.0,137.0,29.0,4.0145234493192135,0.0,0.0,0.0,81720,0,0,0,49,UTAH
2362,490146,294.0,1079.2066840034795,3.670771034025442,0.0,0.0,0.0,0.0,19.00790819360209,0.0,0.0,0.0,0.0,0.0,0.0,0.0,0.0,0.0,0.0,0.0,19.00790819360209,62109,0,0,0,49,UTAH
2361,490145,261.0,980.6578193943884,3.7573096528520633,136.0,1.0,3.0,132.0,167.00776554326214,1.0,0.0,0.0,3.0,16.0,108.0,2.0,6.0,0.0,0.0,14.00068979109184,17.00707575217029,62109,0,0,0,49,UTAH
2353,490137,328.0,1197.0788553986674,3.649630656703254,0.0,0.0,0.0,0.0,21.00874063503389,0.0,0.0,0.0,0.0,0.0,0.0,0.0,0.0,0.0,0.0,0.0,21.00874063503389,74211,0,0,0,49,UTAH
2320,490104,83.0,314.0037352740653,3.7831775334224735,46.0,12.0,0.0,34.0,53.009342828239106,12.0,0.0,0.0,0.0,0.0,32.0,0.0,2.0,2.0072617246596067,0.0,0.0,5.002081103579497,66402,0,0,0,49,UTAH
2363,490147,332.0,1215.435996845459,3.660951797727286,228.0,12.0,29.0,187.0,313.0122609156631,11.0,1.0,0.0,29.0,38.0,108.0,6.0,35.0,0.0,0.0,63.003104059913284,22.00915685574979,74211,753,0,0,49,UTAH
2354,490138,216.0,789.3570822120349,3.654430936166829,0.0,0.0,0.0,0.0,168.01341479203285,0.0,0.0,0.0,0.0,0.0,0.0,0.0,0.0,0.0,0.0,154.00758770201026,14.005827090022594,74211,0,0,0,49,UTAH
2373,490157,1.0,1.9323306786096328,1.9323306786096328,0.0,0.0,0.0,0.0,0.0,0.0,0.0,0.0,0.0,0.0,0.0,0.0,0.0,0.0,0.0,0.0,0.0,62109,0,0,0,49,UTAH
2372,490156,103.0,285.9849404342256,2.7765528197497638,0.0,0.0,0.0,0.0,72.01327932958418,0.0,0.0,0.0,0.0,0.0,0.0,0.0,0.0,2.0072617246596067,0.0,63.003104059913284,7.002913545011297,74211,0,0,0,49,UTAH
2367,490151,656.0,1759.3870828740703,2.681992504381205,376.0,195.0,31.0,150.0,665.0335996972207,1.0,194.0,31.0,0.0,52.0,75.0,18.0,5.0,1.0036308623298034,0.0,245.01207134410723,43.01789749078368,74211,0,0,0,49,UTAH
2374,490158,23.0,62.80074705481306,2.730467263252742,0.0,0.0,0.0,0.0,4.008094166091405,0.0,0.0,0.0,0.0,0.0,0.0,0.0,0.0,2.0072617246596067,0.0,0.0,2.000832441431799,73924,0,0,0,49,UTAH
2375,490159,134.0,386.4661357219265,2.8840756397158693,0.0,0.0,0.0,0.0,133.02060033929772,0.0,0.0,0.0,0.0,0.0,0.0,0.0,0.0,3.01089258698941,0.0,121.0059617658652,9.003745986443096,73829,0,0,0,49,UTAH
2355,490139,85.0,268.59396432673896,3.1599289920792817,0.0,0.0,0.0,0.0,11.009906861331828,0.0,0.0,0.0,0.0,0.0,0.0,0.0,0.0,2.0072617246596067,0.0,3.000147812376823,6.002497324295398,81720,0,0,0,49,UTAH
2360,490144,458.0,1445.3833476000052,3.1558588375545966,690.0,43.0,62.0,585.0,732.0274042371344,38.0,5.0,4.0,58.0,48.0,428.0,0.0,109.0,4.0145234493192135,0.0,8.000394166338195,30.012486621476985,79647,0,1307,0,49,UTAH
2397,490181,126.0,328.49621536363753,2.6071128203463294,0.0,0.0,0.0,0.0,93.02184414922064,0.0,0.0,0.0,0.0,0.0,0.0,0.0,0.0,4.0145234493192135,0.0,81.00399093417423,8.003329765727196,79647,0,0,0,49,UTAH
2399,490183,14.0,44.44360560802155,3.174543257715825,0.0,0.0,0.0,0.0,4.011308807705309,0.0,0.0,0.0,0.0,0.0,0.0,0.0,0.0,3.01089258698941,0.0,0.0,1.0004162207158995,79647,0,0,0,49,UTAH
2394,490178,0.0,0.0,0.0,385.0,217.0,0.0,168.0,515.0171499776083,0.0,217.0,0.0,0.0,19.0,70.0,79.0,0.0,3.01089258698941,0.0,127.00625739061884,0.0,81720,0,0,0,49,UTAH
2377,490161,321.0,999.9811261804848,3.1152060005622584,0.0,0.0,0.0,0.0,109.0345660139792,0.0,0.0,0.0,0.0,0.0,0.0,0.0,0.0,6.02178517397882,0.0,82.0040402049665,21.00874063503389,79422,0,0,0,49,UTAH
2431,490215,345.0,1377.751773848668,3.993483402459908,0.0,0.0,0.0,0.0,49.010854117064824,0.0,0.0,0.0,0.0,0.0,0.0,0.0,0.0,0.0,0.0,26.00128104059913,23.00957307646569,74058,0,0,0,49,UTAH
2433,490217,287.0,1133.3119430045494,3.948822101061148,111.0,36.0,4.0,71.0,130.00790819360208,36.0,0.0,0.0,4.0,8.0,30.0,0.0,33.0,0.0,0.0,0.0,19.00790819360209,69958,371,0,0,49,UTAH
2430,490214,151.0,587.4285262973283,3.890255141041909,0.0,0.0,0.0,0.0,10.004162207158997,0.0,0.0,0.0,0.0,0.0,0.0,0.0,0.0,0.0,0.0,0.0,10.004162207158997,79647,0,0,0,49,UTAH
2376,490160,253.0,801.9172316229975,3.1696333265731127,270.0,15.0,23.0,232.0,579.025044415052,15.0,0.0,0.0,23.0,11.0,96.0,0.0,125.0,1.0036308623298034,0.0,291.01433780055186,17.00707575217029,73446,988,0,0,49,UTAH
2419,490203,254.0,932.3495524291476,3.670667529248613,0.0,0.0,0.0,0.0,33.022190450996796,0.0,0.0,0.0,0.0,0.0,0.0,0.0,0.0,4.0145234493192135,0.0,12.000591249507291,17.00707575217029,79568,0,0,0,49,UTAH
2418,490202,651.0,2364.206585278885,3.631653740827781,2.0,0.0,1.0,1.0,135.02233186208838,0.0,0.0,0.0,1.0,0.0,0.0,0.0,1.0,0.0,0.0,90.0044343713047,43.01789749078368,79647,0,0,0,49,UTAH
2423,490207,607.0,2149.717879953216,3.541545107006946,44.0,16.0,8.0,20.0,92.01704299497418,15.0,1.0,0.0,8.0,5.0,1.0,7.0,7.0,0.0,0.0,8.000394166338195,40.01664882863598,79509,0,0,0,49,UTAH
2426,490210,268.0,1007.7104488949234,3.7601136152795647,243.0,109.0,1.0,133.0,261.0074919728862,109.0,0.0,1.0,0.0,10.0,61.0,1.0,61.0,0.0,0.0,0.0,18.007491972886193,79509,0,98,229,49,UTAH
2410,490194,0.0,0.0,0.0,36.0,0.0,0.0,36.0,164.0170514360237,0.0,0.0,0.0,0.0,0.0,4.0,32.0,0.0,3.01089258698941,0.0,125.00615884903429,0.0,81720,0,0,0,49,UTAH
2451,490235,65.0,203.86088659331625,3.136321332204865,0.0,0.0,0.0,0.0,4.001664882863598,0.0,0.0,0.0,0.0,0.0,0.0,0.0,0.0,0.0,0.0,0.0,4.001664882863598,91516,0,0,0,49,UTAH
2448,490232,105.0,283.0864444163112,2.69606137539344,0.0,0.0,0.0,0.0,7.002913545011297,0.0,0.0,0.0,0.0,0.0,0.0,0.0,0.0,0.0,0.0,0.0,7.002913545011297,91516,0,0,0,49,UTAH
2450,490234,510.0,1549.7292042449253,3.038684714205736,0.0,0.0,0.0,0.0,274.0256095445628,0.0,0.0,0.0,0.0,0.0,0.0,0.0,0.0,0.0,0.0,241.01187426093813,33.01373528362468,91516,0,0,0,49,UTAH
2445,490229,47.0,149.75562759224653,3.186289948771203,23.0,3.0,8.0,12.0,26.0012486621477,3.0,0.0,0.0,8.0,2.0,4.0,0.0,6.0,0.0,0.0,0.0,3.001248662147699,91516,0,0,0,49,UTAH
2454,490238,101.0,388.39846640053617,3.845529370302338,0.0,0.0,0.0,0.0,20.003554065310862,0.0,0.0,0.0,0.0,0.0,0.0,0.0,0.0,0.0,0.0,13.000640520299566,7.002913545011297,91516,0,0,0,49,UTAH
2453,490237,167.0,531.390936617649,3.181981656393108,0.0,0.0,0.0,0.0,183.0130530041461,0.0,0.0,0.0,0.0,0.0,0.0,0.0,0.0,0.0,0.0,172.0084745762712,11.004578427874897,91516,0,0,0,49,UTAH
2452,490236,166.0,519.7969525459912,3.1313069430481395,0.0,0.0,0.0,0.0,11.004578427874897,0.0,0.0,0.0,0.0,0.0,0.0,0.0,0.0,0.0,0.0,0.0,11.004578427874897,91516,0,0,0,49,UTAH
2443,490227,201.0,577.7668729042801,2.87446205425015,0.0,0.0,0.0,0.0,13.005410869306694,0.0,0.0,0.0,0.0,0.0,0.0,0.0,0.0,0.0,0.0,0.0,13.005410869306694,91516,0,0,0,49,UTAH
2459,490243,504.0,1820.255499250274,3.611618054068004,0.0,0.0,0.0,0.0,139.01895798760575,0.0,0.0,0.0,0.0,0.0,0.0,0.0,0.0,0.0,0.0,106.00522270398108,33.01373528362468,91516,0,0,0,49,UTAH
2461,490245,431.0,1508.1840946548182,3.4992670409624558,8.0,2.0,0.0,6.0,138.01667980085716,2.0,0.0,0.0,0.0,3.0,0.0,0.0,3.0,0.0,0.0,102.00502562081198,28.011654180045188,91516,0,0,0,49,UTAH
2462,490246,605.0,1983.537441592788,3.278574283624443,305.0,14.0,87.0,204.0,430.0208368459793,14.0,0.0,0.0,87.0,18.0,137.0,11.0,38.0,0.0,0.0,85.00418801734332,40.01664882863598,104302,1152,0,0,49,UTAH
2463,490247,707.0,2572.8982985687257,3.6391772256983392,0.0,0.0,0.0,0.0,279.0306262475313,0.0,0.0,0.0,0.0,0.0,0.0,0.0,0.0,0.0,0.0,233.01148009459993,46.01914615293138,106764,0,0,0,49,UTAH
2465,490249,476.0,1740.0637760879742,3.655596168252047,0.0,0.0,0.0,0.0,325.0273884551215,0.0,0.0,0.0,0.0,0.0,0.0,0.0,0.0,0.0,0.0,294.01448561292864,31.012902842192887,105199,0,0,0,49,UTAH
2467,490251,342.0,1238.6239649887746,3.621707499967177,38.0,1.0,1.0,36.0,99.01107841664849,1.0,0.0,0.0,1.0,5.0,1.0,2.0,28.0,0.0,0.0,39.0019215608987,22.00915685574979,83446,0,0,0,49,UTAH
2469,490253,243.0,887.9059468211261,3.6539339375354976,487.0,3.0,3.0,481.0,583.0141827863739,3.0,0.0,0.0,3.0,95.0,109.0,132.0,145.0,1.0036308623298034,0.0,79.00389239258968,16.006659531454392,96951,888,0,0,49,UTAH
2466,490250,489.0,1827.018656625408,3.736234471626601,180.0,24.0,12.0,144.0,272.0162753104453,19.0,5.0,0.0,12.0,7.0,3.0,5.0,129.0,0.0,0.0,60.00295624753646,32.013319062908785,106764,0,0,0,49,UTAH
2468,490252,413.0,1479.1991344756736,3.581595967253447,3.0,1.0,0.0,2.0,39.01168139645976,1.0,0.0,0.0,0.0,0.0,0.0,0.0,2.0,0.0,0.0,9.00044343713047,27.01123795932929,96951,0,0,0,49,UTAH
2458,490242,0.0,0.0,0.0,0.0,0.0,0.0,0.0,0.0,0.0,0.0,0.0,0.0,0.0,0.0,0.0,0.0,0.0,0.0,0.0,0.0,96951,0,0,0,49,UTAH
2475,490259,316.0,943.9435365008056,2.9871630901924227,180.0,0.0,3.0,177.0,325.022013396351,0.0,0.0,2.0,1.0,48.0,8.0,118.0,3.0,2.0072617246596067,0.0,122.00601103665747,21.00874063503389,96951,0,0,0,49,UTAH
2473,490257,120.0,414.4849305617662,3.4540410880147183,0.0,0.0,0.0,0.0,11.014222352716606,0.0,0.0,0.0,0.0,0.0,0.0,0.0,0.0,3.01089258698941,0.0,0.0,8.003329765727196,96951,0,0,0,49,UTAH
2471,490255,715.0,2250.199075240917,3.14713157376352,0.0,0.0,0.0,0.0,47.01956237364728,0.0,0.0,0.0,0.0,0.0,0.0,0.0,0.0,0.0,0.0,0.0,47.01956237364728,96951,0,0,0,49,UTAH
2474,490258,120.0,383.5676397040121,3.196396997533434,78.0,0.0,2.0,76.0,89.01422235271662,0.0,0.0,2.0,0.0,17.0,13.0,44.0,2.0,3.01089258698941,0.0,0.0,8.003329765727196,96951,0,0,0,49,UTAH
2476,490260,563.0,1658.9058875863695,2.946546869602788,0.0,0.0,0.0,0.0,183.0297568852354,0.0,0.0,0.0,0.0,0.0,0.0,0.0,0.0,2.0072617246596067,0.0,144.0070949940875,37.01540016648829,70166,0,0,0,49,UTAH
2435,490219,848.0,2957.4321036120427,3.487537858033069,243.0,12.0,10.0,221.0,400.0390294847226,10.0,2.0,0.0,10.0,5.0,111.0,0.0,105.0,3.01089258698941,0.0,98.00482853764288,56.023308360090375,78311,1349,0,0,49,UTAH
2432,490216,492.0,1885.9547423230013,3.833241346184962,0.0,0.0,0.0,0.0,35.01346687528561,0.0,0.0,0.0,0.0,0.0,0.0,0.0,0.0,0.0,0.0,3.000147812376823,32.013319062908785,79422,0,0,0,49,UTAH
2437,490221,759.0,3005.740370577284,3.9601322405497807,0.0,0.0,0.0,0.0,80.0222891595632,0.0,0.0,0.0,0.0,0.0,0.0,0.0,0.0,0.0,0.0,30.00147812376823,50.02081103579498,75827,0,0,0,49,UTAH
2436,490220,469.0,1860.8344435010763,3.9676640586376895,21.0,7.0,0.0,14.0,129.016696693198,7.0,0.0,0.0,0.0,6.0,0.0,4.0,4.0,0.0,0.0,77.00379385100513,31.012902842192887,78311,0,0,0,49,UTAH
2434,490218,602.0,2456.958457852148,4.08132634194709,342.0,90.0,6.0,246.0,407.0175136485192,33.0,57.0,2.0,4.0,26.0,66.0,91.0,63.0,0.0,0.0,26.00128104059913,39.01623260792008,76751,965,0,0,49,UTAH
2479,490263,343.0,1268.575090507224,3.69846965162456,1081.0,208.0,90.0,783.0,1126.0138716755096,208.0,0.0,13.0,77.0,228.0,94.0,136.0,325.0,1.0036308623298034,0.0,22.001083957430037,22.00915685574979,96951,0,1266,0,49,UTAH
2470,490254,453.0,1838.6126406970652,4.05874755120765,0.0,0.0,0.0,0.0,30.012486621476985,0.0,0.0,0.0,0.0,0.0,0.0,0.0,0.0,0.0,0.0,0.0,30.012486621476985,83446,0,0,0,49,UTAH
2500,490284,1251.0,4530.349276000284,3.621382314948269,267.0,7.0,27.0,233.0,500.0415699883372,7.0,0.0,4.0,23.0,35.0,78.0,14.0,106.0,0.0,0.0,151.00743988963342,82.03413009870376,83446,903,0,0,49,UTAH
2501,490285,351.0,1049.2555584850304,2.989332075455927,8.0,1.0,0.0,7.0,69.01502695810964,1.0,0.0,0.0,0.0,3.0,0.0,0.0,4.0,1.0036308623298034,0.0,37.00182301931415,23.00957307646569,70166,0,0,0,49,UTAH
2502,490286,33.0,80.19172316229975,2.4300522170393863,9.0,0.0,1.0,8.0,17.011872840798034,0.0,0.0,1.0,0.0,3.0,0.0,2.0,3.0,3.01089258698941,0.0,3.000147812376823,2.000832441431799,70166,0,0,0,49,UTAH
2503,490287,232.0,785.4924208548157,3.385743193339722,294.0,51.0,14.0,229.0,310.00987417306834,47.0,4.0,0.0,14.0,44.0,5.0,38.0,142.0,1.0036308623298034,0.0,0.0,15.006243310738492,70166,0,0,0,49,UTAH
2504,490288,372.0,1283.067570596796,3.4491063725720323,0.0,0.0,0.0,0.0,47.018285708478956,0.0,0.0,0.0,0.0,0.0,0.0,0.0,0.0,2.0072617246596067,0.0,21.001034686637762,24.00998929718159,70166,0,0,0,49,UTAH
2505,490289,29.0,95.6503685911768,3.2982885721095454,3.0,0.0,0.0,3.0,139.0110163191341,0.0,0.0,0.0,0.0,0.0,0.0,2.0,1.0,1.0036308623298034,0.0,133.00655301537248,2.000832441431799,70166,0,0,0,49,UTAH
2498,490282,115.0,349.7518528283435,3.0413204593769,400.0,32.0,34.0,334.0,409.006960628057,19.0,13.0,0.0,34.0,29.0,10.0,93.0,202.0,1.0036308623298034,0.0,0.0,8.003329765727196,70166,0,0,0,49,UTAH
2497,490281,344.0,1113.0224708791484,3.235530438602176,168.0,2.0,0.0,166.0,192.0132039387955,0.0,2.0,0.0,0.0,50.0,3.0,106.0,7.0,1.0036308623298034,0.0,0.0,23.00957307646569,70166,0,0,0,49,UTAH
2499,490283,382.0,1365.1916244377055,3.573800063973051,1013.0,14.0,43.0,956.0,1161.0272105999597,4.0,10.0,25.0,18.0,423.0,12.0,258.0,263.0,3.01089258698941,0.0,120.00591249507292,25.01040551789749,70166,0,0,0,49,UTAH
2493,490277,333.0,1301.4247120435875,3.908182318449212,0.0,0.0,0.0,0.0,22.00915685574979,0.0,0.0,0.0,0.0,0.0,0.0,0.0,0.0,0.0,0.0,0.0,22.00915685574979,96415,0,0,0,49,UTAH
2492,490276,383.0,1341.037490955085,3.501403370639909,245.0,10.0,23.0,212.0,418.01769759515406,10.0,0.0,0.0,23.0,28.0,28.0,0.0,156.0,0.0,0.0,148.0072920772566,25.01040551789749,96415,0,0,0,49,UTAH
2491,490275,421.0,1356.496136383962,3.222081084047416,0.0,0.0,0.0,0.0,166.02203514091656,0.0,0.0,0.0,0.0,0.0,0.0,0.0,0.0,1.0036308623298034,0.0,137.00675009854157,28.011654180045188,96415,0,0,0,49,UTAH
2494,490278,64.0,187.4360758251344,2.9286886847677245,490.0,15.0,45.0,430.0,495.00529574519345,11.0,4.0,6.0,39.0,108.0,48.0,40.0,234.0,1.0036308623298034,0.0,0.0,4.001664882863598,96415,0,0,0,49,UTAH
2511,490295,163.0,486.9473310096274,2.9874069387093707,99.0,44.0,0.0,55.0,112.01184015253449,37.0,7.0,0.0,0.0,3.0,0.0,6.0,46.0,2.0072617246596067,0.0,0.0,11.004578427874897,70166,0,0,0,49,UTAH
2513,490297,563.0,1893.68406503744,3.36355961818373,788.0,232.0,2.0,554.0,825.0154001664882,45.0,187.0,0.0,2.0,90.0,263.0,125.0,76.0,0.0,0.0,0.0,37.01540016648829,70166,0,0,0,49,UTAH
2514,490298,91.0,277.28945238048226,3.047136839345959,192.0,104.0,1.0,87.0,200.009759048955,14.0,90.0,1.0,0.0,14.0,6.0,11.0,56.0,2.0072617246596067,0.0,0.0,6.002497324295398,70166,0,0,0,49,UTAH
2427,490211,779.0,2857.9170736636465,3.6686997094526914,189.0,3.0,3.0,183.0,242.02132579809543,3.0,0.0,1.0,2.0,118.0,2.0,24.0,39.0,0.0,0.0,2.0000985415845487,51.02122725651088,96415,0,0,0,49,UTAH
2429,490213,0.0,0.0,0.0,498.0,0.0,0.0,498.0,498.0,0.0,0.0,0.0,0.0,117.0,85.0,99.0,197.0,0.0,0.0,0.0,0.0,102760,0,0,0,49,UTAH
2421,490205,374.0,1398.0412459740692,3.7380781977916286,357.0,51.0,21.0,285.0,394.0106298174811,44.0,7.0,2.0,19.0,34.0,104.0,21.0,126.0,0.0,0.0,13.000640520299566,24.00998929718159,102760,1140,0,0,49,UTAH
2518,490302,28.0,89.85337655534792,3.2090491626909974,0.0,0.0,0.0,0.0,2.000832441431799,0.0,0.0,0.0,0.0,0.0,0.0,0.0,0.0,0.0,0.0,0.0,2.000832441431799,87096,0,0,0,49,UTAH
2521,490305,47.0,155.55261962807543,3.309630204852669,26.0,0.0,0.0,26.0,267.02013829378404,0.0,0.0,0.0,0.0,15.0,0.0,8.0,3.0,2.0072617246596067,0.0,236.01162790697674,3.001248662147699,107045,0,0,0,49,UTAH
2524,490308,1089.0,3605.7290462855744,3.3110459561851004,102.0,2.0,1.0,99.0,173.02955167082888,2.0,0.0,1.0,0.0,15.0,5.0,13.0,66.0,0.0,0.0,0.0,71.02955167082887,106434,0,0,0,49,UTAH
2522,490306,0.0,0.0,0.0,1174.0,552.0,4.0,618.0,1177.0001478123768,438.0,114.0,4.0,0.0,16.0,90.0,96.0,416.0,0.0,0.0,3.000147812376823,0.0,107045,0,0,0,49,UTAH
2525,490309,115.0,382.60147436470726,3.326969342301802,313.0,4.0,1.0,308.0,321.0033297657272,2.0,2.0,0.0,1.0,4.0,61.0,34.0,209.0,0.0,0.0,0.0,8.003329765727196,107045,958,0,0,49,UTAH
2526,490310,1377.0,4648.221447395471,3.375614703990901,411.0,27.0,27.0,357.0,509.03785403076915,27.0,0.0,3.0,24.0,112.0,98.0,14.0,133.0,0.0,0.0,8.000394166338195,90.03745986443096,91670,969,0,0,49,UTAH
2519,490303,285.0,856.0224906240672,3.003587686400236,0.0,0.0,0.0,0.0,318.02622175202964,0.0,0.0,0.0,0.0,0.0,0.0,0.0,0.0,1.0036308623298034,0.0,298.01468269609774,19.00790819360209,91670,0,0,0,49,UTAH
2527,490311,109.0,371.9736556323543,3.412602345250957,5.0,1.0,0.0,4.0,28.014446652300272,1.0,0.0,0.0,0.0,0.0,0.0,0.0,4.0,3.01089258698941,0.0,13.000640520299566,7.002913545011297,91670,0,0,0,49,UTAH
2520,490304,554.0,1701.4171625157817,3.071150112844371,0.0,0.0,0.0,0.0,160.02467511555193,0.0,0.0,0.0,0.0,0.0,0.0,0.0,0.0,1.0036308623298034,0.0,123.00606030744974,36.014983945772386,91670,0,0,0,49,UTAH
2586,490370,358.0,1225.097650238507,3.422060475526556,18.0,3.0,2.0,13.0,197.02442250313555,0.0,3.0,1.0,1.0,0.0,1.0,3.0,9.0,2.0072617246596067,0.0,154.00758770201026,23.00957307646569,91670,0,0,0,49,UTAH
2523,490307,491.0,1613.4961166390433,3.2861428037455056,754.0,325.0,6.0,423.0,833.0156347901457,56.0,269.0,4.0,2.0,119.0,12.0,125.0,167.0,0.0,0.0,47.0023157272369,32.013319062908785,107045,0,0,0,49,UTAH
2551,490335,172.0,576.8007075649754,3.35349248584288,209.0,12.0,11.0,186.0,223.0154710148643,2.0,10.0,0.0,11.0,44.0,7.0,108.0,27.0,3.01089258698941,0.0,0.0,11.004578427874897,107045,0,0,0,49,UTAH
2553,490337,530.0,1739.0976107486692,3.2813162466956025,0.0,0.0,0.0,0.0,200.03344218039433,0.0,0.0,0.0,0.0,0.0,0.0,0.0,0.0,3.01089258698941,0.0,162.00798186834845,35.01456772505648,107045,0,0,0,49,UTAH
2552,490336,419.0,1349.7329790088284,3.221319758970951,172.0,46.0,3.0,123.0,711.0400461965113,46.0,0.0,0.0,3.0,4.0,9.0,0.0,110.0,1.0036308623298034,0.0,511.0251773748522,27.01123795932929,107045,0,0,0,49,UTAH
2556,490340,103.0,315.93606595267494,3.067340446142475,14.0,0.0,0.0,14.0,24.013806132000706,0.0,0.0,0.0,0.0,3.0,0.0,1.0,10.0,3.01089258698941,0.0,0.0,7.002913545011297,85040,0,0,0,49,UTAH
2554,490338,1094.0,3578.67641678504,3.2711850244835827,0.0,0.0,0.0,0.0,78.03384510783594,0.0,0.0,0.0,0.0,0.0,0.0,0.0,0.0,1.0036308623298034,0.0,5.000246353961372,72.02996789154477,107045,0,0,0,49,UTAH
2589,490373,67.0,270.5262950053486,4.037705895602217,0.0,0.0,0.0,0.0,5.0052957451934015,0.0,0.0,0.0,0.0,0.0,0.0,0.0,0.0,1.0036308623298034,0.0,0.0,4.001664882863598,107045,0,0,0,49,UTAH
2592,490376,713.0,2302.3720035633773,3.229133244829421,0.0,0.0,0.0,0.0,75.03168673044355,0.0,0.0,0.0,0.0,0.0,0.0,0.0,0.0,3.01089258698941,0.0,25.001231769806857,47.01956237364728,107045,0,0,0,49,UTAH
2593,490377,461.0,1557.4585269593638,3.378434982558273,235.0,10.0,15.0,210.0,265.01248662147697,10.0,0.0,1.0,14.0,33.0,17.0,0.0,160.0,0.0,0.0,0.0,30.012486621476985,85040,511,0,0,49,UTAH
2598,490382,0.0,0.0,0.0,1582.0,196.0,333.0,1053.0,1582.0,196.0,0.0,1.0,332.0,144.0,245.0,0.0,664.0,0.0,0.0,0.0,0.0,87096,0,0,0,49,UTAH
2528,490312,354.0,1298.5262160256732,3.668153152614896,0.0,0.0,0.0,0.0,25.016834801125295,0.0,0.0,0.0,0.0,0.0,0.0,0.0,0.0,2.0072617246596067,0.0,0.0,23.00957307646569,96089,0,0,0,49,UTAH
2529,490313,300.0,1003.8457875377042,3.346152625125681,0.0,0.0,0.0,0.0,24.022847863637203,0.0,0.0,0.0,0.0,0.0,0.0,0.0,0.0,4.0145234493192135,0.0,0.0,20.00832441431799,83312,0,0,0,49,UTAH
2534,490318,381.0,1331.3758375620368,3.494424770504034,0.0,0.0,0.0,0.0,49.018751199987136,0.0,0.0,0.0,0.0,0.0,0.0,0.0,0.0,2.0072617246596067,0.0,22.001083957430037,25.01040551789749,83312,0,0,0,49,UTAH
2533,490317,295.0,1049.2555584850304,3.556798503339086,0.0,0.0,0.0,0.0,20.011539055931895,0.0,0.0,0.0,0.0,0.0,0.0,0.0,0.0,1.0036308623298034,0.0,0.0,19.00790819360209,95907,0,0,0,49,UTAH
2532,490316,385.0,1414.466056742251,3.6739378097201327,105.0,5.0,14.0,86.0,131.01403638022728,5.0,0.0,0.0,14.0,22.0,0.0,2.0,62.0,1.0036308623298034,0.0,0.0,25.01040551789749,95907,0,0,0,49,UTAH
2530,490314,300.0,1056.984881199469,3.5232829373315635,0.0,0.0,0.0,0.0,45.01313777566237,0.0,0.0,0.0,0.0,0.0,0.0,0.0,0.0,1.0036308623298034,0.0,24.001182499014583,20.00832441431799,96089,0,0,0,49,UTAH
2538,490322,78.0,256.0338149157763,3.2824848066125165,259.0,5.0,5.0,249.0,300.00385485210137,5.0,0.0,0.0,5.0,59.0,68.0,0.0,122.0,0.0,0.0,36.00177374852188,5.002081103579497,96089,850,0,0,49,UTAH
2539,490323,124.0,484.04883499171297,3.903619637029944,45.0,0.0,0.0,45.0,53.003329765727194,0.0,0.0,0.0,0.0,4.0,1.0,35.0,5.0,0.0,0.0,0.0,8.003329765727196,96086,0,0,0,49,UTAH
2542,490326,461.0,1768.0825709278138,3.835320110472481,14.0,0.0,0.0,14.0,55.013028600192,0.0,0.0,0.0,0.0,9.0,0.0,1.0,4.0,0.0,0.0,11.000541978715018,30.012486621476985,74290,0,0,0,49,UTAH
2536,490320,157.0,585.4961956187187,3.729275131329419,279.0,0.0,2.0,277.0,314.0125571600409,0.0,0.0,0.0,2.0,194.0,3.0,45.0,35.0,2.0072617246596067,0.0,23.00113322822231,10.004162207158997,93988,0,0,0,49,UTAH
2535,490319,654.0,2395.1238761366394,3.662268923756329,0.0,0.0,0.0,0.0,107.03179559610183,0.0,0.0,0.0,0.0,0.0,0.0,0.0,0.0,3.01089258698941,0.0,61.003005518328735,43.01789749078368,93988,0,0,0,49,UTAH
2544,490328,181.0,646.3646119949221,3.571075204391835,23.0,1.0,0.0,22.0,50.00931530201244,1.0,0.0,0.0,0.0,0.0,0.0,11.0,11.0,1.0036308623298034,0.0,14.00068979109184,12.004994648590795,89516,0,0,0,49,UTAH
2545,490329,104.0,390.3307970791458,3.753180741145632,162.0,2.0,38.0,122.0,171.0101752696709,2.0,0.0,1.0,37.0,78.0,2.0,35.0,7.0,2.0072617246596067,0.0,0.0,7.002913545011297,83145,0,0,0,49,UTAH
2549,490333,0.0,0.0,0.0,688.0,87.0,54.0,547.0,688.0,24.0,63.0,3.0,51.0,180.0,56.0,89.0,222.0,0.0,0.0,0.0,0.0,80705,0,0,0,49,UTAH
2550,490334,17.0,45.409770947326365,2.671162996901551,679.0,160.0,36.0,483.0,680.0004162207159,35.0,125.0,7.0,29.0,60.0,8.0,156.0,259.0,0.0,0.0,0.0,1.0004162207158995,80705,0,0,0,49,UTAH
2548,490332,284.0,906.2630882679176,3.191067212210978,893.0,219.0,112.0,562.0,912.0079081936021,214.0,5.0,1.0,111.0,158.0,137.0,15.0,252.0,0.0,0.0,0.0,19.00790819360209,80705,0,0,0,49,UTAH
2547,490331,178.0,566.1728888326223,3.180746566475406,562.0,142.0,8.0,412.0,574.0049946485908,121.0,21.0,8.0,0.0,39.0,24.0,69.0,280.0,0.0,0.0,0.0,12.004994648590795,54694,0,0,0,49,UTAH
2546,490330,205.0,624.1428091909113,3.044599069223957,160.0,43.0,1.0,116.0,180.0057557648526,2.0,41.0,0.0,1.0,9.0,56.0,4.0,47.0,0.0,0.0,7.00034489554592,13.005410869306694,54694,0,0,0,49,UTAH
2543,490327,434.0,1457.9434970109678,3.3593168133893268,276.0,41.0,6.0,229.0,366.0147089691662,41.0,0.0,1.0,5.0,1.0,54.0,27.0,147.0,0.0,0.0,62.00305478912101,28.011654180045188,66552,783,0,0,49,UTAH
2570,490354,100.0,313.0375699347605,3.1303756993476046,1403.0,282.0,112.0,1009.0,1410.0029135450113,196.0,86.0,86.0,26.0,66.0,132.0,20.0,791.0,0.0,0.0,0.0,7.002913545011297,76187,0,0,1617,49,UTAH
2569,490353,237.0,752.6427993184519,3.175708014001907,421.0,5.0,50.0,366.0,437.0066595314544,5.0,0.0,4.0,46.0,70.0,99.0,115.0,82.0,0.0,0.0,0.0,16.006659531454392,67297,0,0,0,49,UTAH
2568,490352,206.0,634.7706279232643,3.0814108151614774,792.0,35.0,23.0,734.0,805.0054108693067,25.0,10.0,23.0,0.0,53.0,79.0,83.0,519.0,0.0,0.0,0.0,13.005410869306694,70166,0,0,0,49,UTAH
2572,490356,204.0,642.4999506377028,3.1495095619495235,1165.0,273.0,44.0,848.0,1192.0061006603985,273.0,0.0,13.0,31.0,87.0,90.0,30.0,641.0,0.0,0.0,14.00068979109184,13.005410869306694,81410,609,0,0,49,UTAH
2571,490355,320.0,970.0300006620356,3.031343752068861,67.0,2.0,0.0,65.0,88.00874063503389,2.0,0.0,0.0,0.0,3.0,40.0,0.0,22.0,0.0,0.0,0.0,21.00874063503389,73538,0,0,0,49,UTAH
2559,490343,82.0,252.16915355855704,3.075233579982403,228.0,64.0,21.0,143.0,249.00286943625588,64.0,0.0,1.0,20.0,5.0,6.0,50.0,82.0,0.0,0.0,16.00078833267639,5.002081103579497,82474,0,0,0,49,UTAH
2541,490325,556.0,2043.4396926296863,3.6752512457368463,1266.0,58.0,48.0,1160.0,1332.0164620695407,57.0,1.0,8.0,40.0,291.0,36.0,153.0,680.0,0.0,0.0,30.00147812376823,36.014983945772386,74290,0,0,0,49,UTAH
2557,490341,182.0,701.4360363352966,3.854044155688443,808.0,571.0,6.0,231.0,820.0049946485908,560.0,11.0,4.0,2.0,14.0,145.0,1.0,71.0,0.0,0.0,0.0,12.004994648590795,77253,0,2002,0,49,UTAH
2562,490346,140.0,393.2292930970602,2.8087806649790017,165.0,4.0,26.0,135.0,174.0037459864431,4.0,0.0,14.0,12.0,6.0,16.0,0.0,113.0,0.0,0.0,0.0,9.003745986443096,68933,0,0,0,49,UTAH
2560,490344,160.0,594.191683672462,3.713698022952888,245.0,29.0,7.0,209.0,275.00514762300446,29.0,0.0,0.0,7.0,16.0,73.0,0.0,120.0,0.0,0.0,20.000985415845488,10.004162207158997,77253,477,125,0,49,UTAH
2537,490321,342.0,1282.1014052574913,3.748834518296758,66.0,1.0,3.0,62.0,95.0202465259083,1.0,0.0,0.0,3.0,10.0,0.0,43.0,9.0,3.01089258698941,0.0,4.000197083169097,22.00915685574979,77253,0,0,0,49,UTAH
2565,490349,37.0,131.39848614545502,3.551310436363649,0.0,0.0,0.0,0.0,41.00633559386803,0.0,0.0,0.0,0.0,0.0,0.0,0.0,0.0,1.0036308623298034,0.0,38.00187229010643,2.000832441431799,112546,0,0,0,49,UTAH
2564,490348,216.0,864.7179786778106,4.003323975360234,39.0,5.0,5.0,29.0,54.00945795235239,5.0,0.0,0.0,5.0,19.0,1.0,0.0,9.0,1.0036308623298034,0.0,0.0,14.005827090022594,112546,0,0,0,49,UTAH
2563,490347,131.0,474.3871815986648,3.621276195409655,0.0,0.0,0.0,0.0,13.007524661149723,0.0,0.0,0.0,0.0,0.0,0.0,0.0,0.0,1.0036308623298034,0.0,3.000147812376823,9.003745986443096,77253,0,0,0,49,UTAH
2567,490351,252.0,905.2969229286128,3.5924481068595746,3.0,0.0,3.0,0.0,139.01652056798847,0.0,0.0,0.0,3.0,0.0,0.0,0.0,0.0,1.0036308623298034,0.0,118.00581395348837,17.00707575217029,93596,0,0,0,49,UTAH
2579,490363,259.0,788.3909168727301,3.043980374025985,485.0,56.0,4.0,425.0,526.0082582511849,56.0,0.0,0.0,4.0,40.0,143.0,0.0,242.0,0.0,0.0,24.001182499014583,17.00707575217029,71196,0,1332,0,49,UTAH
2578,490362,269.0,892.7367735176502,3.3187240651213763,241.0,44.0,1.0,196.0,259.0074919728862,44.0,0.0,1.0,0.0,4.0,63.0,5.0,124.0,0.0,0.0,0.0,18.007491972886193,66634,718,0,0,49,UTAH
2584,490368,392.0,1597.0713058708614,4.074161494568524,0.0,0.0,0.0,0.0,29.01096955099021,0.0,0.0,0.0,0.0,0.0,0.0,0.0,0.0,0.0,0.0,3.000147812376823,26.010821738613387,129697,0,0,0,49,UTAH
2583,490367,326.0,1058.917211878079,3.2482123063744743,0.0,0.0,0.0,0.0,65.01090854989397,0.0,0.0,0.0,0.0,0.0,0.0,0.0,0.0,0.0,0.0,44.002167914860074,21.00874063503389,86845,0,0,0,49,UTAH
2582,490366,192.0,585.4961956187187,3.049459352180827,0.0,0.0,0.0,0.0,13.005410869306694,0.0,0.0,0.0,0.0,0.0,0.0,0.0,0.0,0.0,0.0,0.0,13.005410869306694,89000,0,0,0,49,UTAH
2581,490365,474.0,1652.142730211236,3.4855331860996537,0.0,0.0,0.0,0.0,52.01393752883065,0.0,0.0,0.0,0.0,0.0,0.0,0.0,0.0,0.0,0.0,21.001034686637762,31.012902842192887,89230,0,0,0,49,UTAH
2573,490357,314.0,1022.2029289844957,3.2554233407149544,237.0,20.0,5.0,212.0,259.0123714973637,13.0,7.0,2.0,3.0,36.0,83.0,23.0,70.0,1.0036308623298034,0.0,0.0,21.00874063503389,77804,0,0,0,49,UTAH
2615,490399,338.0,1241.522461006689,3.6731433757594343,0.0,0.0,0.0,0.0,58.010930604271664,0.0,0.0,0.0,0.0,0.0,0.0,0.0,0.0,0.0,0.0,36.00177374852188,22.00915685574979,96918,0,0,0,49,UTAH
2616,490400,314.0,1142.9735963975977,3.640043300629292,0.0,0.0,0.0,0.0,92.9373608205074,0.0,0.0,0.0,0.0,0.0,0.0,0.0,0.0,0.0,49.927536228043465,22.001083957430037,21.00874063503389,89205,0,0,0,49,UTAH
2585,490369,291.0,935.2480484470622,3.213910819405712,0.0,0.0,0.0,0.0,33.008597984693935,0.0,0.0,0.0,0.0,0.0,0.0,0.0,0.0,0.0,0.0,14.00068979109184,19.00790819360209,86845,0,0,0,49,UTAH
2617,490401,192.0,689.8420522636388,3.5929273555397856,0.0,0.0,0.0,0.0,17.005607952475792,0.0,0.0,0.0,0.0,0.0,0.0,0.0,0.0,0.0,0.0,4.000197083169097,13.005410869306694,103369,0,0,0,49,UTAH
2621,490405,286.0,1011.5751102521426,3.536975909972526,0.0,0.0,0.0,0.0,30.689264695736703,0.0,0.0,0.0,0.0,0.0,0.0,0.0,0.0,0.0,7.681159418965517,4.000197083169097,19.00790819360209,123639,0,0,0,49,UTAH
2620,490404,131.0,467.6240242235311,3.569649039874283,1027.0,394.0,0.0,633.0,1063.0050762978346,394.0,0.0,0.0,0.0,24.0,337.0,3.0,269.0,0.0,0.0,27.001330311391406,9.003745986443096,103369,0,0,2989,49,UTAH
2619,490403,407.0,1464.7066543861015,3.5987878486145,313.0,33.0,1.0,279.0,347.0115828548752,33.0,0.0,0.0,1.0,29.0,71.0,9.0,170.0,0.0,0.0,7.00034489554592,27.01123795932929,132678,999,0,0,49,UTAH
2626,490410,91.0,303.37591654171234,3.3338012806781574,915.0,339.0,8.0,568.0,921.0024973242954,282.0,57.0,7.0,1.0,68.0,46.0,136.0,318.0,0.0,0.0,0.0,6.002497324295398,127755,0,0,0,49,UTAH
2625,490409,183.0,662.789422763104,3.6218001243885465,498.0,61.0,2.0,435.0,582.0085421456346,60.0,1.0,2.0,0.0,78.0,85.0,94.0,178.0,0.0,0.0,72.00354749704375,12.004994648590795,123256,647,78,0,49,UTAH
2624,490408,277.0,974.8608273585596,3.519353167359421,39.0,0.0,0.0,39.0,57.00749197288619,0.0,0.0,0.0,0.0,10.0,2.0,5.0,22.0,0.0,0.0,0.0,18.007491972886193,103369,0,0,0,49,UTAH
2623,490407,369.0,1277.2705785609671,3.461437882279044,173.0,27.0,4.0,142.0,197.0099892971816,1.0,26.0,2.0,2.0,21.0,3.0,81.0,37.0,0.0,0.0,0.0,24.00998929718159,132678,0,0,0,49,UTAH
2618,490402,284.0,1010.6089449128378,3.558482200397316,266.0,67.0,21.0,178.0,294.00835163073253,67.0,0.0,0.0,21.0,42.0,28.0,31.0,77.0,0.0,0.0,9.00044343713047,19.00790819360209,132678,0,0,0,49,UTAH
2647,490431,0.0,0.0,0.0,96.0,1.0,2.0,93.0,98.0072617246596,0.0,1.0,2.0,0.0,28.0,3.0,52.0,10.0,2.0072617246596067,0.0,0.0,0.0,152001,0,0,0,49,UTAH
2648,490432,0.0,0.0,0.0,2032.0,30.0,1725.0,277.0,2032.0,0.0,30.0,1702.0,23.0,97.0,29.0,23.0,128.0,0.0,0.0,0.0,0.0,152001,0,0,0,49,UTAH
2646,490430,33.0,111.10901402005388,3.366939818789511,612.0,38.0,16.0,558.0,616.0080941660915,22.0,16.0,6.0,10.0,122.0,158.0,33.0,245.0,2.0072617246596067,0.0,0.0,2.000832441431799,109972,799,0,0,49,UTAH
2645,490429,364.0,1200.9435167558863,3.299295375702985,38.0,1.0,4.0,33.0,302.0218142873274,1.0,0.0,0.0,4.0,3.0,11.0,0.0,19.0,0.0,0.0,240.01182499014584,24.00998929718159,109972,0,0,0,49,UTAH
2622,490406,169.0,573.9022115470609,3.395871074242964,164.0,0.0,0.0,164.0,175.0045784278749,0.0,0.0,0.0,0.0,29.0,4.0,0.0,131.0,0.0,0.0,0.0,11.004578427874897,132678,0,0,0,49,UTAH
2650,490434,0.0,0.0,0.0,0.0,0.0,0.0,0.0,3.01089258698941,0.0,0.0,0.0,0.0,0.0,0.0,0.0,0.0,3.01089258698941,0.0,0.0,0.0,128261,0,0,0,49,UTAH
2649,490433,357.0,1175.8232179339614,3.2936224591987715,0.0,0.0,0.0,0.0,177.02074237001347,0.0,0.0,0.0,0.0,0.0,0.0,0.0,0.0,1.0036308623298034,0.0,153.00753843121797,23.00957307646569,109972,0,0,0,49,UTAH
2612,490396,687.0,2303.338168902682,3.3527484263503378,0.0,0.0,0.0,0.0,45.01872993221548,0.0,0.0,0.0,0.0,0.0,0.0,0.0,0.0,0.0,0.0,0.0,45.01872993221548,51324,0,0,0,49,UTAH
2609,490393,0.0,0.0,0.0,736.0,8.0,1.0,727.0,737.0036308623298,5.0,3.0,1.0,0.0,99.0,44.0,570.0,14.0,1.0036308623298034,0.0,0.0,0.0,51324,0,0,0,49,UTAH
2610,490394,0.0,0.0,0.0,2426.0,8.0,21.0,2397.0,2427.00363086233,8.0,0.0,15.0,6.0,2308.0,34.0,54.0,1.0,1.0036308623298034,0.0,0.0,0.0,51324,0,0,0,49,UTAH
2604,490388,0.0,0.0,0.0,3112.0,132.0,1.0,2979.0,3112.0,121.0,11.0,1.0,0.0,2191.0,191.0,16.0,581.0,0.0,0.0,0.0,0.0,75570,0,0,0,49,UTAH
2614,490398,1.0,3.864661357219265,3.864661357219265,1007.0,24.0,29.0,954.0,1007.0,23.0,1.0,6.0,23.0,510.0,119.0,123.0,202.0,0.0,0.0,0.0,0.0,51324,698,0,0,49,UTAH
2608,490392,0.0,0.0,0.0,820.0,359.0,0.0,461.0,821.0036308623298,35.0,324.0,0.0,0.0,183.0,54.0,84.0,140.0,1.0036308623298034,0.0,0.0,0.0,51324,0,0,0,49,UTAH
2574,490358,299.0,928.4848910719284,3.10530063903655,829.0,64.0,370.0,395.0,1062.7191591652597,64.0,0.0,104.0,266.0,95.0,14.0,5.0,281.0,0.0,199.71014495985003,14.00068979109184,20.00832441431799,74404,0,0,0,49,UTAH
2601,490385,0.0,0.0,0.0,155.0,3.0,1.0,151.0,155.0,0.0,3.0,1.0,0.0,83.0,62.0,0.0,6.0,0.0,0.0,0.0,0.0,75570,0,0,0,49,UTAH
2600,490384,267.0,975.8269926978644,3.6547827441867584,22.0,1.0,1.0,20.0,40.010706614500094,1.0,0.0,0.0,1.0,3.0,0.0,1.0,16.0,1.0036308623298034,0.0,0.0,17.00707575217029,75570,0,0,0,49,UTAH
2599,490383,0.0,0.0,0.0,344.0,1.0,2.0,341.0,344.0,0.0,1.0,2.0,0.0,234.0,76.0,0.0,31.0,0.0,0.0,0.0,0.0,75570,0,0,0,49,UTAH
2594,490378,460.0,1614.462281978348,3.509700612996409,152.0,6.0,9.0,137.0,207.01371839128385,3.0,3.0,0.0,9.0,80.0,4.0,0.0,53.0,0.0,0.0,25.001231769806857,30.012486621476985,85040,0,0,0,49,UTAH
2566,490350,304.0,1086.9360067179184,3.5754473905194684,241.0,6.0,11.0,224.0,267.0122016306091,6.0,0.0,0.0,11.0,53.0,45.0,7.0,119.0,1.0036308623298034,0.0,5.000246353961372,20.00832441431799,93596,669,0,0,49,UTAH
2603,490387,0.0,0.0,0.0,1595.0,75.0,63.0,1457.0,1620.0048133613443,43.0,32.0,10.0,53.0,835.0,57.0,5.0,560.0,1.0036308623298034,0.0,24.001182499014583,0.0,75570,0,0,0,49,UTAH
2602,490386,0.0,0.0,0.0,443.0,8.0,6.0,429.0,443.0,4.0,4.0,0.0,6.0,186.0,159.0,4.0,80.0,0.0,0.0,0.0,0.0,75570,0,0,0,49,UTAH
2605,490389,0.0,0.0,0.0,1080.0,18.0,765.0,297.0,1080.0,15.0,3.0,364.0,401.0,140.0,82.0,3.0,72.0,0.0,0.0,0.0,0.0,75570,0,0,0,49,UTAH
2597,490381,159.0,558.4435661181839,3.512223686277886,247.0,16.0,21.0,210.0,257.00416220715897,16.0,0.0,1.0,20.0,77.0,55.0,0.0,78.0,0.0,0.0,0.0,10.004162207158997,85040,0,0,0,49,UTAH
2628,490412,0.0,0.0,0.0,632.0,365.0,0.0,267.0,632.0,52.0,313.0,0.0,0.0,251.0,6.0,2.0,8.0,0.0,0.0,0.0,0.0,72767,0,0,0,49,UTAH
2629,490413,746.0,2612.511077480224,3.50202557302979,998.0,38.0,111.0,849.0,1047.020394815079,28.0,10.0,59.0,52.0,563.0,68.0,134.0,84.0,0.0,0.0,0.0,49.02039481507908,72767,0,0,0,49,UTAH
2630,490414,2.0,3.0,1.5,23.0,0.0,1.0,22.0,23.0,0.0,0.0,0.0,1.0,1.0,0.0,19.0,2.0,0.0,0.0,0.0,0.0,72767,0,0,0,49,UTAH
2639,490423,666.0,2172.905848096532,3.262621393538336,0.0,0.0,0.0,0.0,125.02230464567381,0.0,0.0,0.0,0.0,0.0,0.0,0.0,0.0,0.0,0.0,81.00399093417423,44.01831371149958,109972,0,0,0,49,UTAH
2638,490422,133.0,424.14658395481433,3.189072059810634,0.0,0.0,0.0,0.0,23.004435777534937,0.0,0.0,0.0,0.0,0.0,0.0,0.0,0.0,0.0,0.0,14.00068979109184,9.003745986443096,109972,0,0,0,49,UTAH
2631,490415,0.0,0.0,0.0,1735.0,255.0,6.0,1474.0,1806.0034982262514,17.0,238.0,0.0,6.0,1365.0,8.0,2.0,99.0,0.0,0.0,71.00349822625148,0.0,100955,0,0,0,49,UTAH
2644,490428,535.0,1798.033696446263,3.3608106475631088,242.0,6.0,8.0,228.0,306.0159965780324,6.0,0.0,0.0,8.0,38.0,71.0,5.0,114.0,0.0,0.0,29.001428852975955,35.01456772505648,109972,710,0,0,49,UTAH
2636,490420,778.0,2610.5787468016138,3.355499674552203,0.0,0.0,0.0,0.0,55.02142433967998,0.0,0.0,0.0,0.0,0.0,0.0,0.0,0.0,0.0,0.0,4.000197083169097,51.02122725651088,101097,0,0,0,49,UTAH
2641,490425,305.0,973.8946620192548,3.193097252522147,0.0,0.0,0.0,0.0,20.00832441431799,0.0,0.0,0.0,0.0,0.0,0.0,0.0,0.0,0.0,0.0,0.0,20.00832441431799,101939,0,0,0,49,UTAH
2640,490424,0.0,0.0,0.0,10.0,1.0,2.0,7.0,12.007261724659607,1.0,0.0,2.0,0.0,1.0,3.0,0.0,3.0,2.0072617246596067,0.0,0.0,0.0,100955,0,0,0,49,UTAH
2642,490426,0.0,0.0,0.0,8.0,0.0,5.0,3.0,8.0,0.0,0.0,0.0,5.0,1.0,0.0,0.0,2.0,0.0,0.0,0.0,0.0,109972,0,0,0,49,UTAH
2665,490449,509.0,1783.541216356691,3.504010248244972,470.0,14.0,50.0,406.0,729.0284520742163,13.0,1.0,0.0,50.0,103.0,75.0,73.0,155.0,1.0036308623298034,0.0,225.01108592826174,33.01373528362468,140614,927,0,0,49,UTAH
2667,490451,342.0,1321.7141841689886,3.8646613572192647,390.0,128.0,11.0,251.0,513.017714797307,47.0,81.0,7.0,4.0,38.0,9.0,28.0,176.0,1.0036308623298034,0.0,100.00492707922743,22.00915685574979,127394,0,0,0,49,UTAH
2652,490436,200.0,668.5864147989329,3.3429320739946644,0.0,0.0,0.0,0.0,17.005607952475792,0.0,0.0,0.0,0.0,0.0,0.0,0.0,0.0,0.0,0.0,4.000197083169097,13.005410869306694,141904,0,0,0,49,UTAH
2668,490452,144.0,530.4247712783441,3.683505356099612,46.0,4.0,0.0,42.0,56.00737684877289,3.0,1.0,0.0,0.0,4.0,2.0,0.0,36.0,1.0036308623298034,0.0,0.0,9.003745986443096,132626,0,0,0,49,UTAH
2669,490453,118.0,395.16162377566985,3.3488273201327954,0.0,0.0,0.0,0.0,82.0069758043555,0.0,0.0,0.0,0.0,0.0,0.0,0.0,0.0,0.0,0.0,74.0036460386283,8.003329765727196,132626,0,0,0,49,UTAH
2666,490450,94.0,300.4774205237979,3.1965683034446584,0.0,0.0,0.0,0.0,7.006128186625201,0.0,0.0,0.0,0.0,0.0,0.0,0.0,0.0,1.0036308623298034,0.0,0.0,6.002497324295398,152001,0,0,0,49,UTAH
2675,490459,393.0,1631.8532580858348,4.152298366630623,0.0,0.0,0.0,0.0,52.01210277921252,0.0,0.0,0.0,0.0,0.0,0.0,0.0,0.0,0.0,0.0,26.00128104059913,26.010821738613387,137505,0,0,0,49,UTAH
2678,490462,439.0,1422.1953794566896,3.2396250101519124,719.0,223.0,3.0,493.0,792.0142383156211,23.0,200.0,2.0,1.0,23.0,180.0,26.0,264.0,0.0,0.0,44.002167914860074,29.01207040076109,132959,0,0,0,49,UTAH
2674,490458,367.0,1240.556295667384,3.3802623860146706,499.0,78.0,97.0,324.0,542.0145070337724,77.0,1.0,1.0,96.0,51.0,138.0,5.0,130.0,1.0036308623298034,0.0,18.00088687426094,24.00998929718159,123845,0,1194,0,49,UTAH
2679,490463,218.0,700.4698709959919,3.2131645458531737,0.0,0.0,0.0,0.0,14.005827090022594,0.0,0.0,0.0,0.0,0.0,0.0,0.0,0.0,0.0,0.0,0.0,14.005827090022594,111764,0,0,0,49,UTAH
2673,490457,171.0,587.4285262973283,3.4352545397504577,0.0,0.0,0.0,0.0,11.004578427874897,0.0,0.0,0.0,0.0,0.0,0.0,0.0,0.0,0.0,0.0,0.0,11.004578427874897,123233,0,0,0,49,UTAH
2681,490465,246.0,870.5149707136395,3.538678742738372,183.0,4.0,23.0,156.0,199.0066595314544,4.0,0.0,2.0,21.0,32.0,8.0,24.0,92.0,0.0,0.0,0.0,16.006659531454392,112892,0,0,0,49,UTAH
2682,490466,244.0,912.0600803037464,3.737951148785847,0.0,0.0,0.0,0.0,16.006659531454392,0.0,0.0,0.0,0.0,0.0,0.0,0.0,0.0,0.0,0.0,0.0,16.006659531454392,109118,0,0,0,49,UTAH
2688,490472,335.0,1327.5111762048175,3.9627199289696047,47.0,4.0,22.0,21.0,102.01078279189484,3.0,1.0,0.0,22.0,7.0,4.0,0.0,10.0,0.0,0.0,33.001625936145054,22.00915685574979,85589,0,0,0,49,UTAH
2670,490454,160.0,531.390936617649,3.3211933538603065,0.0,0.0,0.0,0.0,10.004162207158997,0.0,0.0,0.0,0.0,0.0,0.0,0.0,0.0,0.0,0.0,0.0,10.004162207158997,132626,0,0,0,49,UTAH
2689,490473,369.0,1447.3156782786148,3.9222647107821538,78.0,1.0,0.0,77.0,105.01013710955841,1.0,0.0,0.0,0.0,10.0,36.0,3.0,28.0,0.0,0.0,3.000147812376823,24.00998929718159,92729,0,0,0,49,UTAH
2680,490464,14.0,50.24059764385045,3.5886141174178894,1083.0,117.0,100.0,866.0,1093.0151860239964,99.0,18.0,0.0,100.0,109.0,401.0,62.0,294.0,4.0145234493192135,0.0,5.000246353961372,1.0004162207158995,112892,0,0,2537,49,UTAH
2684,490468,382.0,1310.120200097331,3.4296340316684057,58.0,1.0,10.0,47.0,136.01301686988802,1.0,0.0,0.0,10.0,30.0,2.0,2.0,13.0,0.0,0.0,53.00261135199054,25.01040551789749,117955,0,0,0,49,UTAH
2685,490469,449.0,1574.8495030668505,3.5074599177435424,0.0,0.0,0.0,0.0,73.01423831562116,0.0,0.0,0.0,0.0,0.0,0.0,0.0,0.0,0.0,0.0,44.002167914860074,29.01207040076109,85999,0,0,0,49,UTAH
2698,490482,36.0,153.6202889494658,4.267230248596272,1223.0,3.0,0.0,1220.0,1228.0117250284213,2.0,1.0,0.0,0.0,5.0,351.0,583.0,281.0,3.01089258698941,0.0,0.0,2.000832441431799,91242,0,0,0,49,UTAH
2693,490477,348.0,1085.9698413786134,3.12060299246728,0.0,0.0,0.0,0.0,45.01423862543325,0.0,0.0,0.0,0.0,0.0,0.0,0.0,0.0,1.0036308623298034,0.0,21.001034686637762,23.00957307646569,91242,0,0,0,49,UTAH
2713,490497,503.0,1631.8532580858348,3.2442410697531505,117.0,4.0,5.0,108.0,168.01462215788564,3.0,1.0,1.0,4.0,43.0,5.0,20.0,40.0,0.0,0.0,18.00088687426094,33.01373528362468,68889,0,0,0,49,UTAH
2712,490496,440.0,1458.9096623502726,3.315703778068801,528.0,1.0,2.0,525.0,605.0144353987903,1.0,0.0,0.0,2.0,11.0,217.0,1.0,296.0,0.0,0.0,48.002364998029165,29.01207040076109,59008,866,0,0,49,UTAH
2696,490480,585.0,1961.315638788777,3.352676305621841,455.0,12.0,14.0,429.0,494.019447249534,11.0,1.0,2.0,12.0,121.0,162.0,4.0,142.0,1.0036308623298034,0.0,0.0,38.01581638720418,80035,0,0,2393,49,UTAH
2699,490483,596.0,2302.3720035633773,3.863040274435197,1035.0,178.0,58.0,799.0,1124.025859330609,177.0,1.0,0.0,58.0,193.0,222.0,37.0,347.0,2.0072617246596067,0.0,48.002364998029165,39.01623260792008,117317,576,327,0,49,UTAH
2576,490360,356.0,1201.9096820951916,3.376150792402224,268.0,27.0,41.0,200.0,291.0095730764657,27.0,0.0,0.0,41.0,55.0,10.0,76.0,59.0,0.0,0.0,0.0,23.00957307646569,71196,0,0,0,49,UTAH
2575,490359,303.0,952.6390245545488,3.144023183348346,1808.0,457.0,410.0,941.0,1933.0134978475066,91.0,366.0,181.0,229.0,235.0,78.0,87.0,541.0,0.0,0.0,105.0051734331888,20.00832441431799,36579,0,0,0,49,UTAH
2704,490488,580.0,1960.3494734494725,3.3799128852577107,344.0,123.0,2.0,219.0,399.0166539906728,89.0,34.0,0.0,2.0,46.0,11.0,89.0,73.0,0.0,0.0,17.000837603468664,38.01581638720418,82722,0,0,0,49,UTAH
2710,490494,277.0,900.4660962320888,3.2507801308017648,166.0,1.0,2.0,163.0,206.00857593031623,1.0,0.0,1.0,1.0,4.0,46.0,65.0,48.0,0.0,0.0,22.001083957430037,18.007491972886193,57297,0,0,0,49,UTAH
2711,490495,239.0,660.8570920844943,2.765092435499976,615.0,79.0,49.0,487.0,636.0069058854158,33.0,46.0,32.0,17.0,29.0,63.0,83.0,312.0,0.0,0.0,5.000246353961372,16.006659531454392,38529,453,0,0,49,UTAH
2719,490503,767.0,2067.593826112307,2.695689473418914,449.0,26.0,11.0,412.0,528.0645849150613,26.0,0.0,0.0,11.0,112.0,64.0,88.0,148.0,0.0,23.04347825451274,6.000295624753646,50.02081103579498,75176,519,22,174,49,UTAH
2703,490487,403.0,1342.969821633695,3.332431319190309,1064.0,347.0,34.0,683.0,1090.0108217386135,206.0,141.0,25.0,9.0,145.0,71.0,60.0,407.0,0.0,0.0,0.0,26.010821738613387,36579,0,0,0,49,UTAH
2708,490492,17.0,44.44360560802155,2.6143297416483264,1214.0,156.0,102.0,956.0,1215.0004162207158,128.0,28.0,17.0,85.0,186.0,134.0,86.0,550.0,0.0,0.0,0.0,1.0004162207158995,55929,0,0,0,49,UTAH
2709,490493,156.0,383.5676397040121,2.458766921179565,716.0,68.0,89.0,559.0,762.0059359556808,23.0,45.0,27.0,62.0,43.0,8.0,251.0,257.0,0.0,0.0,36.00177374852188,10.004162207158997,38900,0,0,0,49,UTAH
2718,490502,470.0,1213.5036661668494,2.58192269397202,1099.0,388.0,50.0,661.0,1130.012902842193,9.0,379.0,11.0,39.0,160.0,88.0,209.0,204.0,0.0,0.0,0.0,31.012902842192887,51709,0,0,0,49,UTAH
2705,490489,397.0,1230.894642274336,3.1004902828068914,397.0,101.0,9.0,287.0,429.011117363367,81.0,20.0,9.0,0.0,13.0,71.0,26.0,177.0,0.0,0.0,6.000295624753646,26.010821738613387,57339,743,0,0,49,UTAH
2707,490491,73.0,208.69171328984032,2.8587905930115114,698.0,63.0,17.0,618.0,704.0021303743717,54.0,9.0,17.0,0.0,150.0,145.0,52.0,271.0,0.0,0.0,1.0000492707922743,5.002081103579497,56267,0,0,0,49,UTAH
2714,490498,68.0,180.67291845000065,2.656954683088245,1983.0,250.0,216.0,1517.0,1987.0016648828637,153.0,97.0,144.0,72.0,796.0,341.0,64.0,316.0,0.0,0.0,0.0,4.001664882863598,67267,411,0,100,49,UTAH
2756,490540,24.0,71.4962351085564,2.97900979618985,1787.0,140.0,72.0,1575.0,1803.0015222325237,97.0,43.0,28.0,44.0,1150.0,67.0,50.0,308.0,0.0,0.0,14.00068979109184,2.000832441431799,60581,0,0,0,49,UTAH
2755,490539,752.0,1907.2103797877076,2.5361840156751425,299.0,118.0,4.0,177.0,365.0248140100853,43.0,75.0,4.0,0.0,67.0,9.0,11.0,90.0,1.0036308623298034,0.0,16.00078833267639,49.02039481507908,58545,0,0,0,49,UTAH
2702,490486,0.0,0.0,0.0,1489.0,1048.0,0.0,441.0,1503.0006897910919,557.0,491.0,0.0,0.0,141.0,9.0,22.0,269.0,0.0,0.0,14.00068979109184,0.0,36579,0,0,0,49,UTAH
2729,490513,49.0,144.92480089572246,2.9576489978718867,258.0,50.0,0.0,208.0,261.0012486621477,50.0,0.0,0.0,0.0,1.0,2.0,0.0,205.0,0.0,0.0,0.0,3.001248662147699,80705,0,0,0,49,UTAH
2728,490512,87.0,301.44358586310267,3.464868803024169,289.0,6.0,35.0,248.0,368.00609409213143,5.0,1.0,2.0,33.0,90.0,5.0,1.0,152.0,0.0,0.0,73.00359676783603,6.002497324295398,83312,0,0,0,49,UTAH
2726,490510,452.0,1595.1389751922518,3.529068529186398,39.0,1.0,2.0,36.0,110.02525149857281,1.0,0.0,0.0,2.0,7.0,3.0,4.0,22.0,3.01089258698941,0.0,38.00187229010643,30.012486621476985,83312,0,0,0,49,UTAH
2700,490484,122.0,388.39846640053617,3.183593986889641,492.0,368.0,1.0,123.0,500.0033297657272,230.0,138.0,1.0,0.0,8.0,5.0,3.0,107.0,0.0,0.0,0.0,8.003329765727196,55929,0,0,0,49,UTAH
2721,490505,48.0,154.5864542887706,3.220551131016054,0.0,0.0,0.0,0.0,39.02451195989475,0.0,0.0,0.0,0.0,0.0,0.0,0.0,0.0,6.02178517397882,0.0,30.00147812376823,3.001248662147699,83312,0,0,0,49,UTAH
2735,490519,0.0,0.0,0.0,951.0,378.0,313.0,260.0,952.0036308623298,209.0,169.0,85.0,228.0,66.0,23.0,0.0,171.0,1.0036308623298034,0.0,0.0,0.0,83312,0,0,0,49,UTAH
2732,490516,13.0,44.44360560802155,3.4187388929247344,14.0,3.0,0.0,11.0,18.01130880770531,3.0,0.0,0.0,0.0,0.0,2.0,0.0,9.0,3.01089258698941,0.0,0.0,1.0004162207158995,83312,0,0,0,49,UTAH
2736,490520,0.0,0.0,0.0,786.0,254.0,66.0,466.0,788.0000985415845,254.0,0.0,32.0,34.0,127.0,82.0,0.0,257.0,0.0,0.0,2.0000985415845487,0.0,83312,0,0,0,49,UTAH
2733,490517,0.0,0.0,0.0,2571.0,87.0,469.0,2015.0,2572.00363086233,87.0,0.0,460.0,9.0,1101.0,254.0,0.0,660.0,1.0036308623298034,0.0,0.0,0.0,83312,0,0,0,49,UTAH
2731,490515,0.0,0.0,0.0,404.0,8.0,197.0,199.0,405.0036308623298,8.0,0.0,85.0,112.0,6.0,18.0,0.0,175.0,1.0036308623298034,0.0,0.0,0.0,83312,0,0,0,49,UTAH
2730,490514,20.0,76.32706180508049,3.8163530902540246,1007.0,18.0,558.0,431.0,1176.0337648545806,16.0,2.0,147.0,411.0,8.0,71.0,0.0,352.0,7.025416036308624,0.0,161.00793259755616,1.0004162207158995,83312,0,0,0,49,UTAH
2697,490481,402.0,1450.214174296529,3.607497946011267,0.0,0.0,0.0,0.0,38.01141298812068,0.0,0.0,0.0,0.0,0.0,0.0,0.0,0.0,0.0,0.0,12.000591249507291,26.010821738613387,79428,0,0,0,49,UTAH
2744,490528,240.0,869.5488053743346,3.623120022393061,0.0,0.0,0.0,0.0,17.010290393784196,0.0,0.0,0.0,0.0,0.0,0.0,0.0,0.0,1.0036308623298034,0.0,0.0,16.006659531454392,85941,0,0,0,49,UTAH
2738,490522,487.0,1467.605150404016,3.013562937174571,310.0,7.0,7.0,296.0,438.01804905896716,7.0,0.0,0.0,7.0,100.0,68.0,2.0,126.0,0.0,0.0,96.00472999605833,32.013319062908785,67702,820,0,0,49,UTAH
2768,490552,22.0,32.0,1.4545454545454546,453.0,29.0,124.0,300.0,454.0004162207159,27.0,2.0,116.0,8.0,6.0,18.0,113.0,163.0,0.0,0.0,0.0,1.0004162207158995,29406,0,0,0,49,UTAH
2749,490533,390.0,1226.063815577812,3.143753373276441,212.0,36.0,9.0,167.0,241.01096955099018,36.0,0.0,6.0,3.0,9.0,59.0,6.0,93.0,0.0,0.0,3.000147812376823,26.010821738613387,48069,515,0,0,49,UTAH
2739,490523,750.0,2286.9133581345,3.049217810846,455.0,61.0,45.0,349.0,504.0203948150791,45.0,16.0,5.0,40.0,25.0,40.0,15.0,269.0,0.0,0.0,0.0,49.02039481507908,43534,159,0,0,49,UTAH
2769,490553,325.0,715.9285164248689,2.202856973614981,970.0,284.0,37.0,649.0,991.0087406350339,99.0,185.0,9.0,28.0,142.0,247.0,89.0,171.0,0.0,0.0,0.0,21.00874063503389,29406,0,0,0,49,UTAH
2746,490530,738.0,2532.319354317924,3.4313270383711703,687.0,92.0,7.0,588.0,831.0247085904216,0.0,92.0,0.0,7.0,114.0,6.0,161.0,307.0,0.0,0.0,96.00472999605833,48.01997859436318,58854,0,0,0,49,UTAH
2747,490531,644.0,2223.146445740382,3.452090754255252,1310.0,28.0,2.0,1280.0,1382.018959393836,28.0,0.0,0.0,2.0,30.0,265.0,6.0,979.0,0.0,0.0,30.00147812376823,42.01748127006778,77014,421,0,2239,49,UTAH
2748,490532,673.0,2427.0073323336987,3.606251608222435,0.0,0.0,0.0,0.0,84.02028454319056,0.0,0.0,0.0,0.0,0.0,0.0,0.0,0.0,0.0,0.0,40.001970831690976,44.01831371149958,82451,0,0,0,49,UTAH
2787,490571,435.0,1523.6427400836951,3.5026269886981503,101.0,2.0,9.0,90.0,139.01572847950547,2.0,0.0,4.0,5.0,23.0,3.0,6.0,58.0,1.0036308623298034,0.0,9.00044343713047,28.011654180045188,81368,0,0,0,49,UTAH
2788,490572,446.0,1598.037471210166,3.5830436574218973,0.0,0.0,0.0,0.0,74.01428758641345,0.0,0.0,0.0,0.0,0.0,0.0,0.0,0.0,0.0,0.0,45.00221718565235,29.01207040076109,132651,0,0,0,49,UTAH
2782,490566,44.0,135.2631475026743,3.0741624432425976,425.0,68.0,1.0,356.0,428.0012486621477,16.0,52.0,0.0,1.0,37.0,267.0,1.0,51.0,0.0,0.0,0.0,3.001248662147699,72724,0,0,0,49,UTAH
2766,490550,590.0,1374.8532778307535,2.3302597929334805,543.0,324.0,35.0,184.0,607.0174643777269,213.0,111.0,2.0,33.0,46.0,24.0,44.0,70.0,0.0,0.0,25.001231769806857,39.01623260792008,58545,0,0,0,49,UTAH
2764,490548,314.0,940.0788751435864,2.9938817679732046,850.0,156.0,94.0,600.0,957.0129779231695,151.0,5.0,82.0,12.0,89.0,58.0,114.0,339.0,0.0,0.0,86.0042372881356,21.00874063503389,58545,0,0,0,49,UTAH
2758,490542,1.0,1.0,1.0,653.0,212.0,148.0,293.0,654.0036308623298,209.0,3.0,143.0,5.0,94.0,42.0,68.0,89.0,1.0036308623298034,0.0,0.0,0.0,52957,0,0,0,49,UTAH
2761,490545,681.0,1494.6577799045508,2.1947985020624827,2772.0,14.0,212.0,2546.0,2817.0187299322156,13.0,1.0,211.0,1.0,2430.0,57.0,48.0,11.0,0.0,0.0,0.0,45.01872993221548,52957,0,0,0,49,UTAH
2759,490543,0.0,0.0,0.0,1295.0,104.0,299.0,892.0,1297.0072617246597,104.0,0.0,200.0,99.0,137.0,79.0,9.0,667.0,2.0072617246596067,0.0,0.0,0.0,60581,317,167,132,49,UTAH
2757,490541,0.0,0.0,0.0,807.0,84.0,111.0,612.0,808.0036308623298,42.0,42.0,106.0,5.0,377.0,30.0,21.0,184.0,1.0036308623298034,0.0,0.0,0.0,60581,0,0,0,49,UTAH
2770,490554,0.0,0.0,0.0,713.0,36.0,114.0,563.0,721.0290468986384,36.0,0.0,4.0,110.0,129.0,58.0,2.0,374.0,8.029046898638427,0.0,0.0,0.0,83312,0,0,0,49,UTAH
2775,490559,167.0,470.52252024144553,2.8175001212062605,84.0,1.0,63.0,20.0,97.01184015253449,1.0,0.0,54.0,9.0,6.0,2.0,3.0,9.0,2.0072617246596067,0.0,0.0,11.004578427874897,60581,0,0,0,49,UTAH
2781,490565,56.0,171.01126505695248,3.053772590302723,1261.0,524.0,111.0,626.0,1265.0016648828637,414.0,110.0,45.0,66.0,13.0,85.0,5.0,523.0,0.0,0.0,0.0,4.001664882863598,60581,0,0,0,49,UTAH
2773,490557,3.0,16.424810768181878,5.474936922727292,1086.0,11.0,764.0,311.0,1087.0036308623298,11.0,0.0,701.0,63.0,60.0,93.0,0.0,158.0,1.0036308623298034,0.0,0.0,0.0,60581,0,0,0,49,UTAH
2776,490560,30.0,90.81954189465272,3.027318063155091,3561.0,523.0,523.0,2515.0,3564.000881712224,506.0,17.0,275.0,248.0,1465.0,63.0,4.0,983.0,0.0,0.0,1.0000492707922743,2.000832441431799,70574,0,0,0,49,UTAH
2780,490564,148.0,480.1841736344937,3.244487659692525,252.0,64.0,5.0,183.0,264.01142393181857,22.0,42.0,0.0,5.0,8.0,8.0,16.0,151.0,2.0072617246596067,0.0,0.0,10.004162207158997,61067,0,0,0,49,UTAH
2811,490595,0.0,0.0,0.0,1317.0,45.0,530.0,742.0,1317.0,4.0,41.0,436.0,94.0,218.0,47.0,2.0,475.0,0.0,0.0,0.0,0.0,76529,0,0,0,49,UTAH
2789,490573,188.0,542.0187553500019,2.883078485904265,72.0,3.0,9.0,60.0,85.0086255109206,2.0,1.0,3.0,6.0,12.0,1.0,3.0,44.0,1.0036308623298034,0.0,0.0,12.004994648590795,76529,0,0,0,49,UTAH
2807,490591,661.0,1994.165260325141,3.0168914679654173,245.0,15.0,13.0,217.0,288.0178974907837,15.0,0.0,7.0,6.0,91.0,22.0,6.0,98.0,0.0,0.0,0.0,43.01789749078368,76529,546,0,0,49,UTAH
2809,490593,0.0,0.0,0.0,0.0,0.0,0.0,0.0,0.0,0.0,0.0,0.0,0.0,0.0,0.0,0.0,0.0,0.0,0.0,0.0,0.0,76529,0,0,0,49,UTAH
2805,490589,1238.0,3740.026028448944,3.0210226401041558,0.0,0.0,0.0,0.0,81.03371387798786,0.0,0.0,0.0,0.0,0.0,0.0,0.0,0.0,0.0,0.0,0.0,81.03371387798786,76529,0,0,0,49,UTAH
2806,490590,500.0,1455.0450009930532,2.9100900019861067,142.0,11.0,48.0,83.0,175.01373528362467,8.0,3.0,48.0,0.0,10.0,21.0,6.0,46.0,0.0,0.0,0.0,33.01373528362468,76529,0,0,0,49,UTAH
2803,490587,199.0,677.2819028526762,3.4034266475008854,0.0,0.0,0.0,0.0,177.0134912792397,0.0,0.0,0.0,0.0,0.0,0.0,0.0,0.0,0.0,0.0,164.008080409933,13.005410869306694,76529,0,0,0,49,UTAH
2799,490583,314.0,1040.5600704312872,3.3138855746219336,0.0,0.0,0.0,0.0,26.012568580532793,0.0,0.0,0.0,0.0,0.0,0.0,0.0,0.0,1.0036308623298034,0.0,4.000197083169097,21.00874063503389,76529,0,0,0,49,UTAH
2804,490588,759.0,2387.394553422201,3.145447369462716,0.0,0.0,0.0,0.0,82.02596929268529,0.0,0.0,0.0,0.0,0.0,0.0,0.0,0.0,1.0036308623298034,0.0,31.001527394560505,50.02081103579498,76529,0,0,0,49,UTAH
2800,490584,173.0,572.936046207756,3.311769053224024,19.0,0.0,0.0,19.0,174.01883660503745,0.0,0.0,0.0,0.0,0.0,15.0,0.0,4.0,2.0072617246596067,0.0,142.00699645250296,11.004578427874897,76529,0,0,0,49,UTAH
2802,490586,351.0,1052.154054502945,2.997589898868789,95.0,24.0,5.0,66.0,118.00957307646568,2.0,22.0,4.0,1.0,3.0,4.0,0.0,59.0,0.0,0.0,0.0,23.00957307646569,76529,0,0,0,49,UTAH
2801,490585,178.0,550.7142434037453,3.093900243841265,335.0,1.0,16.0,318.0,351.0051917317599,1.0,0.0,1.0,15.0,8.0,45.0,32.0,233.0,0.0,0.0,4.000197083169097,12.004994648590795,76529,576,0,0,49,UTAH
2860,490644,0.0,0.0,0.0,2396.0,193.0,705.0,1498.0,2418.00108395743,191.0,2.0,258.0,447.0,292.0,141.0,358.0,707.0,0.0,0.0,22.001083957430037,0.0,76529,0,0,0,49,UTAH
2831,490615,1.0,1.9323306786096328,1.9323306786096328,1200.0,266.0,678.0,256.0,1200.0,238.0,28.0,568.0,110.0,44.0,40.0,3.0,169.0,0.0,0.0,0.0,0.0,76529,0,0,0,49,UTAH
2835,490619,0.0,0.0,0.0,1964.0,0.0,424.0,1540.0,1964.0,0.0,0.0,165.0,259.0,266.0,383.0,81.0,810.0,0.0,0.0,0.0,0.0,76529,0,0,0,49,UTAH
2880,490664,978.0,2975.7892450588342,3.042729289426211,114.0,1.0,10.0,103.0,292.0394181792119,1.0,0.0,0.0,10.0,15.0,2.0,3.0,83.0,2.0072617246596067,0.0,112.00551832873472,64.02663812581757,76529,0,0,0,49,UTAH
2855,490639,227.0,666.6540841203232,2.9368021326886486,652.0,7.0,436.0,209.0,676.0066867478689,7.0,0.0,159.0,277.0,9.0,18.0,160.0,22.0,0.0,0.0,9.00044343713047,15.006243310738492,74306,0,0,0,49,UTAH
2882,490666,903.0,2729.417083536106,3.022610280770881,1850.0,268.0,272.0,1310.0,2013.0296811846345,195.0,73.0,271.0,1.0,218.0,346.0,66.0,680.0,0.0,0.0,104.00512416239653,59.02455702223807,74306,0,0,0,49,UTAH
2877,490661,2.0,3.864661357219265,1.9323306786096328,2120.0,51.0,1389.0,680.0,2121.00363086233,50.0,1.0,1328.0,61.0,358.0,84.0,99.0,139.0,1.0036308623298034,0.0,0.0,0.0,76529,0,0,0,49,UTAH
2878,490662,672.0,1994.165260325141,2.967507827864793,35.0,11.0,0.0,24.0,80.02194457382939,11.0,0.0,0.0,0.0,2.0,1.0,3.0,18.0,1.0036308623298034,0.0,0.0,44.01831371149958,45886,0,0,0,49,UTAH
2875,490659,107.0,316.9022312919797,2.961703096186726,0.0,0.0,0.0,0.0,15.031960443649723,0.0,0.0,0.0,0.0,0.0,0.0,0.0,0.0,8.029046898638427,0.0,0.0,7.002913545011297,66338,0,0,0,49,UTAH
2876,490660,37.0,106.2781873235298,2.872383441176481,159.0,3.0,48.0,108.0,170.00843906163732,3.0,0.0,6.0,42.0,5.0,10.0,69.0,24.0,2.0072617246596067,0.0,7.00034489554592,2.000832441431799,45886,0,0,0,49,UTAH
2817,490601,456.0,1579.6803297633746,3.464211249481085,675.0,219.0,190.0,266.0,707.0125851630615,106.0,113.0,189.0,1.0,47.0,16.0,75.0,128.0,0.0,0.0,2.0000985415845487,30.012486621476985,80931,0,0,0,49,UTAH
2819,490603,237.0,865.6841440171154,3.6526757131523855,672.0,129.0,11.0,532.0,688.0066595314544,21.0,108.0,10.0,1.0,27.0,10.0,254.0,241.0,0.0,0.0,0.0,16.006659531454392,69686,0,0,0,49,UTAH
2818,490602,325.0,1244.4209570246037,3.828987560075703,499.0,155.0,31.0,313.0,528.009134801372,155.0,0.0,18.0,13.0,38.0,103.0,26.0,146.0,0.0,0.0,8.000394166338195,21.00874063503389,69942,412,321,308,49,UTAH
2816,490600,539.0,1581.6126604419842,2.9343463087977444,252.0,8.0,19.0,225.0,287.0145677250565,8.0,0.0,3.0,16.0,14.0,66.0,7.0,138.0,0.0,0.0,0.0,35.01456772505648,81822,560,0,0,49,UTAH
2815,490599,340.0,987.4209767695222,2.904179343439772,646.0,13.0,24.0,609.0,668.0091568557498,13.0,0.0,1.0,23.0,373.0,7.0,216.0,13.0,0.0,0.0,0.0,22.00915685574979,37361,0,0,0,49,UTAH
2812,490596,839.0,2396.0900414759444,2.855888011294332,1941.0,358.0,34.0,1549.0,1996.0228921393746,239.0,119.0,23.0,11.0,194.0,89.0,168.0,1098.0,0.0,0.0,0.0,55.02289213937448,67968,0,0,0,49,UTAH
2833,490617,462.0,1348.7668136695236,2.919408687596371,901.0,27.0,8.0,866.0,997.0157384937671,27.0,0.0,1.0,7.0,53.0,90.0,690.0,33.0,0.0,0.0,66.00325187229011,30.012486621476985,66041,666,0,0,49,UTAH
2832,490616,845.0,2357.443427903752,2.789873879176038,208.0,16.0,67.0,125.0,288.0241239091813,6.0,10.0,3.0,64.0,19.0,18.0,71.0,17.0,0.0,0.0,25.001231769806857,55.02289213937448,53100,0,0,0,49,UTAH
2836,490620,717.0,2286.9133581345,3.189558379546025,497.0,235.0,45.0,217.0,556.0201536231546,163.0,72.0,31.0,14.0,27.0,34.0,18.0,138.0,0.0,0.0,12.000591249507291,47.01956237364728,62461,0,0,0,49,UTAH
2837,490621,592.0,1851.172790108028,3.126981064371669,590.0,104.0,88.0,398.0,643.016922399012,104.0,0.0,1.0,87.0,17.0,79.0,63.0,239.0,0.0,0.0,14.00068979109184,39.01623260792008,48398,0,1031,0,49,UTAH
2813,490597,581.0,1674.3645330152467,2.881866666119185,1825.0,221.0,62.0,1542.0,1863.0158163872043,163.0,58.0,18.0,44.0,76.0,68.0,1057.0,341.0,0.0,0.0,0.0,38.01581638720418,62831,0,0,0,49,UTAH
2838,490622,412.0,1264.7104291500043,3.069685507645642,916.0,276.0,21.0,619.0,948.0114843132907,192.0,84.0,0.0,21.0,69.0,21.0,163.0,366.0,0.0,0.0,5.000246353961372,27.01123795932929,27283,0,0,0,49,UTAH
2834,490618,848.0,2397.0562068152494,2.826717225017983,1921.0,503.0,58.0,1360.0,1980.0234561724671,291.0,212.0,22.0,36.0,446.0,70.0,249.0,595.0,0.0,0.0,3.000147812376823,56.023308360090375,44920,0,0,0,49,UTAH
2827,490611,169.0,618.3458171550824,3.658850989083328,647.0,216.0,12.0,419.0,658.0045784278749,134.0,82.0,0.0,12.0,23.0,7.0,257.0,132.0,0.0,0.0,0.0,11.004578427874897,87293,0,0,0,49,UTAH
2830,490614,154.0,504.3383071171141,3.2749240721890525,0.0,0.0,0.0,0.0,10.004162207158997,0.0,0.0,0.0,0.0,0.0,0.0,0.0,0.0,0.0,0.0,0.0,10.004162207158997,108177,0,0,0,49,UTAH
2785,490569,441.0,1629.920927407225,3.695965821785091,0.0,0.0,0.0,0.0,29.01207040076109,0.0,0.0,0.0,0.0,0.0,0.0,0.0,0.0,0.0,0.0,0.0,29.01207040076109,127028,0,0,0,49,UTAH
2824,490608,486.0,1756.488586856156,3.614174047029128,585.0,169.0,25.0,391.0,624.0136639584547,142.0,27.0,25.0,0.0,35.0,64.0,48.0,244.0,0.0,0.0,7.00034489554592,32.013319062908785,69546,571,0,0,49,UTAH
2829,490613,690.0,2446.330639119795,3.545406723362021,4.0,0.0,4.0,0.0,89.02070076390646,0.0,0.0,0.0,4.0,0.0,0.0,0.0,0.0,0.0,0.0,40.001970831690976,45.01872993221548,111551,0,0,0,49,UTAH
2825,490609,284.0,1020.270598305886,3.592502106710866,925.0,279.0,32.0,614.0,944.0079081936021,276.0,3.0,28.0,4.0,33.0,200.0,0.0,381.0,0.0,0.0,0.0,19.00790819360209,105921,0,0,1519,49,UTAH
2828,490612,622.0,2424.108836315784,3.897281087324412,240.0,38.0,7.0,195.0,300.0180011944051,38.0,0.0,0.0,7.0,57.0,58.0,11.0,69.0,0.0,0.0,19.000936145053213,41.01706504935188,96584,689,0,0,49,UTAH
2820,490604,766.0,2287.879523473805,2.986787889652487,880.0,282.0,137.0,461.0,930.020811035795,184.0,98.0,12.0,125.0,12.0,82.0,45.0,322.0,0.0,0.0,0.0,50.02081103579498,40188,0,0,0,49,UTAH
2821,490605,601.0,1803.830688482092,3.001382177174862,30.0,5.0,0.0,25.0,119.0186961475338,5.0,0.0,0.0,0.0,3.0,0.0,10.0,12.0,0.0,0.0,50.002463539613714,39.01623260792008,53757,0,0,0,49,UTAH
2844,490628,846.0,2350.680270528618,2.778581880057468,504.0,30.0,4.0,470.0,577.0237790136354,29.0,1.0,0.0,4.0,5.0,63.0,102.0,300.0,0.0,0.0,18.00088687426094,55.02289213937448,46709,379,0,0,49,UTAH
2846,490630,434.0,1523.6427400836951,3.510697557796533,349.0,159.0,14.0,176.0,390.01229470034474,154.0,5.0,1.0,13.0,29.0,7.0,14.0,126.0,0.0,0.0,13.000640520299566,28.011654180045188,82695,0,0,0,49,UTAH
2847,490631,80.0,253.13531889786188,3.1641914862232734,731.0,175.0,27.0,529.0,736.0020811035795,175.0,0.0,0.0,27.0,25.0,113.0,240.0,151.0,0.0,0.0,0.0,5.002081103579497,90294,0,0,0,49,UTAH
2843,490627,390.0,1075.3420226462606,2.7572872375545145,574.0,188.0,29.0,357.0,672.0143692356571,156.0,32.0,0.0,29.0,53.0,5.0,13.0,286.0,0.0,0.0,72.00354749704375,26.010821738613387,34572,0,0,0,49,UTAH
2839,490623,251.0,708.1991937104303,2.821510731914065,537.0,96.0,16.0,425.0,553.0066595314544,11.0,85.0,14.0,2.0,140.0,123.0,113.0,49.0,0.0,0.0,0.0,16.006659531454392,54061,0,0,0,49,UTAH
2841,490625,565.0,1741.9961067665838,3.083178950029352,0.0,0.0,0.0,0.0,60.016533394710606,0.0,0.0,0.0,0.0,0.0,0.0,0.0,0.0,0.0,0.0,23.00113322822231,37.01540016648829,68126,0,0,0,49,UTAH
2842,490626,417.0,1332.3420029013416,3.1950647551590925,240.0,21.0,9.0,210.0,317.01370149894296,21.0,0.0,1.0,8.0,26.0,50.0,8.0,126.0,0.0,0.0,50.002463539613714,27.01123795932929,93981,721,0,0,49,UTAH
2861,490645,728.0,2238.605091169259,3.075006993364367,274.0,1.0,0.0,273.0,322.0199785943632,1.0,0.0,0.0,0.0,157.0,0.0,16.0,100.0,0.0,0.0,0.0,48.01997859436318,64404,0,0,0,49,UTAH
2862,490646,226.0,628.0074705481306,2.7787941174696047,770.0,3.0,3.0,764.0,785.0062433107385,2.0,1.0,3.0,0.0,83.0,150.0,132.0,399.0,0.0,0.0,0.0,15.006243310738492,59238,705,0,1244,49,UTAH
2863,490647,557.0,1694.6540051406478,3.042466795584646,995.0,470.0,2.0,523.0,1155.0210935240145,368.0,102.0,1.0,1.0,55.0,19.0,100.0,349.0,0.0,0.0,124.00610957824202,36.014983945772386,53392,0,0,0,49,UTAH
2864,490648,441.0,1330.409672222732,3.016801977829324,978.0,280.0,0.0,698.0,1025.012957275022,118.0,162.0,0.0,0.0,70.0,32.0,187.0,409.0,0.0,0.0,18.00088687426094,29.01207040076109,53392,0,0,0,49,UTAH
2872,490656,292.0,885.9736161425166,3.0341562196661527,1656.0,595.0,6.0,1055.0,1675.0079081936021,372.0,223.0,3.0,3.0,55.0,88.0,86.0,826.0,0.0,0.0,0.0,19.00790819360209,60535,524,0,0,49,UTAH
2858,490642,434.0,1391.2780885989357,3.2057098815643674,64.0,2.0,0.0,62.0,118.01293522064432,2.0,0.0,0.0,0.0,30.0,0.0,4.0,28.0,0.0,0.0,26.00128104059913,28.011654180045188,82881,0,0,0,49,UTAH
2859,490643,642.0,1753.5900908382416,2.731448739623429,1026.0,102.0,15.0,909.0,1068.0174812700677,62.0,40.0,2.0,13.0,129.0,103.0,251.0,426.0,0.0,0.0,0.0,42.01748127006778,39896,0,0,0,49,UTAH
2853,490637,685.0,1781.6088856780812,2.6008888842015785,25.0,2.0,0.0,23.0,76.01902555696913,2.0,0.0,0.0,0.0,0.0,0.0,6.0,17.0,0.0,0.0,6.000295624753646,45.01872993221548,39474,0,0,0,49,UTAH
2854,490638,73.0,223.18419337941256,3.0573177175262,1048.0,62.0,62.0,924.0,1075.0031650610094,18.0,44.0,56.0,6.0,181.0,175.0,190.0,378.0,0.0,0.0,22.001083957430037,5.002081103579497,39474,0,0,0,49,UTAH
2850,490634,0.0,0.0,0.0,1146.0,917.0,4.0,225.0,1146.0,848.0,69.0,0.0,4.0,34.0,35.0,0.0,156.0,0.0,0.0,0.0,0.0,63616,0,0,0,49,UTAH
2852,490636,418.0,1266.642759828614,3.03024583691056,786.0,137.0,88.0,561.0,813.0112379593293,87.0,50.0,2.0,86.0,57.0,168.0,0.0,336.0,0.0,0.0,0.0,27.01123795932929,63616,464,1226,0,49,UTAH
2851,490635,29.0,69.56390442994677,2.3987553251705784,794.0,475.0,1.0,318.0,799.0009802538086,338.0,137.0,1.0,0.0,22.0,6.0,10.0,280.0,0.0,0.0,3.000147812376823,2.000832441431799,39474,0,0,0,49,UTAH
2869,490653,84.0,217.38720134358363,2.5879428731379006,874.0,66.0,0.0,808.0,880.0024973242954,63.0,3.0,0.0,0.0,202.0,53.0,22.0,531.0,0.0,0.0,0.0,6.002497324295398,74162,748,0,0,49,UTAH
2870,490654,471.0,1457.9434970109678,3.09542143739059,8.0,2.0,1.0,5.0,39.01290284219289,1.0,1.0,0.0,1.0,2.0,0.0,2.0,1.0,0.0,0.0,0.0,31.012902842192887,74162,0,0,0,49,UTAH
2871,490655,258.0,853.1239946061528,3.3066821496362517,0.0,0.0,0.0,0.0,40.689023503812194,0.0,0.0,0.0,0.0,0.0,0.0,0.0,0.0,0.0,7.681159418965517,16.00078833267639,17.00707575217029,67734,0,0,0,49,UTAH
2866,490650,216.0,668.5864147989329,3.0953074759209858,307.0,129.0,0.0,178.0,321.0058270900226,58.0,71.0,0.0,0.0,27.0,9.0,34.0,108.0,0.0,0.0,0.0,14.005827090022594,52442,0,0,0,49,UTAH
2865,490649,70.0,166.1804383604284,2.3740062622918345,2711.0,1895.0,0.0,816.0,2716.0020811035797,1078.0,817.0,0.0,0.0,78.0,42.0,102.0,594.0,0.0,0.0,0.0,5.002081103579497,52442,0,0,0,49,UTAH
2868,490652,311.0,920.75556835749,2.960628837162347,951.0,131.0,26.0,794.0,979.0087185806561,72.0,59.0,3.0,23.0,348.0,18.0,38.0,390.0,0.0,0.0,8.000394166338195,20.00832441431799,92203,0,0,0,49,UTAH
2890,490674,504.0,1374.8532778307535,2.727883487759432,1775.0,711.0,20.0,1044.0,1832.0149177826393,566.0,145.0,20.0,0.0,142.0,65.0,1.0,836.0,0.0,0.0,24.001182499014583,33.01373528362468,63047,0,0,0,49,UTAH
2891,490675,201.0,583.563864940109,2.903302810647309,518.0,193.0,51.0,274.0,531.0054108693067,97.0,96.0,1.0,50.0,22.0,14.0,32.0,206.0,0.0,0.0,0.0,13.005410869306694,74876,0,0,0,49,UTAH
2892,490676,8.0,25.120298821925225,3.140037352740653,457.0,94.0,0.0,363.0,458.0004162207159,27.0,67.0,0.0,0.0,80.0,21.0,100.0,162.0,0.0,0.0,0.0,1.0004162207158995,74876,0,0,0,49,UTAH
2893,490677,0.0,0.0,0.0,2413.0,824.0,2.0,1587.0,2413.0,387.0,437.0,0.0,2.0,72.0,50.0,82.0,1383.0,0.0,0.0,0.0,0.0,43625,0,0,0,49,UTAH
2885,490669,414.0,1283.067570596796,3.099197030427044,0.0,0.0,0.0,0.0,30.011385771706113,0.0,0.0,0.0,0.0,0.0,0.0,0.0,0.0,0.0,0.0,3.000147812376823,27.01123795932929,74787,0,0,0,49,UTAH
2889,490673,880.0,2683.0411472494748,3.048910394601676,155.0,90.0,3.0,62.0,213.02414080152218,31.0,59.0,3.0,0.0,8.0,1.0,21.0,32.0,0.0,0.0,0.0,58.02414080152217,43625,0,0,0,49,UTAH
2884,490668,385.0,1220.266823541983,3.169524216992164,166.0,18.0,44.0,104.0,203.01099676740478,7.0,11.0,0.0,44.0,18.0,9.0,2.0,75.0,0.0,0.0,12.000591249507291,25.01040551789749,63047,0,0,0,49,UTAH
2886,490670,442.0,1287.8983972933202,2.913797278944163,273.0,10.0,56.0,207.0,304.0121689423456,10.0,0.0,0.0,56.0,23.0,66.0,5.0,113.0,0.0,0.0,2.0000985415845487,29.01207040076109,61585,723,0,0,49,UTAH
2894,490678,200.0,557.477400778879,2.787387003894395,1287.0,276.0,4.0,1007.0,1322.0064948267366,193.0,83.0,0.0,4.0,208.0,25.0,497.0,277.0,0.0,0.0,22.001083957430037,13.005410869306694,54433,0,0,0,49,UTAH
2897,490681,0.0,0.0,0.0,1642.0,11.0,1.0,1630.0,1642.0,11.0,0.0,0.0,1.0,434.0,153.0,940.0,103.0,0.0,0.0,0.0,0.0,67334,0,0,0,49,UTAH
2896,490680,122.0,329.4623807029424,2.7005113172372326,965.0,362.0,6.0,597.0,973.0033297657272,133.0,229.0,6.0,0.0,228.0,119.0,20.0,230.0,0.0,0.0,0.0,8.003329765727196,67334,0,0,0,49,UTAH
2910,490694,553.0,1667.601375640113,3.0155540246656654,388.0,28.0,13.0,347.0,438.01925532840175,27.0,1.0,5.0,8.0,61.0,43.0,7.0,236.0,1.0036308623298034,0.0,13.000640520299566,36.014983945772386,68752,476,0,0,49,UTAH
2898,490682,14.0,50.24059764385045,3.5886141174178894,480.0,3.0,46.0,431.0,481.0004162207159,0.0,3.0,27.0,19.0,210.0,54.0,55.0,112.0,0.0,0.0,0.0,1.0004162207158995,67334,0,0,0,49,UTAH
2823,490607,580.0,2190.2968242040183,3.7763738348345135,607.0,77.0,7.0,523.0,795.4271318107665,26.0,51.0,4.0,3.0,63.0,66.0,248.0,146.0,0.0,38.40579709482758,112.00551832873472,38.01581638720418,121339,592,0,0,49,UTAH
2911,490695,348.0,1170.0262258981325,3.362144327293484,0.0,0.0,0.0,0.0,93.01302203192489,0.0,0.0,0.0,0.0,0.0,0.0,0.0,0.0,0.0,0.0,70.0034489554592,23.00957307646569,68752,0,0,0,49,UTAH
2903,490687,110.0,313.0375699347605,2.8457960903160044,260.0,49.0,1.0,210.0,370.4966033058367,0.0,49.0,0.0,1.0,161.0,3.0,19.0,27.0,0.0,84.4927536157721,19.000936145053213,7.002913545011297,119851,0,0,0,49,UTAH
2901,490685,650.0,1964.214134806692,3.0218678997026025,295.0,16.0,6.0,273.0,342.0180945739528,16.0,0.0,0.0,6.0,1.0,2.0,261.0,9.0,0.0,0.0,4.000197083169097,43.01789749078368,119851,0,0,0,49,UTAH
2902,490686,111.0,321.73305798850384,2.898496017914449,530.0,157.0,2.0,371.0,537.0029135450113,157.0,0.0,0.0,2.0,32.0,76.0,107.0,156.0,0.0,0.0,0.0,7.002913545011297,92556,231,105,90,49,UTAH
2909,490693,434.0,1384.5149312238018,3.190126569640096,0.0,0.0,0.0,0.0,28.011654180045188,0.0,0.0,0.0,0.0,0.0,0.0,0.0,0.0,0.0,0.0,0.0,28.011654180045188,90843,0,0,0,49,UTAH
2899,490683,466.0,1435.721694206957,3.0809478416458305,1438.0,58.0,16.0,1364.0,1469.012902842193,57.0,1.0,13.0,3.0,401.0,19.0,261.0,683.0,0.0,0.0,0.0,31.012902842192887,61952,0,0,0,49,UTAH
2900,490684,79.0,211.5902093077548,2.6783570798449974,1003.0,117.0,3.0,883.0,1019.0026230822945,42.0,75.0,2.0,1.0,223.0,40.0,318.0,302.0,0.0,0.0,11.000541978715018,5.002081103579497,79768,0,0,0,49,UTAH
2908,490692,446.0,1411.5675607243363,3.164949687722728,64.0,0.0,0.0,64.0,98.01231675472246,0.0,0.0,0.0,0.0,31.0,9.0,18.0,6.0,0.0,0.0,5.000246353961372,29.01207040076109,92556,0,0,0,49,UTAH
2906,490690,572.0,1806.7291845000063,3.158617455419592,719.0,228.0,5.0,486.0,771.0161392283724,211.0,17.0,1.0,4.0,174.0,70.0,85.0,157.0,0.0,0.0,15.000739061884115,37.01540016648829,79768,631,0,0,49,UTAH
2904,490688,367.0,1199.011186077277,3.2670604525266405,880.0,344.0,2.0,534.0,977.0135860650176,344.0,0.0,2.0,0.0,250.0,158.0,19.0,107.0,0.0,0.0,73.00359676783603,24.00998929718159,66658,589,1238,0,49,UTAH
2905,490689,534.0,1812.5261765358357,3.3942437762843363,0.0,0.0,0.0,0.0,81.01683418150111,0.0,0.0,0.0,0.0,0.0,0.0,0.0,0.0,0.0,0.0,46.00226645644462,35.01456772505648,74414,0,0,0,49,UTAH
2936,490720,671.0,1862.7667741796856,2.776105475677624,912.0,100.0,420.0,392.0,956.0183137114996,21.0,79.0,420.0,0.0,42.0,23.0,26.0,301.0,0.0,0.0,0.0,44.01831371149958,35406,0,0,0,49,UTAH
2935,490719,173.0,542.9849206893067,3.138641160053796,673.0,345.0,2.0,326.0,684.0045784278749,30.0,315.0,2.0,0.0,156.0,5.0,74.0,91.0,0.0,0.0,0.0,11.004578427874897,94314,0,0,0,49,UTAH
2932,490716,351.0,1041.526235770592,2.9673112130216293,74.0,0.0,0.0,74.0,99.00967161805023,0.0,0.0,0.0,0.0,11.0,0.0,56.0,7.0,0.0,0.0,2.0000985415845487,23.00957307646569,63478,0,0,0,49,UTAH
2933,490717,475.0,1418.3307180994702,2.9859594065252004,526.0,210.0,0.0,316.0,557.012902842193,157.0,53.0,0.0,0.0,73.0,42.0,13.0,188.0,0.0,0.0,0.0,31.012902842192887,43774,0,0,0,49,UTAH
2928,490712,470.0,1346.834482990914,2.8656052829593914,341.0,7.0,4.0,330.0,373.01295211298515,6.0,1.0,0.0,4.0,38.0,3.0,151.0,138.0,0.0,0.0,1.0000492707922743,31.012902842192887,38974,0,0,0,49,UTAH
2887,490671,596.0,1773.879562963643,2.976307991549736,534.0,122.0,7.0,405.0,631.019090313872,83.0,39.0,7.0,0.0,27.0,17.0,135.0,226.0,0.0,0.0,58.00285770595191,39.01623260792008,45634,0,0,0,49,UTAH
2929,490713,94.0,278.2556177197871,2.960166145955182,1151.0,180.0,2.0,969.0,1157.0024973242953,160.0,20.0,1.0,1.0,26.0,19.0,4.0,920.0,0.0,0.0,0.0,6.002497324295398,31017,0,0,0,49,UTAH
2934,490718,54.0,151.68795827085617,2.809036264275114,794.0,243.0,1.0,550.0,798.0016648828636,237.0,6.0,1.0,0.0,161.0,10.0,45.0,334.0,0.0,0.0,0.0,4.001664882863598,65401,0,0,0,49,UTAH
2930,490714,252.0,752.6427993184519,2.986677775073222,1173.0,471.0,67.0,635.0,1193.007223564547,203.0,268.0,11.0,56.0,105.0,39.0,211.0,280.0,0.0,0.0,3.000147812376823,17.00707575217029,65401,0,0,0,49,UTAH
2940,490724,194.0,558.4435661181839,2.878575083083422,138.0,3.0,0.0,135.0,151.0054108693067,3.0,0.0,0.0,0.0,2.0,3.0,2.0,128.0,0.0,0.0,0.0,13.005410869306694,60375,0,0,0,49,UTAH
2941,490725,377.0,1293.695389329149,3.4315527568412443,15.0,0.0,0.0,15.0,49.01084895502796,0.0,0.0,0.0,0.0,0.0,0.0,0.0,15.0,0.0,0.0,9.00044343713047,25.01040551789749,60254,0,0,0,49,UTAH
2931,490715,484.0,1258.9134371141756,2.601060820483834,1158.0,361.0,28.0,769.0,1198.0137132292468,61.0,300.0,28.0,0.0,30.0,69.0,257.0,413.0,0.0,0.0,8.000394166338195,32.013319062908785,26552,0,0,0,49,UTAH
2938,490722,160.0,443.4698907409106,2.771686817130692,686.0,225.0,7.0,454.0,696.004162207159,67.0,158.0,1.0,6.0,3.0,13.0,11.0,427.0,0.0,0.0,0.0,10.004162207158997,26552,0,0,0,49,UTAH
2937,490721,185.0,564.2405581540127,3.0499489629946632,299.0,184.0,1.0,114.0,311.0049946485908,10.0,174.0,0.0,1.0,6.0,0.0,9.0,99.0,0.0,0.0,0.0,12.004994648590795,31913,0,0,0,49,UTAH
2944,490728,826.0,1888.853238340916,2.2867472619139417,0.0,0.0,0.0,0.0,54.02247591865857,0.0,0.0,0.0,0.0,0.0,0.0,0.0,0.0,0.0,0.0,0.0,54.02247591865857,19032,0,0,0,49,UTAH
2939,490723,2.0,9.661653393048162,4.830826696524081,17594.0,2.0,0.0,17592.0,17594.0,0.0,2.0,0.0,0.0,1.0,17590.0,0.0,1.0,0.0,0.0,0.0,0.0,40443,0,0,0,49,UTAH
2990,490774,479.0,1482.0976304935882,3.094149541740268,0.0,0.0,0.0,0.0,34.01305065456971,0.0,0.0,0.0,0.0,0.0,0.0,0.0,0.0,0.0,0.0,3.000147812376823,31.012902842192887,29733,0,0,0,49,UTAH
2992,490776,846.0,2447.2968044591,2.892785820873641,1357.0,115.0,24.0,1218.0,1412.0228921393746,51.0,64.0,4.0,20.0,53.0,56.0,24.0,1085.0,0.0,0.0,0.0,55.02289213937448,29586,0,0,0,49,UTAH
2993,490777,629.0,1925.5675212344988,3.061315614045308,87.0,58.0,0.0,29.0,128.01706504935188,4.0,54.0,0.0,0.0,3.0,1.0,0.0,25.0,0.0,0.0,0.0,41.01706504935188,24705,0,0,0,49,UTAH
2942,490726,548.0,1710.112650569525,3.120643522937089,195.0,20.0,4.0,171.0,262.0165113403329,10.0,10.0,0.0,4.0,49.0,73.0,35.0,14.0,0.0,0.0,31.001527394560505,36.014983945772386,42678,744,0,0,49,UTAH
2994,490778,512.0,1619.2931086748722,3.1626818528806098,101.0,7.0,0.0,94.0,135.0141515043406,6.0,1.0,0.0,0.0,3.0,26.0,0.0,65.0,0.0,0.0,0.0,34.01415150434058,50328,0,0,0,49,UTAH
2995,490779,475.0,1479.1991344756736,3.114103441001418,0.0,0.0,0.0,0.0,205.02147596004863,0.0,0.0,0.0,0.0,0.0,0.0,0.0,0.0,0.0,0.0,174.00857311785575,31.012902842192887,53384,0,0,0,49,UTAH
2988,490772,467.0,1381.6164352058872,2.958493437271707,0.0,0.0,0.0,0.0,35.013099925361985,0.0,0.0,0.0,0.0,0.0,0.0,0.0,0.0,0.0,0.0,4.000197083169097,31.012902842192887,26013,0,0,0,49,UTAH
2989,490773,315.0,918.8232376788804,2.916899167234541,76.0,26.0,0.0,50.0,97.00874063503389,3.0,23.0,0.0,0.0,11.0,5.0,0.0,34.0,0.0,0.0,0.0,21.00874063503389,40869,0,0,0,49,UTAH
2984,490768,499.0,1558.4246922986688,3.1230955757488355,277.0,19.0,1.0,257.0,310.01373528362467,2.0,17.0,0.0,1.0,3.0,3.0,193.0,58.0,0.0,0.0,0.0,33.01373528362468,30736,0,0,0,49,UTAH
2986,490770,335.0,1023.1690943238004,3.0542361024591056,364.0,50.0,0.0,314.0,386.0091568557498,30.0,20.0,0.0,0.0,192.0,27.0,14.0,81.0,0.0,0.0,0.0,22.00915685574979,33068,0,0,0,49,UTAH
2980,490764,149.0,342.02253011390496,2.295453222240973,1188.0,169.0,9.0,1010.0,1198.004162207159,21.0,148.0,8.0,1.0,490.0,37.0,32.0,451.0,0.0,0.0,0.0,10.004162207158997,33951,0,0,0,49,UTAH
2981,490765,190.0,467.6240242235311,2.46117907486069,71.0,0.0,0.0,71.0,83.0049946485908,0.0,0.0,0.0,0.0,13.0,18.0,5.0,35.0,0.0,0.0,0.0,12.004994648590795,30111,0,0,0,49,UTAH
2983,490767,115.0,279.22178305909193,2.428015504861669,0.0,0.0,0.0,0.0,11.003477578104018,0.0,0.0,0.0,0.0,0.0,0.0,0.0,0.0,0.0,0.0,3.000147812376823,8.003329765727196,22568,0,0,0,49,UTAH
2985,490769,0.0,0.0,0.0,1890.0,6.0,3.0,1881.0,1890.0,5.0,1.0,1.0,2.0,4.0,386.0,912.0,579.0,0.0,0.0,0.0,0.0,57005,15,13,20,49,UTAH
2926,490710,375.0,1112.0563055398436,2.9654834814395827,237.0,120.0,0.0,117.0,262.0104055178975,120.0,0.0,0.0,0.0,3.0,62.0,11.0,41.0,0.0,0.0,0.0,25.01040551789749,76985,718,0,0,49,UTAH
2927,490711,388.0,1162.296903183694,2.9956105752157063,100.0,0.0,0.0,100.0,175.01286905751118,0.0,0.0,0.0,0.0,20.0,43.0,0.0,37.0,0.0,0.0,50.002463539613714,25.01040551789749,76440,0,0,0,49,UTAH
2925,490709,513.0,1606.7329592639096,3.132033058993976,414.0,118.0,8.0,288.0,448.0141515043406,21.0,97.0,3.0,5.0,30.0,101.0,90.0,67.0,0.0,0.0,0.0,34.01415150434058,45835,840,374,146,49,UTAH
2977,490761,249.0,712.0638550676496,2.859694197058833,1491.0,5.0,4.0,1482.0,1507.0066595314545,3.0,2.0,0.0,4.0,2.0,28.0,1434.0,18.0,0.0,0.0,0.0,16.006659531454392,30043,0,0,0,49,UTAH
2924,490708,382.0,1233.7931382922504,3.229824969351441,0.0,0.0,0.0,0.0,34.01084895502796,0.0,0.0,0.0,0.0,0.0,0.0,0.0,0.0,0.0,0.0,9.00044343713047,25.01040551789749,71344,0,0,0,49,UTAH
2920,490704,0.0,0.0,0.0,843.0,8.0,211.0,624.0,843.0,8.0,0.0,210.0,1.0,161.0,205.0,14.0,244.0,0.0,0.0,0.0,0.0,45835,0,0,190,49,UTAH
2973,490757,392.0,1104.3269828254051,2.817160670472972,0.0,0.0,0.0,0.0,26.010821738613387,0.0,0.0,0.0,0.0,0.0,0.0,0.0,0.0,0.0,0.0,0.0,26.010821738613387,31051,0,0,0,49,UTAH
2974,490758,315.0,894.6691041962599,2.840219378400825,212.0,3.0,1.0,208.0,233.0087406350339,3.0,0.0,1.0,0.0,3.0,1.0,182.0,22.0,0.0,0.0,0.0,21.00874063503389,30043,0,0,0,49,UTAH
2969,490753,517.0,1436.6878595462615,2.778893345350603,0.0,0.0,0.0,0.0,34.01415150434058,0.0,0.0,0.0,0.0,0.0,0.0,0.0,0.0,0.0,0.0,0.0,34.01415150434058,48606,0,0,0,49,UTAH
2970,490754,217.0,634.7706279232643,2.9252102669274853,730.0,169.0,26.0,535.0,747.0059749023994,168.0,1.0,0.0,26.0,41.0,129.0,36.0,329.0,0.0,0.0,3.000147812376823,14.005827090022594,50388,629,988,0,49,UTAH
2971,490755,551.0,1269.5412558465289,2.3040676149664767,232.0,63.0,0.0,169.0,270.01508248735695,9.0,54.0,0.0,0.0,12.0,31.0,93.0,33.0,0.0,0.0,2.0000985415845487,36.014983945772386,27768,0,0,0,49,UTAH
2976,490760,408.0,934.2818831077574,2.2899065762445034,386.0,3.0,0.0,383.0,413.01123795932926,1.0,2.0,0.0,0.0,7.0,11.0,173.0,192.0,0.0,0.0,0.0,27.01123795932929,23990,0,0,0,49,UTAH
2972,490756,253.0,599.0225103689861,2.367677906596783,1080.0,322.0,4.0,754.0,1119.0081597096002,154.0,168.0,2.0,2.0,101.0,27.0,88.0,538.0,0.0,0.0,22.001083957430037,17.00707575217029,27768,0,0,0,49,UTAH
2966,490750,264.0,768.101444747329,2.9094751694974583,378.0,112.0,0.0,266.0,395.0070757521703,111.0,1.0,0.0,0.0,16.0,165.0,23.0,62.0,0.0,0.0,0.0,17.00707575217029,49829,0,0,0,49,UTAH
2968,490752,26.0,73.42856578716604,2.824175607198694,2530.0,608.0,59.0,1863.0,2532.0008324414316,57.0,551.0,34.0,25.0,675.0,122.0,29.0,1037.0,0.0,0.0,0.0,2.000832441431799,37024,0,0,0,49,UTAH
2918,490702,665.0,2141.988557238777,3.221035424419214,0.0,0.0,0.0,0.0,493.0475994803058,0.0,0.0,0.0,0.0,0.0,0.0,0.0,0.0,2.0072617246596067,0.0,447.02202404414663,44.01831371149958,65974,0,0,0,49,UTAH
2919,490703,470.0,1511.0825906727327,3.215069341856878,206.0,20.0,132.0,54.0,495.02919629813715,19.0,1.0,15.0,117.0,20.0,6.0,0.0,28.0,1.0036308623298034,0.0,257.0126625936145,31.012902842192887,73053,0,0,0,49,UTAH
2915,490699,505.0,1624.123935371396,3.216087000735438,243.0,10.0,13.0,220.0,334.01659298957657,10.0,0.0,0.0,13.0,31.0,71.0,11.0,107.0,0.0,0.0,58.00285770595191,33.01373528362468,65974,791,0,0,49,UTAH
2916,490700,430.0,1380.6502698665824,3.210814581085076,0.0,0.0,0.0,0.0,35.01558066712864,0.0,0.0,0.0,0.0,0.0,0.0,0.0,0.0,1.0036308623298034,0.0,6.000295624753646,28.011654180045188,73053,0,0,0,49,UTAH
2913,490697,586.0,1890.7855690195252,3.2265965341630127,0.0,0.0,0.0,0.0,60.02048193617175,0.0,0.0,0.0,0.0,0.0,0.0,0.0,0.0,1.0036308623298034,0.0,21.001034686637762,38.01581638720418,57576,0,0,0,49,UTAH
2914,490698,143.0,491.7781577061515,3.439008095847213,0.0,0.0,0.0,0.0,24.00448504832721,0.0,0.0,0.0,0.0,0.0,0.0,0.0,0.0,0.0,0.0,15.000739061884115,9.003745986443096,57544,0,0,0,49,UTAH
2953,490737,120.0,338.15786875668573,2.817982239639048,33.0,0.0,0.0,33.0,100.01698151708398,0.0,0.0,0.0,0.0,0.0,27.0,6.0,0.0,3.01089258698941,0.0,56.00275916436736,8.003329765727196,55528,0,0,0,49,UTAH
2949,490733,1.0,3.864661357219265,3.864661357219265,269.0,10.0,231.0,28.0,272.0108925869894,1.0,9.0,0.0,231.0,0.0,27.0,0.0,1.0,3.01089258698941,0.0,0.0,0.0,55528,0,0,0,49,UTAH
2951,490735,144.0,442.5037254016059,3.072942537511152,281.0,6.0,12.0,263.0,292.0110077111027,6.0,0.0,1.0,11.0,1.0,126.0,29.0,107.0,2.0072617246596067,0.0,0.0,9.003745986443096,58209,485,0,0,49,UTAH
2947,490731,20.0,74.39473112647086,3.719736556323543,141.0,22.0,28.0,91.0,150.02946311935432,22.0,0.0,1.0,27.0,1.0,9.0,0.0,81.0,8.029046898638427,0.0,0.0,1.0004162207158995,58209,0,0,0,49,UTAH
2955,490739,296.0,962.300677947597,3.251015803877017,53.0,0.0,0.0,53.0,251.02389084849426,0.0,0.0,0.0,0.0,0.0,0.0,47.0,6.0,2.0072617246596067,0.0,177.00872093023256,19.00790819360209,58209,0,0,0,49,UTAH
2961,490745,499.0,1694.6540051406478,3.3961002107027007,89.0,42.0,0.0,47.0,157.0154597613543,17.0,25.0,0.0,0.0,5.0,0.0,5.0,37.0,0.0,0.0,35.0017244777296,33.01373528362468,62082,0,0,0,49,UTAH
2962,490746,283.0,911.0939149644418,3.219413127082833,240.0,9.0,14.0,217.0,259.0079081936021,9.0,0.0,0.0,14.0,39.0,71.0,3.0,104.0,0.0,0.0,0.0,19.00790819360209,68175,583,0,0,49,UTAH
3002,490786,344.0,985.4886460909128,2.8647925758456765,262.0,16.0,212.0,34.0,329.0117409913258,15.0,1.0,89.0,123.0,1.0,3.0,1.0,29.0,0.0,0.0,44.002167914860074,23.00957307646569,47376,0,0,0,49,UTAH
3006,490790,272.0,798.0525702657783,2.9340168024477142,123.0,44.0,0.0,79.0,141.00749197288619,32.0,12.0,0.0,0.0,17.0,0.0,1.0,61.0,0.0,0.0,0.0,18.007491972886193,52639,0,0,0,49,UTAH
3008,490792,129.0,303.37591654171234,2.351751291021026,2472.0,63.0,730.0,1679.0,2480.0033297657274,25.0,38.0,10.0,720.0,1396.0,100.0,44.0,139.0,0.0,0.0,0.0,8.003329765727196,37024,0,0,0,49,UTAH
3003,490787,223.0,607.7179984227295,2.7251928180391456,411.0,76.0,6.0,329.0,426.0062433107385,76.0,0.0,3.0,3.0,21.0,73.0,6.0,229.0,0.0,0.0,0.0,15.006243310738492,52639,349,0,0,49,UTAH
3001,490785,123.0,343.9548607925146,2.796380982052964,219.0,103.0,4.0,112.0,227.0033297657272,102.0,1.0,4.0,0.0,3.0,2.0,49.0,58.0,0.0,0.0,0.0,8.003329765727196,56681,0,0,0,49,UTAH
3005,490789,214.0,517.8646218673815,2.419928139567203,648.0,75.0,48.0,525.0,665.0059749023994,64.0,11.0,37.0,11.0,183.0,57.0,4.0,281.0,0.0,0.0,3.000147812376823,14.005827090022594,37024,0,0,0,49,UTAH
3004,490788,258.0,722.6916738000026,2.801130518604661,272.0,17.0,25.0,230.0,292.00722356454713,15.0,2.0,20.0,5.0,46.0,7.0,2.0,175.0,0.0,0.0,3.000147812376823,17.00707575217029,48426,0,0,0,49,UTAH
2996,490780,321.0,959.4021819296826,2.988791844017703,0.0,0.0,0.0,0.0,36.00947969691801,0.0,0.0,0.0,0.0,0.0,0.0,0.0,0.0,0.0,0.0,15.000739061884115,21.00874063503389,56681,0,0,0,49,UTAH
2999,490783,773.0,2327.4923023853025,3.0109861609124224,0.0,0.0,0.0,0.0,51.02122725651088,0.0,0.0,0.0,0.0,0.0,0.0,0.0,0.0,0.0,0.0,0.0,51.02122725651088,29954,0,0,0,49,UTAH
2957,490741,732.0,2515.8945435497417,3.4370144037564776,80.0,2.0,5.0,73.0,258.02996538889636,2.0,0.0,5.0,0.0,2.0,1.0,22.0,48.0,1.0036308623298034,0.0,129.00635593220338,48.01997859436318,63296,0,0,0,49,UTAH
2958,490742,228.0,793.2217435692542,3.479042734952869,0.0,0.0,0.0,0.0,88.01342167011205,0.0,0.0,0.0,0.0,0.0,0.0,0.0,0.0,1.0036308623298034,0.0,72.00354749704375,15.006243310738492,61242,0,0,0,49,UTAH
2998,490782,0.0,0.0,0.0,1143.0,775.0,5.0,363.0,1143.0,516.0,259.0,5.0,0.0,71.0,35.0,6.0,251.0,0.0,0.0,0.0,0.0,56681,0,0,0,49,UTAH
3014,490798,251.0,602.8871717262053,2.4019409232119733,1507.0,3.0,16.0,1488.0,1535.0072507809618,3.0,0.0,9.0,7.0,353.0,696.0,147.0,292.0,0.0,0.0,12.000591249507291,16.006659531454392,34871,0,0,0,49,UTAH
3015,490799,245.0,625.1089745302162,2.5514652021641475,172.0,1.0,0.0,171.0,188.0066595314544,0.0,1.0,0.0,0.0,27.0,22.0,85.0,37.0,0.0,0.0,0.0,16.006659531454392,24843,0,0,0,49,UTAH
3016,490800,331.0,847.3270025703239,2.5599003098801325,305.0,75.0,0.0,230.0,328.00920612654204,73.0,2.0,0.0,0.0,3.0,9.0,24.0,194.0,0.0,0.0,1.0000492707922743,22.00915685574979,33291,0,0,0,49,UTAH
3030,490814,393.0,1070.5111959497365,2.7239470634853347,38.0,6.0,5.0,27.0,64.01082173861339,6.0,0.0,5.0,0.0,2.0,1.0,0.0,24.0,0.0,0.0,0.0,26.010821738613387,38899,0,0,0,49,UTAH
3013,490797,251.0,656.0262653879703,2.613650459713029,336.0,132.0,12.0,192.0,352.0066595314544,92.0,40.0,10.0,2.0,4.0,9.0,17.0,162.0,0.0,0.0,0.0,16.006659531454392,35287,0,0,0,49,UTAH
3027,490811,281.0,717.8608471034785,2.5546649363113114,249.0,5.0,1.0,243.0,267.0074919728862,5.0,0.0,1.0,0.0,4.0,134.0,80.0,25.0,0.0,0.0,0.0,18.007491972886193,37198,0,0,0,49,UTAH
3010,490794,398.0,1285.9660666147106,3.2310705191324387,275.0,4.0,108.0,163.0,330.01225059158935,4.0,0.0,96.0,12.0,5.0,14.0,24.0,120.0,0.0,0.0,29.001428852975955,26.010821738613387,33097,0,0,0,49,UTAH
3028,490812,467.0,1442.4848515820906,3.088832658634027,265.0,95.0,4.0,166.0,346.0153663818066,95.0,0.0,1.0,3.0,19.0,58.0,12.0,77.0,0.0,0.0,50.002463539613714,31.012902842192887,43524,464,0,0,49,UTAH
3021,490805,0.0,0.0,0.0,936.0,83.0,489.0,364.0,936.0,82.0,1.0,309.0,180.0,5.0,77.0,37.0,245.0,0.0,0.0,0.0,0.0,56681,0,0,0,49,UTAH
3022,490806,0.0,0.0,0.0,896.0,20.0,244.0,632.0,896.0,19.0,1.0,170.0,74.0,101.0,166.0,2.0,363.0,0.0,0.0,0.0,0.0,56681,0,0,0,49,UTAH
3023,490807,0.0,0.0,0.0,54.0,0.0,54.0,0.0,55.0036308623298,0.0,0.0,0.0,54.0,0.0,0.0,0.0,0.0,1.0036308623298034,0.0,0.0,0.0,33097,0,0,0,49,UTAH
3019,490803,0.0,0.0,0.0,3652.0,106.0,18.0,3528.0,3652.0,11.0,95.0,16.0,2.0,2617.0,389.0,320.0,202.0,0.0,0.0,0.0,0.0,56681,0,0,0,49,UTAH
3024,490808,258.0,773.8984367831579,2.999606344120767,455.0,125.0,113.0,217.0,600.0133824135814,124.0,1.0,100.0,13.0,98.0,24.0,5.0,90.0,0.0,0.0,128.00630666141112,17.00707575217029,33097,461,0,0,49,UTAH
3018,490802,0.0,0.0,0.0,49.0,3.0,11.0,35.0,51.00726172465961,3.0,0.0,9.0,2.0,14.0,1.0,0.0,20.0,2.0072617246596067,0.0,0.0,0.0,129892,0,0,0,49,UTAH
3033,490817,492.0,1669.5337063187226,3.3933611917047206,553.0,44.0,45.0,464.0,599.0140088540006,43.0,1.0,22.0,23.0,95.0,208.0,34.0,127.0,0.0,0.0,14.00068979109184,32.013319062908785,60746,401,0,13,49,UTAH
3031,490815,0.0,0.0,0.0,761.0,70.0,430.0,261.0,761.0,21.0,49.0,311.0,119.0,70.0,135.0,0.0,56.0,0.0,0.0,0.0,0.0,129892,0,0,0,49,UTAH
3057,490841,0.0,0.0,0.0,504.0,309.0,26.0,169.0,507.0108925869894,196.0,113.0,1.0,25.0,3.0,27.0,0.0,139.0,3.01089258698941,0.0,0.0,0.0,75945,0,0,0,49,UTAH
3035,490819,0.0,0.0,0.0,512.0,0.0,490.0,22.0,512.0,0.0,0.0,398.0,92.0,21.0,1.0,0.0,0.0,0.0,0.0,0.0,0.0,75945,0,0,0,49,UTAH
3037,490821,0.0,0.0,0.0,727.0,4.0,633.0,90.0,729.0072617246597,4.0,0.0,364.0,269.0,0.0,53.0,0.0,37.0,2.0072617246596067,0.0,0.0,0.0,129892,0,0,0,49,UTAH
3039,490823,333.0,1099.496156128881,3.3017902586452883,482.0,138.0,68.0,276.0,512.009551022088,138.0,0.0,43.0,25.0,13.0,51.0,20.0,192.0,0.0,0.0,8.000394166338195,22.00915685574979,54799,0,0,0,49,UTAH
3036,490820,0.0,0.0,0.0,1850.0,30.0,1454.0,366.0,1850.0,29.0,1.0,1215.0,239.0,192.0,32.0,44.0,98.0,0.0,0.0,0.0,0.0,75945,0,0,0,49,UTAH
3056,490840,0.0,0.0,0.0,467.0,113.0,154.0,200.0,472.01457272011146,112.0,1.0,48.0,106.0,48.0,58.0,6.0,88.0,4.0145234493192135,0.0,1.0000492707922743,0.0,75945,0,0,0,49,UTAH
3063,490847,0.0,0.0,0.0,25.0,0.0,25.0,0.0,27.007261724659607,0.0,0.0,3.0,22.0,0.0,0.0,0.0,0.0,2.0072617246596067,0.0,0.0,0.0,75945,0,0,0,49,UTAH
3054,490838,1.0,1.0,1.0,170.0,68.0,95.0,7.0,173.0108925869894,68.0,0.0,40.0,55.0,0.0,4.0,0.0,3.0,3.01089258698941,0.0,0.0,0.0,75945,0,0,0,49,UTAH
3061,490845,450.0,1513.981086690647,3.3644024148681044,231.0,15.0,49.0,167.0,260.0120704007611,7.0,8.0,0.0,49.0,21.0,63.0,1.0,82.0,0.0,0.0,0.0,29.01207040076109,75945,696,0,0,49,UTAH
3051,490835,232.0,699.503705656687,3.015102179554685,320.0,102.0,123.0,95.0,341.0101205270297,61.0,41.0,12.0,111.0,25.0,4.0,0.0,66.0,1.0036308623298034,0.0,5.000246353961372,15.006243310738492,51304,0,0,0,49,UTAH
3052,490836,0.0,0.0,0.0,279.0,77.0,0.0,202.0,281.0072617246596,73.0,4.0,0.0,0.0,29.0,2.0,22.0,149.0,2.0072617246596067,0.0,0.0,0.0,45247,0,0,0,49,UTAH
3058,490842,370.0,1083.071345360699,2.9272198523262136,182.0,2.0,2.0,178.0,277.0170691149706,2.0,0.0,0.0,2.0,19.0,113.0,1.0,45.0,1.0036308623298034,0.0,70.0034489554592,24.00998929718159,45247,558,123,0,49,UTAH
3059,490843,418.0,1426.060040813909,3.411626891899304,345.0,1.0,4.0,340.0,375.0113857717061,0.0,1.0,4.0,0.0,8.0,13.0,257.0,62.0,0.0,0.0,3.000147812376823,27.01123795932929,45247,0,0,0,49,UTAH
3038,490822,0.0,0.0,0.0,1699.0,0.0,1246.0,453.0,1700.0036308623298,0.0,0.0,1189.0,57.0,3.0,6.0,0.0,444.0,1.0036308623298034,0.0,0.0,0.0,129892,0,0,0,49,UTAH
3042,490826,243.0,777.7630981403771,3.200671185762869,231.0,49.0,106.0,76.0,248.0102903937842,48.0,1.0,103.0,3.0,1.0,32.0,1.0,42.0,1.0036308623298034,0.0,0.0,16.006659531454392,54799,0,0,0,49,UTAH
3076,490860,282.0,822.2067037483987,2.9156266090368748,1296.0,267.0,447.0,582.0,1319.011319918385,156.0,111.0,241.0,206.0,258.0,144.0,0.0,180.0,1.0036308623298034,0.0,4.000197083169097,18.007491972886193,51304,0,0,0,49,UTAH
3079,490863,117.0,368.108994275135,3.146230720300299,1376.0,775.0,4.0,597.0,1385.006960628057,487.0,288.0,4.0,0.0,2.0,133.0,23.0,439.0,1.0036308623298034,0.0,0.0,8.003329765727196,55124,0,0,0,49,UTAH
3080,490864,202.0,581.6315342614994,2.8793640309975217,0.0,0.0,0.0,0.0,14.009041731636497,0.0,0.0,0.0,0.0,0.0,0.0,0.0,0.0,1.0036308623298034,0.0,0.0,13.005410869306694,73772,0,0,0,49,UTAH
3078,490862,226.0,781.6277594975963,3.4585299092814,0.0,0.0,0.0,0.0,38.01095813049833,0.0,0.0,0.0,0.0,0.0,0.0,0.0,0.0,1.0036308623298034,0.0,22.001083957430037,15.006243310738492,73772,0,0,0,49,UTAH
3082,490866,350.0,1170.9923912374377,3.3456925463926783,359.0,33.0,38.0,288.0,386.0169333427098,12.0,21.0,15.0,23.0,59.0,19.0,31.0,179.0,2.0072617246596067,0.0,2.0000985415845487,23.00957307646569,73772,0,0,0,49,UTAH
3084,490868,89.0,328.49621536363753,3.6909687119509833,4.0,0.0,3.0,1.0,15.020651635944414,0.0,0.0,2.0,1.0,0.0,0.0,0.0,1.0,5.018154311649017,0.0,0.0,6.002497324295398,73772,0,0,0,49,UTAH
3083,490867,371.0,1279.202909239577,3.447986278273792,0.0,0.0,0.0,0.0,35.01769445897167,0.0,0.0,0.0,0.0,0.0,0.0,0.0,0.0,2.0072617246596067,0.0,9.00044343713047,24.00998929718159,73772,0,0,0,49,UTAH
3142,490926,0.0,0.0,0.0,6.0,2.0,0.0,4.0,11.018154311649017,2.0,0.0,0.0,0.0,2.0,0.0,0.0,2.0,5.018154311649017,0.0,0.0,0.0,58032,0,0,0,49,UTAH
3064,490848,113.0,377.7706476681832,3.343103076709585,144.0,41.0,1.0,102.0,151.0029135450113,40.0,1.0,1.0,0.0,7.0,12.0,6.0,77.0,0.0,0.0,0.0,7.002913545011297,44865,0,0,10,49,UTAH
3065,490849,266.0,739.1164845681844,2.7786334006322724,805.0,83.0,6.0,716.0,833.0076177308853,44.0,39.0,6.0,0.0,15.0,103.0,256.0,342.0,0.0,0.0,11.000541978715018,17.00707575217029,48735,511,0,0,49,UTAH
3095,490879,381.0,1094.6653294323569,2.873137347591488,221.0,93.0,1.0,127.0,270.01158801691207,93.0,0.0,0.0,1.0,3.0,37.0,0.0,87.0,0.0,0.0,24.001182499014583,25.01040551789749,44214,481,0,0,49,UTAH
3096,490880,252.0,855.0563252847625,3.3930806558919144,672.0,56.0,58.0,558.0,689.0070757521703,56.0,0.0,0.0,58.0,13.0,258.0,13.0,274.0,0.0,0.0,0.0,17.00707575217029,71157,0,0,1504,49,UTAH
3098,490882,189.0,692.7405482815533,3.665293906251605,0.0,0.0,0.0,0.0,35.00612787681311,0.0,0.0,0.0,0.0,0.0,0.0,0.0,0.0,0.0,0.0,23.00113322822231,12.004994648590795,104790,0,0,0,49,UTAH
3094,490878,241.0,826.0713651056179,3.4276820128863816,205.0,7.0,17.0,181.0,235.00734932254625,7.0,0.0,1.0,16.0,8.0,49.0,3.0,121.0,0.0,0.0,14.00068979109184,16.006659531454392,49443,676,0,0,49,UTAH
3093,490877,228.0,782.5939248369012,3.432429494898689,11.0,1.0,0.0,10.0,26.00624331073849,1.0,0.0,0.0,0.0,5.0,0.0,0.0,5.0,0.0,0.0,0.0,15.006243310738492,63108,0,0,0,49,UTAH
3092,490876,226.0,789.3570822120349,3.4927304522656413,0.0,0.0,0.0,0.0,21.006538935492138,0.0,0.0,0.0,0.0,0.0,0.0,0.0,0.0,0.0,0.0,6.000295624753646,15.006243310738492,55995,0,0,0,49,UTAH
3111,490895,109.0,343.9548607925146,3.1555491815827024,0.0,0.0,0.0,0.0,8.0065444073411,0.0,0.0,0.0,0.0,0.0,0.0,0.0,0.0,1.0036308623298034,0.0,0.0,7.002913545011297,112744,0,0,0,49,UTAH
3101,490885,378.0,1206.7405087917157,3.192435208443692,0.0,0.0,0.0,0.0,62.01222853721164,0.0,0.0,0.0,0.0,0.0,0.0,0.0,0.0,0.0,0.0,37.00182301931415,25.01040551789749,62140,0,0,0,49,UTAH
3091,490875,86.0,262.79697229091005,3.0557787475687217,77.0,5.0,29.0,43.0,83.0024973242954,5.0,0.0,0.0,29.0,9.0,4.0,0.0,30.0,0.0,0.0,0.0,6.002497324295398,66133,0,0,0,49,UTAH
3107,490891,63.0,205.79321727192587,3.266559004316284,351.0,6.0,16.0,329.0,363.0128038238144,6.0,0.0,14.0,2.0,182.0,33.0,100.0,14.0,3.01089258698941,0.0,5.000246353961372,4.001664882863598,90129,0,0,0,49,UTAH
3117,490901,324.0,1060.8495425566882,3.274226983199655,0.0,0.0,0.0,0.0,47.01718485870808,0.0,0.0,0.0,0.0,0.0,0.0,0.0,0.0,2.0072617246596067,0.0,24.001182499014583,21.00874063503389,91005,0,0,0,49,UTAH
3116,490900,236.0,797.0864049264734,3.377484766637599,455.0,31.0,94.0,330.0,470.0062433107385,31.0,0.0,82.0,12.0,31.0,85.0,7.0,207.0,0.0,0.0,0.0,15.006243310738492,91005,780,0,0,49,UTAH
3106,490890,596.0,2156.48103732835,3.618256774040856,13.0,0.0,0.0,13.0,54.02349433257969,0.0,0.0,0.0,0.0,5.0,1.0,0.0,7.0,2.0072617246596067,0.0,0.0,39.01623260792008,91005,0,0,0,49,UTAH
3118,490902,581.0,1941.026166663376,3.3408367756684614,53.0,0.0,10.0,43.0,100.02342300740972,0.0,0.0,6.0,4.0,0.0,1.0,42.0,0.0,2.0072617246596067,0.0,7.00034489554592,38.01581638720418,91005,0,0,0,49,UTAH
3119,490903,129.0,474.3871815986648,3.6774200123927514,196.0,1.0,53.0,142.0,205.006960628057,1.0,0.0,19.0,34.0,8.0,34.0,69.0,31.0,1.0036308623298034,0.0,0.0,8.003329765727196,113111,0,0,0,49,UTAH
3182,490966,273.0,946.84203251872,3.4682858334019047,0.0,0.0,0.0,0.0,49.01260095898422,0.0,0.0,0.0,0.0,0.0,0.0,0.0,0.0,1.0036308623298034,0.0,30.00147812376823,18.007491972886193,99112,0,0,0,49,UTAH
3127,490911,42.0,141.06013953850317,3.358574750916742,0.0,0.0,0.0,0.0,4.004879524477502,0.0,0.0,0.0,0.0,0.0,0.0,0.0,0.0,1.0036308623298034,0.0,0.0,3.001248662147699,99112,0,0,0,49,UTAH
3122,490906,51.0,170.04509971764767,3.3342176415225038,0.0,0.0,0.0,0.0,16.019797140134912,0.0,0.0,0.0,0.0,0.0,0.0,0.0,0.0,5.018154311649017,0.0,8.000394166338195,3.001248662147699,103707,0,0,0,49,UTAH
3085,490869,0.0,0.0,0.0,0.0,0.0,0.0,0.0,4.0145234493192135,0.0,0.0,0.0,0.0,0.0,0.0,0.0,0.0,4.0145234493192135,0.0,0.0,0.0,58032,0,0,0,49,UTAH
3143,490927,0.0,0.0,0.0,1198.0,141.0,487.0,570.0,1198.0,141.0,0.0,481.0,6.0,20.0,163.0,0.0,387.0,0.0,0.0,0.0,0.0,58032,0,0,0,49,UTAH
3086,490870,5.0,18.35714144679151,3.671428289358302,190.0,2.0,163.0,25.0,192.0072617246596,2.0,0.0,64.0,99.0,2.0,14.0,0.0,9.0,2.0072617246596067,0.0,0.0,0.0,58032,0,0,0,49,UTAH
3087,490871,119.0,350.7180181676483,2.947210236702927,23.0,7.0,5.0,11.0,57.015355580938916,7.0,0.0,5.0,0.0,1.0,1.0,0.0,9.0,3.01089258698941,0.0,23.00113322822231,8.003329765727196,58032,0,0,0,49,UTAH
3144,490928,0.0,0.0,0.0,1215.0,481.0,247.0,487.0,1219.000197083169,373.0,108.0,247.0,0.0,148.0,85.0,75.0,179.0,0.0,0.0,4.000197083169097,0.0,58032,0,0,0,49,UTAH
3145,490929,0.0,0.0,0.0,1645.0,1005.0,41.0,599.0,1645.0,643.0,362.0,41.0,0.0,52.0,170.0,12.0,365.0,0.0,0.0,0.0,0.0,58032,0,0,0,49,UTAH
3088,490872,24.0,64.73307773342269,2.697211572225945,0.0,0.0,0.0,0.0,3.0044633037616024,0.0,0.0,0.0,0.0,0.0,0.0,0.0,0.0,1.0036308623298034,0.0,0.0,2.000832441431799,58032,0,0,0,49,UTAH
3146,490930,488.0,1569.0525110310216,3.215271538997995,150.0,54.0,17.0,79.0,260.0207437762437,54.0,0.0,15.0,2.0,20.0,3.0,4.0,52.0,1.0036308623298034,0.0,77.00379385100513,32.013319062908785,58032,0,0,0,49,UTAH
3179,490963,114.0,365.2104982572205,3.2036008619054432,0.0,0.0,0.0,0.0,30.011209956308665,0.0,0.0,0.0,0.0,0.0,0.0,0.0,0.0,2.0072617246596067,0.0,21.001034686637762,7.002913545011297,91005,0,0,0,49,UTAH
3178,490962,243.0,815.443546373265,3.355734758737716,241.0,94.0,2.0,145.0,340.0214937818257,94.0,0.0,0.0,2.0,25.0,63.0,0.0,57.0,3.01089258698941,0.0,80.00394166338195,16.006659531454392,91005,667,0,0,49,UTAH
3180,490964,248.0,856.988655963372,3.4555994192071453,0.0,0.0,0.0,0.0,17.010290393784196,0.0,0.0,0.0,0.0,0.0,0.0,0.0,0.0,1.0036308623298034,0.0,0.0,16.006659531454392,91005,0,0,0,49,UTAH
3147,490931,474.0,1678.2291943724658,3.5405679206170166,259.0,161.0,0.0,98.0,294.013099925362,69.0,92.0,0.0,0.0,11.0,5.0,1.0,81.0,0.0,0.0,4.000197083169097,31.012902842192887,61129,0,0,0,49,UTAH
3177,490961,418.0,1541.9998815304868,3.688994931891117,120.0,45.0,0.0,75.0,205.85452756238712,45.0,0.0,0.0,0.0,19.0,30.0,11.0,15.0,0.0,3.8405797094827583,55.00270989357509,27.01123795932929,99112,833,0,0,49,UTAH
3183,490967,184.0,690.8082176029436,3.75439248697252,933.0,206.0,13.0,714.0,953.0089704064666,186.0,20.0,0.0,13.0,46.0,355.0,2.0,311.0,1.0036308623298034,0.0,7.00034489554592,12.004994648590795,99112,0,0,1602,49,UTAH
3191,490975,179.0,596.1240143510717,3.3303017561512385,161.0,137.0,1.0,23.0,234.00800016691954,137.0,0.0,1.0,0.0,0.0,7.0,0.0,16.0,0.0,0.0,61.003005518328735,12.004994648590795,99112,0,0,0,49,UTAH
3184,490968,423.0,1499.488606601075,3.544890322933983,0.0,0.0,0.0,0.0,29.01528504237499,0.0,0.0,0.0,0.0,0.0,0.0,0.0,0.0,1.0036308623298034,0.0,0.0,28.011654180045188,99112,0,0,0,49,UTAH
3185,490969,95.0,314.9699006133701,3.315472638035475,0.0,0.0,0.0,0.0,146.02372160136395,0.0,0.0,0.0,0.0,0.0,0.0,0.0,0.0,4.0145234493192135,0.0,136.0067008277493,6.002497324295398,99112,0,0,0,49,UTAH
3186,490970,57.0,161.3496116639043,2.830694941472005,102.0,0.0,0.0,102.0,109.01255746985301,0.0,0.0,0.0,0.0,0.0,0.0,102.0,0.0,3.01089258698941,0.0,0.0,4.001664882863598,99112,0,0,0,49,UTAH
3187,490971,97.0,259.8984762729956,2.6793657347731505,52.0,2.0,4.0,46.0,58.0024973242954,2.0,0.0,1.0,3.0,12.0,2.0,0.0,32.0,0.0,0.0,0.0,6.002497324295398,113111,0,0,0,49,UTAH
3222,491006,2.0,5.7969920358288975,2.8984960179144488,424.0,214.0,60.0,150.0,424.0,214.0,0.0,1.0,59.0,59.0,72.0,0.0,19.0,0.0,0.0,0.0,0.0,69330,0,0,0,49,UTAH
3221,491005,185.0,617.3796518157776,3.3371873071123117,48.0,13.0,0.0,35.0,62.0122563732504,3.0,10.0,0.0,0.0,0.0,0.0,2.0,33.0,2.0072617246596067,0.0,0.0,12.004994648590795,78353,0,0,0,49,UTAH
3188,490972,671.0,2424.108836315784,3.6126808290846255,0.0,0.0,0.0,0.0,86.0203830847751,0.0,0.0,0.0,0.0,0.0,0.0,0.0,0.0,0.0,0.0,42.002069373275525,44.01831371149958,87780,0,0,0,49,UTAH
3192,490976,270.0,875.3457974101635,3.2420214718894944,26.0,7.0,0.0,19.0,45.011122835216,7.0,0.0,0.0,0.0,2.0,3.0,0.0,14.0,1.0036308623298034,0.0,0.0,18.007491972886193,99112,0,0,0,49,UTAH
3193,490977,460.0,1638.6164154609685,3.5622095988281925,243.0,27.0,42.0,174.0,273.01248662147697,26.0,1.0,0.0,42.0,45.0,61.0,0.0,68.0,0.0,0.0,0.0,30.012486621476985,93258,740,0,0,49,UTAH
3197,490981,463.0,1555.5261962807542,3.359667810541586,389.0,37.0,7.0,345.0,506.01677318040487,35.0,2.0,0.0,7.0,120.0,71.0,16.0,138.0,0.0,0.0,87.00428655892787,30.012486621476985,104274,543,0,0,49,UTAH
3194,490978,471.0,1715.9096426053538,3.643120260308607,0.0,0.0,0.0,0.0,167.0231852614797,0.0,0.0,0.0,0.0,0.0,0.0,0.0,0.0,1.0036308623298034,0.0,135.00665155695702,31.012902842192887,101106,0,0,0,49,UTAH
3219,491003,2.0,3.0,1.5,0.0,0.0,0.0,0.0,8.029046898638427,0.0,0.0,0.0,0.0,0.0,0.0,0.0,0.0,8.029046898638427,0.0,0.0,0.0,107346,0,0,0,49,UTAH
3214,490998,30.0,72.46240044786123,2.415413348262041,0.0,0.0,0.0,0.0,53.03916116721308,0.0,0.0,0.0,0.0,0.0,0.0,0.0,0.0,10.036308623298034,0.0,41.00202010248325,2.000832441431799,88338,0,0,0,49,UTAH
3408,491192,43.0,133.33081682406464,3.1007166703270848,0.0,0.0,0.0,0.0,51.00719525171441,0.0,0.0,0.0,0.0,0.0,0.0,0.0,0.0,1.0036308623298034,0.0,47.0023157272369,3.001248662147699,69330,0,0,0,49,UTAH
3215,490999,107.0,336.22553807807606,3.142294748393234,6.0,0.0,3.0,3.0,17.01743699433051,0.0,0.0,0.0,3.0,0.0,0.0,0.0,3.0,4.0145234493192135,0.0,0.0,7.002913545011297,69330,0,0,0,49,UTAH
3213,490997,191.0,579.6992035828898,3.035074364308324,186.0,4.0,65.0,117.0,258.0154810291259,3.0,1.0,13.0,52.0,30.0,8.0,3.0,76.0,2.0072617246596067,0.0,57.002808435159636,13.005410869306694,60557,0,0,0,49,UTAH
3151,490935,0.0,0.0,0.0,1125.0,814.0,0.0,311.0,1125.0,486.0,328.0,0.0,0.0,97.0,27.0,33.0,154.0,0.0,0.0,0.0,0.0,44074,0,0,0,49,UTAH
3150,490934,45.0,133.33081682406464,2.9629070405347697,249.0,151.0,3.0,95.0,252.0012486621477,102.0,49.0,0.0,3.0,15.0,5.0,7.0,68.0,0.0,0.0,0.0,3.001248662147699,44074,0,0,0,49,UTAH
3152,490936,87.0,265.6954683088245,3.0539709001014312,508.0,78.0,1.0,429.0,522.0028914906336,70.0,8.0,1.0,0.0,44.0,15.0,69.0,301.0,0.0,0.0,8.000394166338195,6.002497324295398,44074,0,0,0,49,UTAH
3153,490937,265.0,868.5826400350298,3.2776703397548297,183.0,70.0,0.0,113.0,208.0074699185085,33.0,37.0,0.0,0.0,10.0,2.0,55.0,46.0,0.0,0.0,8.000394166338195,17.00707575217029,44074,0,0,0,49,UTAH
3149,490933,323.0,1054.0863851815543,3.263425341119364,121.0,31.0,1.0,89.0,142.0087406350339,31.0,0.0,1.0,0.0,10.0,3.0,7.0,69.0,0.0,0.0,0.0,21.00874063503389,48351,0,0,0,49,UTAH
3148,490932,175.0,538.1540939927827,3.075166251387329,300.0,98.0,0.0,202.0,311.0045784278749,25.0,73.0,0.0,0.0,67.0,2.0,11.0,122.0,0.0,0.0,0.0,11.004578427874897,48351,0,0,0,49,UTAH
3169,490953,258.0,723.6578391393074,2.804875345501191,193.0,52.0,2.0,139.0,210.0070757521703,52.0,0.0,0.0,2.0,8.0,41.0,0.0,90.0,0.0,0.0,0.0,17.00707575217029,45450,412,0,0,49,UTAH
3168,490952,255.0,707.2330283711256,2.773462856357355,681.0,173.0,3.0,505.0,698.0070757521703,57.0,116.0,0.0,3.0,146.0,36.0,54.0,269.0,0.0,0.0,0.0,17.00707575217029,45450,0,0,0,49,UTAH
3195,490979,799.0,2892.69902587862,3.620399281450088,519.0,142.0,12.0,365.0,606.0233679549564,107.0,35.0,2.0,10.0,10.0,46.0,135.0,174.0,0.0,0.0,35.0017244777296,52.021643477226775,75801,425,0,0,49,UTAH
3176,490960,286.0,1013.5074409307524,3.5437323109466865,16.0,6.0,0.0,10.0,44.00835163073256,6.0,0.0,0.0,0.0,0.0,7.0,0.0,3.0,0.0,0.0,9.00044343713047,19.00790819360209,62215,0,1212,0,49,UTAH
3172,490956,241.0,796.1202395871686,3.303403483764185,903.0,25.0,143.0,735.0,1051.0167448675722,16.0,9.0,139.0,4.0,21.0,173.0,23.0,518.0,1.0036308623298034,0.0,131.00645447378793,16.006659531454392,51785,0,0,0,49,UTAH
3171,490955,181.0,504.3383071171141,2.7863994868348843,119.0,43.0,0.0,76.0,131.0049946485908,17.0,26.0,0.0,0.0,29.0,3.0,1.0,43.0,0.0,0.0,0.0,12.004994648590795,58353,0,0,0,49,UTAH
3170,490954,207.0,575.8345422256705,2.781809382732708,57.0,12.0,3.0,42.0,71.00582709002259,12.0,0.0,0.0,3.0,2.0,8.0,10.0,22.0,0.0,0.0,0.0,14.005827090022594,58353,0,0,0,49,UTAH
3175,490959,323.0,1112.0563055398436,3.442898778761126,21.0,0.0,0.0,21.0,42.00874063503389,0.0,0.0,0.0,0.0,0.0,5.0,11.0,5.0,0.0,0.0,0.0,21.00874063503389,60125,0,0,0,49,UTAH
3173,490957,331.0,1087.9021720572232,3.286713510746898,453.0,11.0,7.0,435.0,475.0091568557498,11.0,0.0,1.0,6.0,4.0,118.0,1.0,312.0,0.0,0.0,0.0,22.00915685574979,51785,0,1255,0,49,UTAH
3198,490982,298.0,943.9435365008056,3.167595760069817,0.0,0.0,0.0,0.0,67.01064014155489,0.0,0.0,0.0,0.0,0.0,0.0,0.0,0.0,0.0,0.0,47.0023157272369,20.00832441431799,102351,0,0,0,49,UTAH
3154,490938,244.0,804.815727640912,3.298425113282426,695.0,184.0,1.0,510.0,775.8502447592658,2.0,182.0,1.0,0.0,61.0,11.0,137.0,301.0,0.0,3.8405797094827583,61.003005518328735,16.006659531454392,58209,0,0,0,49,UTAH
3161,490945,333.0,1061.815707895993,3.1886357594474264,88.0,0.0,87.0,1.0,110.0091568557498,0.0,0.0,86.0,1.0,0.0,1.0,0.0,0.0,0.0,0.0,0.0,22.00915685574979,83918,0,0,0,49,UTAH
3163,490947,329.0,1059.8833772173834,3.2215300219373355,332.0,20.0,21.0,291.0,399.0113740414021,20.0,0.0,0.0,21.0,93.0,47.0,2.0,149.0,0.0,0.0,45.00221718565235,22.00915685574979,56042,0,0,0,49,UTAH
3155,490939,169.0,531.390936617649,3.1443250687434854,224.0,7.0,10.0,207.0,239.004775511044,7.0,0.0,0.0,10.0,33.0,51.0,2.0,121.0,0.0,0.0,4.000197083169097,11.004578427874897,58209,619,0,0,49,UTAH
3164,490948,66.0,192.26690252165844,2.9131348866917945,782.0,53.0,62.0,667.0,789.0018126952403,53.0,0.0,0.0,62.0,55.0,237.0,0.0,375.0,0.0,0.0,3.000147812376823,4.001664882863598,56042,0,0,1442,49,UTAH
3162,490946,345.0,1136.210439022464,3.2933635913694608,243.0,42.0,23.0,178.0,291.01438643781006,42.0,0.0,0.0,23.0,23.0,85.0,4.0,66.0,1.0036308623298034,0.0,24.001182499014583,23.00957307646569,83918,852,0,0,49,UTAH
3165,490949,360.0,1146.838257754817,3.185661827096714,261.0,18.0,3.0,240.0,285.0099892971816,18.0,0.0,0.0,3.0,12.0,12.0,164.0,52.0,0.0,0.0,0.0,24.00998929718159,50048,0,0,0,49,UTAH
3167,490951,213.0,668.5864147989329,3.138903355863534,500.0,93.0,14.0,393.0,523.0062705271531,73.0,20.0,0.0,14.0,80.0,18.0,32.0,263.0,0.0,0.0,9.00044343713047,14.005827090022594,56042,0,0,0,49,UTAH
3166,490950,176.0,554.5789047609645,3.151016504323662,808.0,39.0,2.0,767.0,820.0049946485908,3.0,36.0,0.0,2.0,40.0,578.0,53.0,96.0,0.0,0.0,0.0,12.004994648590795,50625,0,0,0,49,UTAH
3203,490987,249.0,799.0187356050831,3.2089105847593697,4.0,1.0,3.0,0.0,146.01286765128097,1.0,0.0,0.0,3.0,0.0,0.0,0.0,0.0,0.0,0.0,126.00620811982657,16.006659531454392,105921,0,0,0,49,UTAH
3211,490995,169.0,526.5601099211249,3.115740295391272,727.0,70.0,223.0,434.0,738.0045784278749,35.0,35.0,142.0,81.0,55.0,74.0,21.0,284.0,0.0,0.0,0.0,11.004578427874897,49164,0,7,265,49,UTAH
3207,490991,261.0,792.2555782299494,3.035461985555361,6.0,0.0,0.0,6.0,339.029808505604,0.0,0.0,0.0,0.0,2.0,0.0,0.0,4.0,2.0072617246596067,0.0,314.01547102877413,17.00707575217029,105921,0,0,0,49,UTAH
3205,490989,310.0,892.7367735176502,2.879796043605324,0.0,0.0,0.0,0.0,132.02100592612777,0.0,0.0,0.0,0.0,0.0,0.0,0.0,0.0,2.0072617246596067,0.0,110.00541978715017,20.00832441431799,105921,0,0,0,49,UTAH
3208,490992,108.0,364.24433291791576,3.372632712202924,0.0,0.0,0.0,0.0,10.013806132000706,0.0,0.0,0.0,0.0,0.0,0.0,0.0,0.0,3.01089258698941,0.0,0.0,7.002913545011297,105921,0,0,0,49,UTAH
3209,490993,143.0,514.9661258494671,3.601161719227042,751.0,26.0,64.0,661.0,760.003745986443,26.0,0.0,16.0,48.0,14.0,386.0,2.0,259.0,0.0,0.0,0.0,9.003745986443096,105921,921,438,414,49,UTAH
3210,490994,217.0,780.6615941582916,3.597518867088901,98.0,11.0,3.0,84.0,116.00960576472922,11.0,0.0,0.0,3.0,8.0,0.0,18.0,58.0,1.0036308623298034,0.0,3.000147812376823,14.005827090022594,105921,0,0,0,49,UTAH
3206,490990,132.0,351.6841835069531,2.6642741174769173,76.0,9.0,5.0,62.0,87.01100771110269,9.0,0.0,0.0,5.0,29.0,18.0,0.0,15.0,2.0072617246596067,0.0,0.0,9.003745986443096,105921,0,0,0,49,UTAH
3212,490996,143.0,495.6428190633708,3.466033699743852,196.0,24.0,16.0,156.0,211.00762320273427,24.0,0.0,12.0,4.0,1.0,25.0,0.0,130.0,1.0036308623298034,0.0,5.000246353961372,9.003745986443096,105921,0,0,0,49,UTAH
3225,491009,15.0,37.68044823288784,2.512029882192522,0.0,0.0,0.0,0.0,29.10208036595039,0.0,0.0,0.0,0.0,0.0,0.0,0.0,0.0,28.10166414523449,0.0,0.0,1.0004162207158995,62476,0,0,0,49,UTAH
3075,490859,355.0,1037.6615744133726,2.9229903504602044,262.0,9.0,178.0,75.0,287.0168348011253,8.0,1.0,118.0,60.0,59.0,6.0,0.0,10.0,2.0072617246596067,0.0,0.0,23.00957307646569,51304,0,0,0,49,UTAH
3134,490918,0.0,0.0,0.0,666.0,93.0,192.0,381.0,670.0145234493192,93.0,0.0,142.0,50.0,234.0,84.0,0.0,63.0,4.0145234493192135,0.0,0.0,0.0,51304,0,0,0,49,UTAH
3232,491016,12.0,24.15413348262041,2.0128444568850337,0.0,0.0,0.0,0.0,7.0222013946947195,0.0,0.0,0.0,0.0,0.0,0.0,0.0,0.0,6.02178517397882,0.0,0.0,1.0004162207158995,51304,0,0,0,49,UTAH
3132,490916,2.0,5.7969920358288975,2.8984960179144488,458.0,11.0,272.0,175.0,465.0254160363086,11.0,0.0,47.0,225.0,111.0,51.0,0.0,13.0,7.025416036308624,0.0,0.0,0.0,51304,0,0,0,49,UTAH
3135,490919,0.0,0.0,0.0,788.0,69.0,577.0,142.0,788.0,69.0,0.0,463.0,114.0,24.0,80.0,0.0,38.0,0.0,0.0,0.0,0.0,51304,0,0,0,49,UTAH
3141,490925,0.0,0.0,0.0,788.0,4.0,601.0,183.0,788.0,4.0,0.0,582.0,19.0,92.0,21.0,36.0,34.0,0.0,0.0,0.0,0.0,51304,0,0,0,49,UTAH
3230,491014,9.0,18.35714144679151,2.0396823829768342,0.0,0.0,0.0,0.0,7.0222013946947195,0.0,0.0,0.0,0.0,0.0,0.0,0.0,0.0,6.02178517397882,0.0,0.0,1.0004162207158995,51304,0,0,0,49,UTAH
3228,491012,12.0,23.18796814331559,1.9323306786096328,0.0,0.0,0.0,0.0,7.0222013946947195,0.0,0.0,0.0,0.0,0.0,0.0,0.0,0.0,6.02178517397882,0.0,0.0,1.0004162207158995,51304,0,0,0,49,UTAH
3229,491013,9.0,18.35714144679151,2.0396823829768342,0.0,0.0,0.0,0.0,5.014939670035113,0.0,0.0,0.0,0.0,0.0,0.0,0.0,0.0,4.0145234493192135,0.0,0.0,1.0004162207158995,51304,0,0,0,49,UTAH
3139,490923,25.0,69.56390442994677,2.782556177197871,14.0,4.0,4.0,6.0,21.018986753080817,4.0,0.0,0.0,4.0,1.0,0.0,0.0,5.0,5.018154311649017,0.0,0.0,2.000832441431799,51304,0,0,0,49,UTAH
3233,491017,6.0,17.390976107486694,2.8984960179144488,0.0,0.0,0.0,0.0,5.018154311649017,0.0,0.0,0.0,0.0,0.0,0.0,0.0,0.0,5.018154311649017,0.0,0.0,0.0,51304,0,0,0,49,UTAH
3138,490922,119.0,308.2067432382364,2.589972632254088,0.0,0.0,0.0,0.0,12.01785321504641,0.0,0.0,0.0,0.0,0.0,0.0,0.0,0.0,4.0145234493192135,0.0,0.0,8.003329765727196,51304,0,0,0,49,UTAH
3237,491021,4.0,7.72932271443853,1.9323306786096328,0.0,0.0,0.0,0.0,7.025416036308624,0.0,0.0,0.0,0.0,0.0,0.0,0.0,0.0,7.025416036308624,0.0,0.0,0.0,51304,0,0,0,49,UTAH
3235,491019,4.0,7.72932271443853,1.9323306786096328,0.0,0.0,0.0,0.0,4.0145234493192135,0.0,0.0,0.0,0.0,0.0,0.0,0.0,0.0,4.0145234493192135,0.0,0.0,0.0,51304,0,0,0,49,UTAH
3238,491022,3.0,6.763157375133714,2.254385791711238,0.0,0.0,0.0,0.0,2.0072617246596067,0.0,0.0,0.0,0.0,0.0,0.0,0.0,0.0,2.0072617246596067,0.0,0.0,0.0,51304,0,0,0,49,UTAH
3158,490942,242.0,690.8082176029436,2.8545794115824115,1.0,1.0,0.0,0.0,315.0285054106272,1.0,0.0,0.0,0.0,0.0,0.0,0.0,0.0,2.0072617246596067,0.0,296.0145841545132,16.006659531454392,51304,0,0,0,49,UTAH
3156,490940,73.0,189.368406503744,2.59408776032526,76.0,8.0,3.0,65.0,121.007633526808,8.0,0.0,3.0,0.0,15.0,1.0,0.0,49.0,1.0036308623298034,0.0,39.0019215608987,5.002081103579497,51304,0,0,0,49,UTAH
3160,490944,156.0,443.4698907409106,2.8427557098776326,0.0,0.0,0.0,0.0,104.01237525317032,0.0,0.0,0.0,0.0,0.0,0.0,0.0,0.0,1.0036308623298034,0.0,93.00458218368152,10.004162207158997,51304,0,0,0,49,UTAH
3262,491046,8.0,20.289472125401144,2.536184015675143,0.0,0.0,0.0,0.0,5.014939670035113,0.0,0.0,0.0,0.0,0.0,0.0,0.0,0.0,4.0145234493192135,0.0,0.0,1.0004162207158995,76841,0,0,0,49,UTAH
3291,491075,10.0,20.289472125401144,2.0289472125401145,0.0,0.0,0.0,0.0,35.12386553992921,0.0,0.0,0.0,0.0,0.0,0.0,0.0,0.0,34.123449319213314,0.0,0.0,1.0004162207158995,76841,0,0,0,49,UTAH
3200,490984,138.0,417.38342657968064,3.024517583910729,496.0,22.0,73.0,401.0,662.0186446839051,3.0,19.0,51.0,22.0,229.0,41.0,2.0,129.0,2.0072617246596067,0.0,155.00763697280252,9.003745986443096,75589,0,0,0,49,UTAH
3199,490983,111.0,302.4097512024075,2.724412172994662,120.0,0.0,5.0,115.0,260.02379292653393,0.0,0.0,4.0,1.0,24.0,15.0,0.0,76.0,4.0145234493192135,0.0,129.00635593220338,7.002913545011297,75589,0,0,0,49,UTAH
3201,490985,258.0,815.443546373265,3.16063390067157,0.0,0.0,0.0,0.0,45.02278170050408,0.0,0.0,0.0,0.0,0.0,0.0,0.0,0.0,4.0145234493192135,0.0,24.001182499014583,17.00707575217029,75589,0,0,0,49,UTAH
3272,491056,12.0,36.71428289358302,3.059523574465252,11.0,0.0,5.0,6.0,15.01130880770531,0.0,0.0,0.0,5.0,2.0,0.0,0.0,4.0,3.01089258698941,0.0,0.0,1.0004162207158995,75589,0,0,0,49,UTAH
3308,491092,31.0,98.54886460909128,3.1789956325513318,1.0,0.0,0.0,1.0,6.011725028421209,0.0,0.0,0.0,0.0,1.0,0.0,0.0,0.0,3.01089258698941,0.0,0.0,2.000832441431799,75589,0,0,0,49,UTAH
3331,491115,6.0,16.424810768181878,2.737468461363646,0.0,0.0,0.0,0.0,2.0072617246596067,0.0,0.0,0.0,0.0,0.0,0.0,0.0,0.0,2.0072617246596067,0.0,0.0,0.0,75589,0,0,0,49,UTAH
3333,491117,493.0,1423.1615447959944,2.886737413379299,0.0,0.0,0.0,0.0,158.0266903658104,0.0,0.0,0.0,0.0,0.0,0.0,0.0,0.0,2.0072617246596067,0.0,124.00610957824202,32.013319062908785,75589,0,0,0,49,UTAH
3315,491099,276.0,845.3946718917142,3.063024173520704,0.0,0.0,0.0,0.0,59.013093666906975,0.0,0.0,0.0,0.0,0.0,0.0,0.0,0.0,1.0036308623298034,0.0,40.001970831690976,18.007491972886193,56564,0,0,0,49,UTAH
3319,491103,7.0,13.526314750267428,1.9323306786096328,0.0,0.0,0.0,0.0,7.025416036308624,0.0,0.0,0.0,0.0,0.0,0.0,0.0,0.0,7.025416036308624,0.0,0.0,0.0,56564,0,0,0,49,UTAH
3320,491104,74.0,247.33832686203297,3.342409822459905,195.0,4.0,86.0,105.0,204.01660455289868,4.0,0.0,1.0,85.0,13.0,16.0,0.0,76.0,4.0145234493192135,0.0,0.0,5.002081103579497,56564,0,0,0,49,UTAH
3322,491106,64.0,209.65787862914516,3.2759043535803927,0.0,0.0,0.0,0.0,142.02279061834756,0.0,0.0,0.0,0.0,0.0,0.0,0.0,0.0,4.0145234493192135,0.0,134.00660228616476,4.001664882863598,56564,0,0,0,49,UTAH
3321,491105,44.0,124.63532877032132,2.8326211084163933,109.0,4.0,54.0,51.0,267.0232120011003,4.0,0.0,0.0,54.0,6.0,8.0,0.0,37.0,4.0145234493192135,0.0,151.00743988963342,3.001248662147699,56564,0,0,0,49,UTAH
3341,491125,0.0,0.0,0.0,706.0,44.0,599.0,63.0,707.0036308623298,12.0,32.0,38.0,561.0,58.0,5.0,0.0,0.0,1.0036308623298034,0.0,0.0,0.0,56564,0,0,0,49,UTAH
3339,491123,0.0,0.0,0.0,578.0,0.0,577.0,1.0,579.0036308623298,0.0,0.0,577.0,0.0,0.0,1.0,0.0,0.0,1.0036308623298034,0.0,0.0,0.0,56564,0,0,0,49,UTAH
3340,491124,40.0,99.51502994839608,2.487875748709902,385.0,7.0,161.0,217.0,392.0157721114669,6.0,1.0,74.0,87.0,177.0,20.0,4.0,16.0,4.0145234493192135,0.0,0.0,3.001248662147699,56564,0,0,0,49,UTAH
3324,491108,34.0,96.61653393048162,2.8416627626612243,0.0,0.0,0.0,0.0,4.008094166091405,0.0,0.0,0.0,0.0,0.0,0.0,0.0,0.0,2.0072617246596067,0.0,0.0,2.000832441431799,56564,0,0,0,49,UTAH
3323,491107,35.0,122.70299809171166,3.505799945477476,80.0,44.0,1.0,35.0,91.03351020240002,44.0,0.0,0.0,1.0,2.0,9.0,2.0,22.0,9.03267776096823,0.0,0.0,2.000832441431799,57510,0,0,0,49,UTAH
3325,491109,119.0,383.5676397040121,3.2232574765043034,0.0,0.0,0.0,0.0,96.03631832774758,0.0,0.0,0.0,0.0,0.0,0.0,0.0,0.0,8.029046898638427,0.0,80.00394166338195,8.003329765727196,56564,0,0,0,49,UTAH
3430,491214,12.0,30.91729085775412,2.576440904812844,49.0,1.0,15.0,33.0,59.033093981684125,1.0,0.0,0.0,15.0,5.0,3.0,0.0,25.0,9.03267776096823,0.0,0.0,1.0004162207158995,61056,0,0,0,49,UTAH
3431,491215,12.0,28.98496017914449,2.415413348262041,114.0,5.0,59.0,50.0,120.01857053236492,5.0,0.0,0.0,59.0,0.0,9.0,0.0,41.0,5.018154311649017,0.0,0.0,1.0004162207158995,56564,0,0,0,49,UTAH
3382,491166,141.0,418.3495919189855,2.9670183824041523,302.0,3.0,30.0,269.0,315.0182694357623,0.0,3.0,29.0,1.0,167.0,10.0,17.0,75.0,4.0145234493192135,0.0,0.0,9.003745986443096,105921,0,0,0,49,UTAH
3332,491116,150.0,460.8608668483974,3.072405778989316,93.0,0.0,24.0,69.0,108.02231651880801,0.0,0.0,1.0,23.0,3.0,4.0,0.0,62.0,5.018154311649017,0.0,0.0,10.004162207158997,75589,0,0,0,49,UTAH
3383,491167,104.0,324.6315540064183,3.1214572500617144,536.0,13.0,199.0,324.0,627.0177970661749,12.0,1.0,3.0,196.0,187.0,78.0,17.0,42.0,3.01089258698941,0.0,81.00399093417423,7.002913545011297,105921,0,0,0,49,UTAH
3384,491168,10.0,37.68044823288784,3.768044823288784,407.0,12.0,320.0,75.0,417.0008596578464,12.0,0.0,0.0,320.0,0.0,64.0,0.0,11.0,0.0,0.0,9.00044343713047,1.0004162207158995,105921,0,0,0,49,UTAH
3385,491169,134.0,456.03004015187327,3.4032092548647257,8.0,0.0,8.0,0.0,19.011007711102703,0.0,0.0,8.0,0.0,0.0,0.0,0.0,0.0,2.0072617246596067,0.0,0.0,9.003745986443096,105921,0,0,0,49,UTAH
3380,491164,192.0,605.7856677441198,3.1551336861672907,689.0,8.0,100.0,581.0,782.0236788988387,0.0,8.0,59.0,41.0,201.0,96.0,12.0,272.0,4.0145234493192135,0.0,76.00374458021285,13.005410869306694,105921,0,0,0,49,UTAH
3387,491171,63.0,216.42103600427885,3.4352545397504577,1.0,0.0,0.0,1.0,107.02818005290075,0.0,0.0,0.0,0.0,0.0,0.0,0.0,1.0,6.02178517397882,0.0,96.00472999605833,4.001664882863598,105921,0,0,0,49,UTAH
3394,491178,93.0,329.4623807029424,3.54260624411766,902.0,87.0,49.0,766.0,909.0061281866252,84.0,3.0,13.0,36.0,74.0,316.0,49.0,327.0,1.0036308623298034,0.0,0.0,6.002497324295398,85315,0,0,1374,49,UTAH
3326,491110,35.0,110.14284868074904,3.146938533735687,0.0,0.0,0.0,0.0,103.02371674913914,0.0,0.0,0.0,0.0,0.0,0.0,0.0,0.0,5.018154311649017,0.0,96.00472999605833,2.000832441431799,30043,0,0,0,49,UTAH
3395,491179,81.0,243.4736655048137,3.00584772228165,92.0,9.0,6.0,77.0,147.00812623473072,9.0,0.0,0.0,6.0,1.0,12.0,3.0,61.0,1.0036308623298034,0.0,49.00241426882144,5.002081103579497,75991,0,0,0,49,UTAH
3412,491196,149.0,479.2180082951889,3.216228243591872,161.0,0.0,6.0,155.0,214.0206072173769,0.0,0.0,0.0,6.0,65.0,12.0,39.0,39.0,4.0145234493192135,0.0,39.0019215608987,10.004162207158997,69330,0,0,0,49,UTAH
3410,491194,97.0,292.74809780935936,3.018021626900612,401.0,7.0,34.0,360.0,412.02065163594443,2.0,5.0,13.0,21.0,172.0,17.0,12.0,159.0,5.018154311649017,0.0,0.0,6.002497324295398,69330,0,0,0,49,UTAH
3413,491197,47.0,163.28194234251396,3.4740838796279565,329.0,2.0,13.0,314.0,406.01205788385107,0.0,2.0,9.0,4.0,172.0,30.0,41.0,71.0,2.0072617246596067,0.0,72.00354749704375,3.001248662147699,104591,0,0,0,49,UTAH
3402,491186,339.0,1221.2329888812878,3.602457194340082,0.0,0.0,0.0,0.0,28.013034072040966,0.0,0.0,0.0,0.0,0.0,0.0,0.0,0.0,1.0036308623298034,0.0,5.000246353961372,22.00915685574979,75108,0,0,0,49,UTAH
3409,491193,83.0,218.3533666828885,2.6307634540107045,409.0,43.0,20.0,346.0,488.0200535083579,28.0,15.0,7.0,13.0,79.0,19.0,8.0,240.0,4.0145234493192135,0.0,70.0034489554592,5.002081103579497,72269,0,0,0,49,UTAH
3403,491187,191.0,711.0976897283448,3.723024553551544,0.0,0.0,0.0,0.0,14.009041731636497,0.0,0.0,0.0,0.0,0.0,0.0,0.0,0.0,1.0036308623298034,0.0,0.0,13.005410869306694,75108,0,0,0,49,UTAH
3401,491185,212.0,713.9961857462592,3.3679065365389587,28.0,3.0,0.0,25.0,121.02404584876238,3.0,0.0,0.0,0.0,1.0,3.0,6.0,15.0,4.0145234493192135,0.0,75.00369530942058,14.005827090022594,89915,0,0,0,49,UTAH
3405,491189,112.0,382.60147436470726,3.416084592542029,498.0,209.0,0.0,289.0,505.0029135450113,209.0,0.0,0.0,0.0,2.0,194.0,38.0,55.0,0.0,0.0,0.0,7.002913545011297,85315,528,0,0,49,UTAH
3404,491188,220.0,806.7480583195216,3.6670366287250986,27.0,1.0,0.0,26.0,52.00636906873761,1.0,0.0,0.0,0.0,21.0,1.0,1.0,3.0,0.0,0.0,11.000541978715018,14.005827090022594,85315,0,0,0,49,UTAH
3369,491153,6.0,22.22180280401077,3.703633800668463,0.0,0.0,0.0,0.0,3.01089258698941,0.0,0.0,0.0,0.0,0.0,0.0,0.0,0.0,3.01089258698941,0.0,0.0,0.0,109773,0,0,0,49,UTAH
3424,491208,202.0,714.962351085564,3.5394175796315053,0.0,0.0,0.0,0.0,13.005410869306694,0.0,0.0,0.0,0.0,0.0,0.0,0.0,0.0,0.0,0.0,0.0,13.005410869306694,83427,0,0,0,49,UTAH
3368,491152,94.0,301.44358586310267,3.206846658118113,25.0,1.0,0.0,24.0,32.006128186625205,1.0,0.0,0.0,0.0,4.0,1.0,1.0,18.0,1.0036308623298034,0.0,0.0,6.002497324295398,109773,0,0,0,49,UTAH
3426,491210,271.0,990.3194727874368,3.6543153977396186,53.0,3.0,21.0,29.0,180.0128624892441,3.0,0.0,1.0,20.0,2.0,3.0,23.0,1.0,0.0,0.0,109.0053705163579,18.007491972886193,83427,0,0,0,49,UTAH
3428,491212,203.0,685.0112255671147,3.374439534813373,0.0,0.0,0.0,0.0,13.005410869306694,0.0,0.0,0.0,0.0,0.0,0.0,0.0,0.0,0.0,0.0,0.0,13.005410869306694,114538,0,0,0,49,UTAH
3349,491133,87.0,257.966145594386,2.9651281102802987,101.0,22.0,1.0,78.0,108.0061281866252,22.0,0.0,1.0,0.0,0.0,17.0,49.0,12.0,1.0036308623298034,0.0,0.0,6.002497324295398,30043,0,0,0,49,UTAH
3348,491132,181.0,581.6315342614994,3.21343389094751,0.0,0.0,0.0,0.0,88.01948400341624,0.0,0.0,0.0,0.0,0.0,0.0,0.0,0.0,3.01089258698941,0.0,73.00359676783603,12.004994648590795,30043,0,0,0,49,UTAH
3344,491128,149.0,466.65785888422624,3.13193193882031,83.0,76.0,1.0,6.0,96.01505479414841,76.0,0.0,0.0,1.0,0.0,1.0,0.0,5.0,3.01089258698941,0.0,0.0,10.004162207158997,30043,0,0,0,49,UTAH
3329,491113,179.0,497.5751497419804,2.779749439899332,196.0,8.0,25.0,163.0,457.0351710335548,0.0,8.0,22.0,3.0,60.0,16.0,7.0,80.0,5.018154311649017,0.0,244.01202207331494,12.004994648590795,30043,0,0,0,49,UTAH
3345,491129,55.0,165.21427302112355,3.003895873111338,413.0,232.0,98.0,83.0,418.00529574519345,201.0,31.0,0.0,98.0,2.0,28.0,1.0,52.0,1.0036308623298034,0.0,0.0,4.001664882863598,30043,0,0,0,49,UTAH
3347,491131,168.0,557.477400778879,3.318317861779041,376.0,289.0,6.0,81.0,387.0045784278749,283.0,6.0,6.0,0.0,1.0,45.0,2.0,33.0,0.0,0.0,0.0,11.004578427874897,30043,454,0,0,49,UTAH
3350,491134,240.0,766.1691140687193,3.192371308619664,258.0,107.0,39.0,112.0,286.00725078096167,69.0,38.0,0.0,39.0,7.0,22.0,20.0,63.0,0.0,0.0,12.000591249507291,16.006659531454392,56620,0,0,0,49,UTAH
3351,491135,198.0,679.2142335312858,3.430374916824676,145.0,51.0,7.0,87.0,163.00565722326806,47.0,4.0,2.0,5.0,4.0,8.0,0.0,75.0,0.0,0.0,5.000246353961372,13.005410869306694,56620,0,0,0,49,UTAH
3366,491150,188.0,620.2781478336921,3.299351850179213,262.0,52.0,9.0,201.0,274.0049946485908,49.0,3.0,7.0,2.0,70.0,24.0,36.0,71.0,0.0,0.0,0.0,12.004994648590795,77634,0,0,0,49,UTAH
3372,491156,90.0,270.5262950053486,3.00584772228165,858.0,20.0,0.0,838.0,879.0068179777171,20.0,0.0,0.0,0.0,0.0,71.0,767.0,0.0,1.0036308623298034,0.0,14.00068979109184,6.002497324295398,89915,0,0,0,49,UTAH
3371,491155,357.0,1202.8758474344963,3.3694001328697376,0.0,0.0,0.0,0.0,32.017179696671214,0.0,0.0,0.0,0.0,0.0,0.0,0.0,0.0,2.0072617246596067,0.0,7.00034489554592,23.00957307646569,71171,0,0,0,49,UTAH
3370,491154,38.0,114.97367537727314,3.02562303624403,0.0,0.0,0.0,0.0,8.022617615410619,0.0,0.0,0.0,0.0,0.0,0.0,0.0,0.0,6.02178517397882,0.0,0.0,2.000832441431799,82941,0,0,0,49,UTAH
3367,491151,167.0,578.7330382435849,3.465467294871766,16.0,1.0,4.0,11.0,38.52631755751507,1.0,0.0,0.0,4.0,2.0,1.0,7.0,1.0,0.0,11.521739129640178,0.0,11.004578427874897,82148,0,0,0,49,UTAH
3363,491147,305.0,1011.5751102521426,3.31663970574473,21.0,0.0,14.0,7.0,46.00857076827936,0.0,0.0,14.0,0.0,2.0,1.0,3.0,1.0,0.0,0.0,5.000246353961372,20.00832441431799,77834,0,0,0,49,UTAH
3364,491148,403.0,1378.717939187973,3.421136325528469,333.0,130.0,2.0,201.0,367.0112159049516,82.0,48.0,0.0,2.0,3.0,42.0,46.0,110.0,0.0,0.0,8.000394166338195,26.010821738613387,60420,447,0,0,49,UTAH
3362,491146,245.0,785.4924208548157,3.206091513693125,1240.0,171.0,96.0,973.0,1256.0066595314545,169.0,2.0,18.0,78.0,57.0,363.0,11.0,542.0,0.0,0.0,0.0,16.006659531454392,77052,0,1224,1459,49,UTAH
3379,491163,54.0,181.63908378930543,3.3636867368389898,0.0,0.0,0.0,0.0,8.01618833218281,0.0,0.0,0.0,0.0,0.0,0.0,0.0,0.0,4.0145234493192135,0.0,0.0,4.001664882863598,67250,0,0,0,49,UTAH
3374,491158,444.0,1577.747999084765,3.5534864844251466,241.0,12.0,10.0,219.0,271.0157012630909,12.0,0.0,1.0,9.0,39.0,92.0,5.0,83.0,1.0036308623298034,0.0,0.0,29.01207040076109,67250,631,0,0,49,UTAH
3373,491157,187.0,714.962351085564,3.8233280806714656,0.0,0.0,0.0,0.0,14.012256373250402,0.0,0.0,0.0,0.0,0.0,0.0,0.0,0.0,2.0072617246596067,0.0,0.0,12.004994648590795,67250,0,0,0,49,UTAH
3346,491130,444.0,1525.575070762305,3.4359798891042903,125.0,103.0,5.0,17.0,163.01251383789156,21.0,82.0,3.0,2.0,1.0,3.0,0.0,13.0,0.0,0.0,9.00044343713047,29.01207040076109,55219,0,0,0,49,UTAH
3365,491149,195.0,651.1954386914462,3.3394637881612623,836.0,307.0,16.0,513.0,852.0055586816835,235.0,72.0,16.0,0.0,17.0,121.0,5.0,370.0,0.0,0.0,3.000147812376823,13.005410869306694,54104,0,0,0,49,UTAH
3352,491136,289.0,897.5676002141744,3.1057702429556207,473.0,78.0,6.0,389.0,492.0079081936021,8.0,70.0,3.0,3.0,6.0,193.0,8.0,182.0,0.0,0.0,0.0,19.00790819360209,43532,470,0,0,49,UTAH
3353,491137,304.0,930.417221750538,3.060582966284665,400.0,251.0,3.0,146.0,420.008324414318,248.0,3.0,0.0,3.0,0.0,60.0,12.0,74.0,0.0,0.0,0.0,20.00832441431799,67233,408,0,0,49,UTAH
3354,491138,313.0,968.097669983426,3.0929638018639807,485.0,75.0,303.0,107.0,513.0090855305798,75.0,0.0,0.0,303.0,4.0,70.0,5.0,28.0,0.0,0.0,7.00034489554592,21.00874063503389,65557,0,713,0,49,UTAH
3355,491139,51.0,157.48495030668505,3.087940202091864,324.0,65.0,31.0,228.0,327.0012486621477,30.0,35.0,3.0,28.0,78.0,38.0,32.0,80.0,0.0,0.0,0.0,3.001248662147699,74447,0,0,0,49,UTAH
3357,491141,344.0,1049.2555584850304,3.0501615072239256,125.0,5.0,0.0,120.0,153.00981943042706,4.0,1.0,0.0,0.0,11.0,1.0,88.0,20.0,0.0,0.0,5.000246353961372,23.00957307646569,64531,0,0,0,49,UTAH
3358,491142,239.0,799.9849009443878,3.347217158763129,0.0,0.0,0.0,0.0,16.006659531454392,0.0,0.0,0.0,0.0,0.0,0.0,0.0,0.0,0.0,0.0,0.0,16.006659531454392,79681,0,0,0,49,UTAH
3360,491144,96.0,351.6841835069531,3.6633769115307615,0.0,0.0,0.0,0.0,7.006128186625201,0.0,0.0,0.0,0.0,0.0,0.0,0.0,0.0,1.0036308623298034,0.0,0.0,6.002497324295398,76922,0,0,0,49,UTAH
3359,491143,85.0,283.0864444163112,3.330428757838955,0.0,0.0,0.0,0.0,9.013389911284808,0.0,0.0,0.0,0.0,0.0,0.0,0.0,0.0,3.01089258698941,0.0,0.0,6.002497324295398,79681,0,0,0,49,UTAH
3376,491160,20.0,68.59773909064195,3.4298869545320976,0.0,0.0,0.0,0.0,4.011308807705309,0.0,0.0,0.0,0.0,0.0,0.0,0.0,0.0,3.01089258698941,0.0,0.0,1.0004162207158995,79681,0,0,0,49,UTAH
3378,491162,19.0,62.80074705481306,3.3053024765691084,0.0,0.0,0.0,0.0,3.007677945375506,0.0,0.0,0.0,0.0,0.0,0.0,0.0,0.0,2.0072617246596067,0.0,0.0,1.0004162207158995,79681,0,0,0,49,UTAH
3442,491226,5.0,11.593984071657797,2.318796814331559,0.0,0.0,0.0,0.0,5.018154311649017,0.0,0.0,0.0,0.0,0.0,0.0,0.0,0.0,5.018154311649017,0.0,0.0,0.0,79681,0,0,0,49,UTAH
3443,491227,228.0,824.1390344270083,3.614644887837756,249.0,155.0,12.0,82.0,354.0106776820432,55.0,100.0,2.0,10.0,21.0,44.0,5.0,12.0,0.0,0.0,90.0044343713047,15.006243310738492,93711,320,0,0,49,UTAH
3441,491225,111.0,393.2292930970602,3.54260624411766,48.0,1.0,7.0,40.0,249.03038003640015,0.0,1.0,1.0,6.0,16.0,8.0,5.0,11.0,5.018154311649017,0.0,189.00931217973985,7.002913545011297,67250,0,0,0,49,UTAH
3436,491220,4.0,6.763157375133714,1.6907893437834285,0.0,0.0,0.0,0.0,6.02178517397882,0.0,0.0,0.0,0.0,0.0,0.0,0.0,0.0,6.02178517397882,0.0,0.0,0.0,56564,0,0,0,49,UTAH
3440,491224,100.0,338.15786875668573,3.3815786875668574,0.0,0.0,0.0,0.0,294.0313806285442,0.0,0.0,0.0,0.0,0.0,0.0,0.0,0.0,4.0145234493192135,0.0,283.01394363421366,7.002913545011297,79681,0,0,0,49,UTAH
3438,491222,27.0,77.2932271443853,2.862712116458715,0.0,0.0,0.0,0.0,4.008094166091405,0.0,0.0,0.0,0.0,0.0,0.0,0.0,0.0,2.0072617246596067,0.0,0.0,2.000832441431799,56564,0,0,0,49,UTAH
3439,491223,6.0,10.62781873235298,1.77130312205883,0.0,0.0,0.0,0.0,4.0145234493192135,0.0,0.0,0.0,0.0,0.0,0.0,0.0,0.0,4.0145234493192135,0.0,0.0,0.0,56564,0,0,0,49,UTAH
3454,491238,77.0,239.60900414759445,3.111805248670058,10.0,0.0,1.0,9.0,17.009342828239106,0.0,0.0,1.0,0.0,2.0,0.0,1.0,6.0,2.0072617246596067,0.0,0.0,5.002081103579497,47060,0,0,0,49,UTAH
3455,491239,184.0,532.3571019569538,2.8932451193312705,280.0,103.0,3.0,174.0,318.88905262212154,37.0,66.0,2.0,1.0,12.0,15.0,16.0,131.0,0.0,26.88405797353073,0.0,12.004994648590795,46734,0,0,0,49,UTAH
3457,491241,163.0,609.6503291013391,3.740186068106375,0.0,0.0,0.0,0.0,14.00472624025172,0.0,0.0,0.0,0.0,0.0,0.0,0.0,0.0,0.0,0.0,3.000147812376823,11.004578427874897,93711,0,0,0,49,UTAH
3459,491243,268.0,910.127749625137,3.3959990657654364,15.0,4.0,2.0,9.0,323.02894368572083,4.0,0.0,2.0,0.0,0.0,1.0,2.0,6.0,2.0072617246596067,0.0,288.014189988175,18.007491972886193,74183,0,0,0,49,UTAH
3461,491245,276.0,823.1728690877035,2.9825103952453023,446.0,108.0,9.0,329.0,468.0076890560553,91.0,17.0,1.0,8.0,38.0,171.0,38.0,82.0,0.0,0.0,4.000197083169097,18.007491972886193,52410,512,0,0,49,UTAH
3463,491247,1.0,1.0,1.0,0.0,0.0,0.0,0.0,2.0072617246596067,0.0,0.0,0.0,0.0,0.0,0.0,0.0,0.0,2.0072617246596067,0.0,0.0,0.0,52410,0,0,0,49,UTAH
3464,491248,1.0,1.0,1.0,0.0,0.0,0.0,0.0,19.01526251120333,0.0,0.0,0.0,0.0,0.0,0.0,0.0,0.0,4.0145234493192135,0.0,15.000739061884115,0.0,52410,0,0,0,49,UTAH
3462,491246,10.0,25.120298821925225,2.5120298821925227,1.0,0.0,0.0,1.0,7.0114073492898585,0.0,0.0,0.0,0.0,0.0,0.0,1.0,0.0,3.01089258698941,0.0,2.0000985415845487,1.0004162207158995,52410,0,0,0,49,UTAH
3460,491244,104.0,246.37216152272816,2.368963091564694,36.0,6.0,19.0,11.0,45.0101752696709,6.0,0.0,0.0,19.0,0.0,8.0,0.0,3.0,2.0072617246596067,0.0,0.0,7.002913545011297,52410,0,0,0,49,UTAH
3467,491251,0.0,0.0,0.0,680.0,57.0,88.0,535.0,683.0108925869894,44.0,13.0,83.0,5.0,140.0,109.0,91.0,195.0,3.01089258698941,0.0,0.0,0.0,52410,0,0,0,49,UTAH
3465,491249,136.0,428.0112453120336,3.147141509647306,0.0,0.0,0.0,0.0,13.01826943576231,0.0,0.0,0.0,0.0,0.0,0.0,0.0,0.0,4.0145234493192135,0.0,0.0,9.003745986443096,52410,0,0,0,49,UTAH
3469,491253,59.0,171.01126505695248,2.8984960179144488,353.0,35.0,34.0,284.0,357.0016648828636,34.0,1.0,33.0,1.0,139.0,53.0,71.0,21.0,0.0,0.0,0.0,4.001664882863598,52410,0,0,0,49,UTAH
3475,491259,1.0,1.0,1.0,930.0,5.0,51.0,874.0,936.0217851739789,0.0,5.0,36.0,15.0,332.0,99.0,329.0,114.0,6.02178517397882,0.0,0.0,0.0,67754,0,0,0,49,UTAH
3435,491219,3.0,5.7969920358288975,1.9323306786096328,0.0,0.0,0.0,0.0,4.0145234493192135,0.0,0.0,0.0,0.0,0.0,0.0,0.0,0.0,4.0145234493192135,0.0,0.0,0.0,56564,0,0,0,49,UTAH
3434,491218,0.0,0.0,0.0,0.0,0.0,0.0,0.0,7.025416036308624,0.0,0.0,0.0,0.0,0.0,0.0,0.0,0.0,7.025416036308624,0.0,0.0,0.0,56564,0,0,0,49,UTAH
3450,491234,91.0,259.8984762729956,2.8560272117911603,249.0,8.0,18.0,223.0,256.0061281866252,8.0,0.0,0.0,18.0,8.0,140.0,0.0,75.0,1.0036308623298034,0.0,0.0,6.002497324295398,75166,661,0,0,49,UTAH
3445,491229,1.0,1.9323306786096328,1.9323306786096328,0.0,0.0,0.0,0.0,2.0072617246596067,0.0,0.0,0.0,0.0,0.0,0.0,0.0,0.0,2.0072617246596067,0.0,0.0,0.0,76443,0,0,0,49,UTAH
3444,491228,8.0,24.15413348262041,3.0192666853275507,0.0,0.0,0.0,0.0,6.018570532364916,0.0,0.0,0.0,0.0,0.0,0.0,0.0,0.0,5.018154311649017,0.0,0.0,1.0004162207158995,74530,0,0,0,49,UTAH
3452,491236,203.0,668.5864147989329,3.293529136940556,22.0,1.0,16.0,5.0,41.00570649406034,1.0,0.0,1.0,15.0,1.0,0.0,0.0,4.0,0.0,0.0,6.000295624753646,13.005410869306694,70232,0,0,0,49,UTAH
3446,491230,633.0,2269.522382027013,3.585343415524508,0.0,0.0,0.0,0.0,80.02256820178812,0.0,0.0,0.0,0.0,0.0,0.0,0.0,0.0,1.0036308623298034,0.0,38.00187229010643,41.01706504935188,76443,0,0,0,49,UTAH
3448,491232,189.0,658.9247614058847,3.486374398972935,79.0,7.0,45.0,27.0,132.01417793414907,6.0,1.0,1.0,44.0,4.0,3.0,0.0,20.0,2.0072617246596067,0.0,39.0019215608987,12.004994648590795,55079,0,0,0,49,UTAH
3447,491231,3.0,4.830826696524081,1.610275565508027,0.0,0.0,0.0,0.0,4.0145234493192135,0.0,0.0,0.0,0.0,0.0,0.0,0.0,0.0,4.0145234493192135,0.0,0.0,0.0,74530,0,0,0,49,UTAH
3449,491233,166.0,568.105219511232,3.422320599465253,93.0,40.0,0.0,53.0,122.00546530213583,10.0,30.0,0.0,0.0,2.0,12.0,30.0,9.0,0.0,0.0,18.00088687426094,11.004578427874897,55079,0,0,0,49,UTAH
3484,491268,59.0,213.5225399863644,3.619026101463803,0.0,0.0,0.0,0.0,30.096067303438485,0.0,0.0,0.0,0.0,0.0,0.0,0.0,0.0,26.094402420574887,0.0,0.0,4.001664882863598,74530,0,0,0,49,UTAH
3482,491266,115.0,365.2104982572205,3.175743463106265,49.0,0.0,23.0,26.0,147.19042530544587,0.0,0.0,23.0,0.0,1.0,23.0,2.0,0.0,51.185173978819975,0.0,39.0019215608987,8.003329765727196,74530,0,0,0,49,UTAH
3478,491262,5.0,10.62781873235298,2.125563746470596,0.0,0.0,0.0,0.0,1.0036308623298034,0.0,0.0,0.0,0.0,0.0,0.0,0.0,0.0,1.0036308623298034,0.0,0.0,0.0,73175,0,0,0,49,UTAH
3480,491264,25.0,85.02254985882384,3.400901994352953,7.0,1.0,3.0,3.0,11.008094166091405,1.0,0.0,0.0,3.0,1.0,0.0,0.0,2.0,2.0072617246596067,0.0,0.0,2.000832441431799,74530,0,0,0,49,UTAH
3494,491278,26.0,81.15788850160457,3.1214572500617144,0.0,0.0,0.0,0.0,64.20803794819196,0.0,0.0,0.0,0.0,0.0,0.0,0.0,0.0,57.20695915279879,0.0,5.000246353961372,2.000832441431799,74530,0,0,0,49,UTAH
3486,491270,92.0,309.1729085775412,3.3605750932341434,335.0,228.0,2.0,105.0,462.22335458241236,228.0,0.0,2.0,0.0,0.0,88.0,0.0,17.0,60.2178517397882,0.0,61.003005518328735,6.002497324295398,67985,318,0,0,49,UTAH
3490,491274,16.0,51.20676298315527,3.200422686447204,0.0,0.0,0.0,0.0,52.174845424923284,0.0,0.0,0.0,0.0,0.0,0.0,0.0,0.0,48.17428139183056,0.0,3.000147812376823,1.0004162207158995,67754,0,0,0,49,UTAH
3488,491272,77.0,273.424791023263,3.5509713119904287,0.0,0.0,0.0,0.0,13.031128002217924,0.0,0.0,0.0,0.0,0.0,0.0,0.0,0.0,8.029046898638427,0.0,0.0,5.002081103579497,67754,0,0,0,49,UTAH
3487,491271,173.0,618.3458171550824,3.574253278353077,9.0,5.0,0.0,4.0,24.01910187719411,5.0,0.0,0.0,0.0,0.0,0.0,3.0,1.0,4.0145234493192135,0.0,0.0,11.004578427874897,67754,0,0,0,49,UTAH
3523,491307,54.0,151.68795827085617,2.809036264275114,0.0,0.0,0.0,0.0,201.49846767804559,0.0,0.0,0.0,0.0,0.0,0.0,0.0,0.0,136.49379727685326,0.0,61.003005518328735,4.001664882863598,91516,0,0,0,49,UTAH
2771,490555,0.0,0.0,0.0,1664.0,96.0,1223.0,345.0,1903.1195728931693,96.0,0.0,853.0,370.0,139.0,59.0,0.0,147.0,1.0036308623298034,238.11594203083956,0.0,0.0,83312,0,0,0,49,UTAH
3524,491308,1.0,5.7969920358288975,5.7969920358288975,0.0,0.0,0.0,0.0,61.44927536125937,0.0,0.0,0.0,0.0,0.0,0.0,0.0,0.0,0.0,61.44927536125937,0.0,0.0,66402,0,0,0,49,UTAH
3531,491315,257.0,694.672878960163,2.703007311129039,0.0,0.0,0.0,0.0,408.02634063194955,0.0,0.0,0.0,0.0,0.0,0.0,0.0,0.0,0.0,0.0,391.01926487977926,17.00707575217029,109972,0,0,0,49,UTAH
2664,490448,565.0,1970.0111268425203,3.4867453572433997,0.0,0.0,0.0,0.0,47.03021924056115,0.0,0.0,0.0,0.0,0.0,0.0,0.0,0.0,4.0145234493192135,0.0,6.000295624753646,37.01540016648829,128261,0,0,0,49,UTAH
3491,491275,47.0,145.89096623502726,3.104063111383559,0.0,0.0,0.0,0.0,129.45157413262785,0.0,0.0,0.0,0.0,0.0,0.0,0.0,0.0,124.45022692889562,0.0,2.0000985415845487,3.001248662147699,67754,0,0,0,49,UTAH
2888,490672,434.0,1225.097650238507,2.822805645710845,730.0,114.0,5.0,611.0,769.0121961587602,108.0,6.0,5.0,0.0,219.0,11.0,18.0,363.0,0.0,0.0,11.000541978715018,28.011654180045188,54433,0,0,0,49,UTAH
2959,490743,179.0,577.7668729042801,3.227747893320001,57.0,1.0,0.0,56.0,152.01266571588712,1.0,0.0,0.0,0.0,0.0,6.0,42.0,8.0,1.0036308623298034,0.0,82.0040402049665,12.004994648590795,58209,0,0,0,49,UTAH
2960,490744,157.0,542.9849206893067,3.458502679549724,99.0,6.0,3.0,90.0,109.004162207159,6.0,0.0,3.0,0.0,2.0,9.0,63.0,16.0,0.0,0.0,0.0,10.004162207158997,60368,0,0,0,49,UTAH
2364,490148,615.0,2268.5562166877085,3.688709295427168,0.0,0.0,0.0,0.0,111.02014705488746,0.0,0.0,0.0,0.0,0.0,0.0,0.0,0.0,0.0,0.0,71.00349822625148,40.01664882863598,70511,0,0,0,49,UTAH
2478,490262,637.0,2395.1238761366394,3.760006084986875,3.0,0.0,0.0,3.0,47.02474299472739,0.0,0.0,0.0,0.0,0.0,0.0,0.0,3.0,2.0072617246596067,0.0,0.0,42.01748127006778,96951,0,0,0,49,UTAH
2661,490445,233.0,865.6841440171154,3.7153825923481354,1108.0,87.0,129.0,892.0,1279.0210927374085,56.0,31.0,105.0,24.0,167.0,216.0,87.0,422.0,2.0072617246596067,0.0,154.00758770201026,15.006243310738492,100384,648,1442,0,49,UTAH
2660,490444,97.0,342.9886954532098,3.5359659325073176,0.0,0.0,0.0,0.0,12.006374540586574,0.0,0.0,0.0,0.0,0.0,0.0,0.0,0.0,1.0036308623298034,0.0,5.000246353961372,6.002497324295398,100384,0,0,0,49,UTAH
2765,490549,978.0,2322.6614756887784,2.374909484344354,208.0,90.0,0.0,118.0,283.0271801045326,68.0,22.0,0.0,0.0,50.0,3.0,8.0,57.0,0.0,0.0,11.000541978715018,64.02663812581757,58545,0,0,0,49,UTAH
2717,490501,499.0,1194.1803593807529,2.39314701278708,270.0,59.0,20.0,191.0,303.01373528362467,59.0,0.0,0.0,20.0,24.0,12.0,43.0,112.0,0.0,0.0,0.0,33.01373528362468,58545,0,0,0,49,UTAH
2845,490629,468.0,1619.2931086748722,3.4600280099890437,419.0,46.0,0.0,373.0,453.0130506545697,0.0,46.0,0.0,0.0,73.0,94.0,70.0,136.0,0.0,0.0,3.000147812376823,31.012902842192887,71786,0,0,0,49,UTAH
3418,491202,312.0,1106.2593135040147,3.545702927897483,4.0,0.0,1.0,3.0,57.013531942000576,0.0,0.0,0.0,1.0,1.0,0.0,0.0,2.0,1.0036308623298034,0.0,32.00157666535278,20.00832441431799,97392,0,0,0,49,UTAH
2242,490026,24.0,71.4962351085564,2.97900979618985,10.0,5.0,1.0,4.0,16.015355890751014,4.0,1.0,0.0,1.0,1.0,1.0,0.0,2.0,4.0145234493192135,0.0,0.0,2.000832441431799,81720,0,0,0,49,UTAH
2403,490187,156.0,570.0375501898416,3.654086860191292,0.0,0.0,0.0,0.0,111.01630174025377,0.0,0.0,0.0,0.0,0.0,0.0,0.0,0.0,2.0072617246596067,0.0,99.00487780843515,10.004162207158997,79647,0,0,0,49,UTAH
2460,490244,818.0,2858.8832390029515,3.494967284844684,0.0,0.0,0.0,0.0,348.0369615315872,0.0,0.0,0.0,0.0,0.0,0.0,0.0,0.0,0.0,0.0,294.01448561292864,54.02247591865857,91516,0,0,0,49,UTAH
2464,490248,495.0,1772.913397624338,3.581643227523915,15.0,1.0,4.0,10.0,122.01701437232936,1.0,0.0,0.0,4.0,1.0,0.0,1.0,8.0,0.0,0.0,75.00369530942058,32.013319062908785,106764,0,0,0,49,UTAH
2558,490342,144.0,550.7142434037453,3.824404468081565,49.0,12.0,9.0,28.0,148.0081803577478,12.0,0.0,1.0,8.0,11.0,4.0,0.0,13.0,0.0,0.0,90.0044343713047,9.003745986443096,77253,0,0,0,49,UTAH
2561,490345,185.0,729.4548311751363,3.942999087433169,230.0,58.0,7.0,165.0,251.00901967725878,57.0,1.0,1.0,6.0,26.0,94.0,0.0,45.0,1.0036308623298034,0.0,8.000394166338195,12.004994648590795,77253,903,0,0,49,UTAH
2607,490391,0.0,0.0,0.0,3681.0,143.0,270.0,3268.0,3681.0,65.0,78.0,122.0,148.0,2841.0,8.0,15.0,404.0,0.0,0.0,0.0,0.0,75570,0,0,0,49,UTAH
2637,490421,326.0,1124.6164549508062,3.449743726842964,205.0,103.0,3.0,99.0,229.0088884474107,100.0,3.0,2.0,1.0,25.0,44.0,15.0,15.0,0.0,0.0,3.000147812376823,21.00874063503389,109972,0,0,0,49,UTAH
2663,490447,307.0,1084.0375107000038,3.5310668100977325,4.0,0.0,2.0,2.0,42.009211288578925,0.0,0.0,0.0,2.0,0.0,0.0,0.0,2.0,0.0,0.0,18.00088687426094,20.00832441431799,113023,0,0,0,49,UTAH
2659,490443,223.0,804.815727640912,3.609039137403193,0.0,0.0,0.0,0.0,113.0146534399189,0.0,0.0,0.0,0.0,0.0,0.0,0.0,0.0,1.0036308623298034,0.0,97.0047792668506,15.006243310738492,145664,0,0,0,49,UTAH
2653,490437,245.0,852.157829266848,3.4781952214973386,0.0,0.0,0.0,0.0,16.006659531454392,0.0,0.0,0.0,0.0,0.0,0.0,0.0,0.0,0.0,0.0,0.0,16.006659531454392,141611,0,0,0,49,UTAH
2676,490460,246.0,998.0487955018752,4.057108924804371,251.0,23.0,14.0,214.0,267.0066595314544,23.0,0.0,0.0,14.0,60.0,59.0,0.0,95.0,0.0,0.0,0.0,16.006659531454392,140311,774,0,0,49,UTAH
2677,490461,296.0,1045.3908971278113,3.531726003810173,68.0,1.0,1.0,66.0,178.01239183569908,0.0,1.0,0.0,1.0,10.0,17.0,0.0,39.0,0.0,0.0,91.00448364209697,19.00790819360209,132959,0,0,0,49,UTAH
2671,490455,316.0,1273.4059172037478,4.029765560771354,179.0,23.0,15.0,141.0,202.0160023596935,23.0,0.0,1.0,14.0,13.0,48.0,2.0,78.0,2.0072617246596067,0.0,0.0,21.00874063503389,127440,905,0,0,49,UTAH
2672,490456,329.0,1268.575090507224,3.855851338927732,0.0,0.0,0.0,0.0,24.016418580409397,0.0,0.0,0.0,0.0,0.0,0.0,0.0,0.0,2.0072617246596067,0.0,0.0,22.00915685574979,119970,0,0,0,49,UTAH
2694,490478,490.0,1843.4434673935896,3.76212952529304,121.0,5.0,11.0,105.0,154.01694992523858,5.0,0.0,1.0,10.0,27.0,8.0,14.0,56.0,1.0036308623298034,0.0,0.0,32.013319062908785,105558,0,0,0,49,UTAH
2706,490490,628.0,1754.5562561775464,2.793879388817749,742.0,341.0,43.0,358.0,806.0181982775742,74.0,267.0,12.0,31.0,28.0,12.0,216.0,102.0,0.0,0.0,23.00113322822231,41.01706504935188,67267,0,0,0,49,UTAH
2716,490500,1272.0,3730.364375055896,2.932676395484195,1985.0,366.0,111.0,1508.0,2219.0419862090534,117.0,249.0,14.0,97.0,362.0,136.0,188.0,822.0,0.0,0.0,151.00743988963342,83.03454631941966,67267,469,140,64,49,UTAH
2734,490518,89.0,299.51125518449305,3.365295002072956,994.0,562.0,29.0,403.0,1075.0241005914036,561.0,1.0,6.0,23.0,8.0,35.0,19.0,341.0,5.018154311649017,0.0,70.0034489554592,6.002497324295398,83312,0,0,0,49,UTAH
2754,490538,482.0,1752.6239254989368,3.63614922302684,0.0,0.0,0.0,0.0,148.02261606635014,0.0,0.0,0.0,0.0,0.0,0.0,0.0,0.0,1.0036308623298034,0.0,115.00566614111155,32.013319062908785,105591,0,0,0,49,UTAH
2742,490526,337.0,1257.9472717748708,3.7327812218838896,129.0,7.0,11.0,111.0,188.01097987506392,7.0,0.0,0.0,11.0,19.0,35.0,2.0,55.0,0.0,0.0,37.00182301931415,22.00915685574979,85941,643,0,0,49,UTAH
2760,490544,24.0,62.80074705481306,2.616697793950544,821.0,236.0,25.0,560.0,907.0049711879828,144.0,92.0,6.0,19.0,95.0,25.0,40.0,400.0,0.0,0.0,84.00413874655105,2.000832441431799,60581,0,0,0,49,UTAH
2763,490547,164.0,358.44734088208685,2.1856545175737003,430.0,40.0,1.0,389.0,449.0049725942131,19.0,21.0,1.0,0.0,34.0,19.0,69.0,267.0,0.0,0.0,8.000394166338195,11.004578427874897,29406,0,0,0,49,UTAH
2810,490594,151.0,467.6240242235311,3.096847842539941,329.0,11.0,43.0,275.0,406.0074633502413,0.0,11.0,39.0,4.0,133.0,52.0,3.0,87.0,0.0,0.0,67.00330114308238,10.004162207158997,76529,0,0,0,49,UTAH
2840,490624,414.0,1166.161564540913,2.81681537328723,558.0,140.0,27.0,391.0,585.0112379593293,140.0,0.0,3.0,24.0,75.0,19.0,42.0,255.0,0.0,0.0,0.0,27.01123795932929,54061,0,0,0,49,UTAH
2907,490691,626.0,1986.4359376107025,3.17322034762093,1235.0,301.0,7.0,927.0,1338.020119838473,300.0,1.0,4.0,3.0,83.0,171.0,20.0,653.0,0.0,0.0,62.00305478912101,41.01706504935188,96732,0,0,2270,49,UTAH
2945,490729,363.0,1185.4848713270096,3.2657985436005776,0.0,0.0,0.0,0.0,391.0280716779463,0.0,0.0,0.0,0.0,0.0,0.0,0.0,0.0,0.0,0.0,367.01808238076467,24.00998929718159,73742,0,0,0,49,UTAH
2982,490766,109.0,263.7631376302148,2.419845299359769,240.0,15.0,4.0,221.0,247.0029135450113,15.0,0.0,0.0,4.0,7.0,69.0,3.0,142.0,0.0,0.0,0.0,7.002913545011297,22568,496,0,0,49,UTAH
2923,490707,385.0,1167.127729880218,3.031500597091476,0.0,0.0,0.0,0.0,65.01237634958846,0.0,0.0,0.0,0.0,0.0,0.0,0.0,0.0,0.0,0.0,40.001970831690976,25.01040551789749,64980,0,0,0,49,UTAH
2978,490762,1.0,1.9323306786096328,1.9323306786096328,7503.0,118.0,11.0,7374.0,7503.0,43.0,75.0,0.0,11.0,140.0,702.0,6319.0,213.0,0.0,0.0,0.0,0.0,22498,0,0,0,49,UTAH
2979,490763,364.0,857.9548213026769,2.357018739842519,88.0,0.0,0.0,88.0,112.00998929718159,0.0,0.0,0.0,0.0,5.0,44.0,15.0,24.0,0.0,0.0,0.0,24.00998929718159,22498,0,0,1915,49,UTAH
2975,490759,112.0,245.40599618342333,2.1911249659234224,1214.0,6.0,0.0,1208.0,1221.0029135450113,5.0,1.0,0.0,0.0,31.0,100.0,35.0,1042.0,0.0,0.0,0.0,7.002913545011297,23990,0,0,0,49,UTAH
2967,490751,134.0,321.73305798850384,2.4009929700634616,2280.0,103.0,25.0,2152.0,2294.0039923404042,84.0,19.0,22.0,3.0,543.0,42.0,30.0,1537.0,0.0,0.0,5.000246353961372,9.003745986443096,37024,0,0,0,49,UTAH
2954,490738,550.0,1697.5525011585623,3.086459093015568,55.0,5.0,14.0,36.0,96.01523029973376,5.0,0.0,14.0,0.0,6.0,16.0,7.0,7.0,0.0,0.0,5.000246353961372,36.014983945772386,55528,0,0,0,49,UTAH
2952,490736,412.0,1332.3420029013416,3.233839812867334,13.0,0.0,0.0,13.0,126.01905683900242,0.0,0.0,0.0,0.0,4.0,0.0,0.0,9.0,1.0036308623298034,0.0,85.00418801734332,27.01123795932929,62082,0,0,0,49,UTAH
2948,490732,251.0,793.2217435692542,3.1602459903157536,0.0,0.0,0.0,0.0,99.01791219028821,0.0,0.0,0.0,0.0,0.0,0.0,0.0,0.0,2.0072617246596067,0.0,81.00399093417423,16.006659531454392,58209,0,0,0,49,UTAH
2956,490740,301.0,923.6540643754043,3.068618154071111,0.0,0.0,0.0,0.0,168.01919808311212,0.0,0.0,0.0,0.0,0.0,0.0,0.0,0.0,1.0036308623298034,0.0,147.00724280646432,20.00832441431799,58209,0,0,0,49,UTAH
3007,490791,170.0,471.4886855807504,2.773462856357355,1194.0,80.0,2.0,1112.0,1205.004578427875,28.0,52.0,2.0,0.0,283.0,469.0,19.0,341.0,0.0,0.0,0.0,11.004578427874897,48358,0,0,0,49,UTAH
3000,490784,246.0,712.0638550676496,2.894568516535161,58.0,3.0,53.0,2.0,76.00675807303894,3.0,0.0,53.0,0.0,0.0,0.0,0.0,2.0,0.0,0.0,2.0000985415845487,16.006659531454392,56681,0,0,0,49,UTAH
2997,490781,2.0,3.0,1.5,2587.0,1062.0,29.0,1496.0,2587.0,757.0,305.0,22.0,7.0,267.0,273.0,5.0,951.0,0.0,0.0,0.0,0.0,56681,0,0,0,49,UTAH
3032,490816,30.0,92.75187257326236,3.091729085775412,461.0,2.0,237.0,222.0,487.0020149404464,1.0,1.0,231.0,6.0,197.0,14.0,0.0,11.0,0.0,0.0,24.001182499014583,2.000832441431799,129892,0,0,0,49,UTAH
3090,490874,42.0,133.33081682406464,3.174543257715825,65.0,14.0,2.0,49.0,158.00926462498992,14.0,0.0,1.0,1.0,22.0,1.0,1.0,25.0,1.0036308623298034,0.0,89.00438510051242,3.001248662147699,69079,0,0,0,49,UTAH
3097,490881,351.0,1310.120200097331,3.732536182613479,209.0,39.0,11.0,159.0,249.01041067993435,38.0,1.0,4.0,7.0,44.0,33.0,23.0,59.0,0.0,0.0,17.000837603468664,23.00957307646569,102613,0,0,0,49,UTAH
3099,490883,374.0,1374.8532778307535,3.676078282969929,0.0,0.0,0.0,0.0,43.01092544223481,0.0,0.0,0.0,0.0,0.0,0.0,0.0,0.0,0.0,0.0,19.000936145053213,24.00998929718159,114395,0,0,0,49,UTAH
3100,490884,212.0,734.2856578716604,3.4636115937342478,0.0,0.0,0.0,0.0,53.00774865092129,0.0,0.0,0.0,0.0,0.0,0.0,0.0,0.0,0.0,0.0,39.0019215608987,14.005827090022594,71157,0,0,0,49,UTAH
3104,490888,241.0,827.0375304449227,3.4316909976967747,0.0,0.0,0.0,0.0,16.006659531454392,0.0,0.0,0.0,0.0,0.0,0.0,0.0,0.0,0.0,0.0,0.0,16.006659531454392,90129,0,0,0,49,UTAH
3190,490974,461.0,1699.484831837172,3.686518073399505,0.0,0.0,0.0,0.0,134.01761078387352,0.0,0.0,0.0,0.0,0.0,0.0,0.0,0.0,0.0,0.0,104.00512416239653,30.012486621476985,78865,0,0,0,49,UTAH
3189,490973,231.0,837.6653491772757,3.6262569228453496,229.0,14.0,21.0,194.0,295.01233771268204,14.0,0.0,0.0,21.0,31.0,62.0,1.0,100.0,1.0036308623298034,0.0,50.002463539613714,15.006243310738492,78783,432,0,0,49,UTAH
3217,491001,34.0,136.2293128419791,4.006744495352327,0.0,0.0,0.0,0.0,3.0044633037616024,0.0,0.0,0.0,0.0,0.0,0.0,0.0,0.0,1.0036308623298034,0.0,0.0,2.000832441431799,69330,0,0,0,49,UTAH
3411,491195,106.0,332.3608767208568,3.135479969064687,820.0,12.0,61.0,747.0,835.0319604436497,9.0,3.0,38.0,23.0,360.0,50.0,105.0,232.0,8.029046898638427,0.0,0.0,7.002913545011297,69330,0,0,0,49,UTAH
3133,490917,0.0,0.0,0.0,2046.0,17.0,369.0,1660.0,2047.0036308623298,15.0,2.0,335.0,34.0,19.0,1252.0,0.0,389.0,1.0036308623298034,0.0,0.0,0.0,51304,0,0,0,49,UTAH
3137,490921,4.0,8.695488053743347,2.1738720134358367,0.0,0.0,0.0,0.0,4.0145234493192135,0.0,0.0,0.0,0.0,0.0,0.0,0.0,0.0,4.0145234493192135,0.0,0.0,0.0,51304,0,0,0,49,UTAH
3140,490924,1.0,5.7969920358288975,5.7969920358288975,733.0,103.0,523.0,107.0,734.0036308623298,97.0,6.0,458.0,65.0,32.0,13.0,5.0,57.0,1.0036308623298034,0.0,0.0,0.0,51304,0,0,0,49,UTAH
3268,491052,19.0,48.30826696524081,2.5425403665916217,0.0,0.0,0.0,0.0,6.018570532364916,0.0,0.0,0.0,0.0,0.0,0.0,0.0,0.0,5.018154311649017,0.0,0.0,1.0004162207158995,51304,0,0,0,49,UTAH
3271,491055,8.0,22.22180280401077,2.777725350501347,0.0,0.0,0.0,0.0,7.0222013946947195,0.0,0.0,0.0,0.0,0.0,0.0,0.0,0.0,6.02178517397882,0.0,0.0,1.0004162207158995,51304,0,0,0,49,UTAH
3269,491053,7.0,15.45864542887706,2.2083779184110086,0.0,0.0,0.0,0.0,4.0145234493192135,0.0,0.0,0.0,0.0,0.0,0.0,0.0,0.0,4.0145234493192135,0.0,0.0,0.0,51304,0,0,0,49,UTAH
3337,491121,308.0,1051.1878891636402,3.412947692089741,102.0,49.0,30.0,23.0,126.0228478636372,49.0,0.0,0.0,30.0,2.0,4.0,0.0,17.0,4.0145234493192135,0.0,0.0,20.00832441431799,56564,0,0,0,49,UTAH
3336,491120,1.0,1.0,1.0,182.0,73.0,40.0,69.0,184.0072617246596,72.0,1.0,0.0,40.0,9.0,7.0,0.0,53.0,2.0072617246596067,0.0,0.0,0.0,75589,0,0,0,49,UTAH
3338,491122,35.0,109.17668334144425,3.11933380975555,228.0,72.0,74.0,82.0,232.0080941660914,71.0,1.0,63.0,11.0,32.0,25.0,0.0,25.0,2.0072617246596067,0.0,0.0,2.000832441431799,56564,0,0,0,49,UTAH
3386,491170,41.0,114.97367537727314,2.80423598481154,6.0,1.0,2.0,3.0,40.01352083132079,1.0,0.0,1.0,1.0,0.0,0.0,0.0,3.0,3.01089258698941,0.0,28.00137958218368,3.001248662147699,105921,0,0,0,49,UTAH
3414,491198,97.0,296.6127591665786,3.057863496562666,287.0,31.0,44.0,212.0,401.02214493601116,31.0,0.0,0.0,44.0,13.0,72.0,0.0,127.0,4.0145234493192135,0.0,104.00512416239653,6.002497324295398,104591,0,0,0,49,UTAH
3417,491201,177.0,616.4134864764728,3.482562070488547,239.0,13.0,11.0,215.0,396.0121389134706,13.0,0.0,0.0,11.0,26.0,89.0,0.0,100.0,0.0,0.0,145.00714426487977,12.004994648590795,97392,761,0,0,49,UTAH
3421,491205,92.0,269.56012966604374,2.930001409413519,0.0,0.0,0.0,0.0,144.00929669362927,0.0,0.0,0.0,0.0,0.0,0.0,0.0,0.0,0.0,0.0,138.00679936933386,6.002497324295398,120577,0,0,0,49,UTAH
3400,491184,239.0,786.4585861941205,3.290621699556989,141.0,0.0,0.0,141.0,160.0175521184438,0.0,0.0,0.0,0.0,6.0,73.0,2.0,60.0,3.01089258698941,0.0,0.0,16.006659531454392,89915,409,126,0,49,UTAH
3399,491183,10.0,28.01879483983967,2.801879483983967,0.0,0.0,0.0,0.0,6.018570532364916,0.0,0.0,0.0,0.0,0.0,0.0,0.0,0.0,5.018154311649017,0.0,0.0,1.0004162207158995,89915,0,0,0,49,UTAH
3361,491145,287.0,862.7856479992009,3.006221770032059,0.0,0.0,0.0,0.0,19.00790819360209,0.0,0.0,0.0,0.0,0.0,0.0,0.0,0.0,0.0,0.0,0.0,19.00790819360209,62024,0,0,0,49,UTAH
3377,491161,112.0,364.24433291791576,3.252181543909962,0.0,0.0,0.0,0.0,9.010175269670903,0.0,0.0,0.0,0.0,0.0,0.0,0.0,0.0,2.0072617246596067,0.0,0.0,7.002913545011297,79681,0,0,0,49,UTAH
3375,491159,134.0,480.1841736344937,3.583463982346968,0.0,0.0,0.0,0.0,27.011796043779093,0.0,0.0,0.0,0.0,0.0,0.0,0.0,0.0,2.0072617246596067,0.0,16.00078833267639,9.003745986443096,79681,0,0,0,49,UTAH
3437,491221,13.0,33.81578687566857,2.6012143750514287,0.0,0.0,0.0,0.0,4.011308807705309,0.0,0.0,0.0,0.0,0.0,0.0,0.0,0.0,3.01089258698941,0.0,0.0,1.0004162207158995,56564,0,0,0,49,UTAH
3451,491235,73.0,203.86088659331625,2.792614884839949,22.0,0.0,16.0,6.0,64.0218120805813,0.0,0.0,0.0,16.0,3.0,1.0,0.0,2.0,5.018154311649017,0.0,32.00157666535278,5.002081103579497,47060,0,0,0,49,UTAH
3453,491237,231.0,823.1728690877035,3.563518913799582,84.0,33.0,2.0,49.0,124.00747508054535,15.0,18.0,0.0,2.0,1.0,7.0,10.0,31.0,0.0,0.0,25.001231769806857,15.006243310738492,54114,0,0,0,49,UTAH
2751,490535,584.0,2117.8344237561573,3.626428807801639,0.0,0.0,0.0,0.0,70.0209746440945,0.0,0.0,0.0,0.0,0.0,0.0,0.0,0.0,1.0036308623298034,0.0,31.001527394560505,38.01581638720418,97527,0,0,0,49,UTAH
3029,490813,286.0,869.5488053743346,3.040380438371799,0.0,0.0,0.0,0.0,19.00790819360209,0.0,0.0,0.0,0.0,0.0,0.0,0.0,0.0,0.0,0.0,0.0,19.00790819360209,57005,0,0,0,49,UTAH
2358,490142,46.0,152.65412361016098,3.318567904568717,0.0,0.0,0.0,0.0,4.004879524477502,0.0,0.0,0.0,0.0,0.0,0.0,0.0,0.0,1.0036308623298034,0.0,0.0,3.001248662147699,74211,0,0,0,49,UTAH
2510,490294,57.0,214.48870532566923,3.762959742555601,779.0,424.0,0.0,355.0,911.0115531358123,299.0,125.0,0.0,0.0,6.0,68.0,59.0,222.0,1.0036308623298034,0.0,127.00625739061884,4.001664882863598,70166,0,0,0,49,UTAH
2512,490296,481.0,1586.4434871385083,3.298219307980266,464.0,110.0,15.0,339.0,498.0205807875684,5.0,105.0,13.0,2.0,103.0,36.0,93.0,107.0,2.0072617246596067,0.0,0.0,32.013319062908785,70166,0,0,0,49,UTAH
2515,490299,180.0,622.2104785123017,3.4567248806238986,8.0,1.0,0.0,7.0,22.012256373250402,1.0,0.0,0.0,0.0,2.0,0.0,2.0,3.0,2.0072617246596067,0.0,0.0,12.004994648590795,102760,0,0,0,49,UTAH
2613,490397,0.0,0.0,0.0,2899.0,162.0,11.0,2726.0,2899.0,83.0,79.0,4.0,7.0,1009.0,361.0,356.0,1000.0,0.0,0.0,0.0,0.0,51324,0,0,0,49,UTAH
2632,490416,0.0,0.0,0.0,1650.0,145.0,0.0,1505.0,1650.0,140.0,5.0,0.0,0.0,1495.0,10.0,0.0,0.0,0.0,0.0,0.0,0.0,100955,0,0,0,49,UTAH
2634,490418,26.0,79.22555782299493,3.047136839345959,1170.0,684.0,2.0,484.0,1172.0008324414318,215.0,469.0,2.0,0.0,253.0,87.0,56.0,88.0,0.0,0.0,0.0,2.000832441431799,109972,488,57,0,49,UTAH
2635,490419,153.0,432.8420720085577,2.82903315038273,1976.0,11.0,2.0,1963.0,1986.004162207159,0.0,11.0,2.0,0.0,1778.0,170.0,3.0,12.0,0.0,0.0,0.0,10.004162207158997,109972,0,0,0,49,UTAH
2654,490438,169.0,566.1728888326223,3.3501354368794223,623.0,30.0,47.0,546.0,666.0061550932277,29.0,1.0,12.0,35.0,120.0,123.0,85.0,218.0,0.0,0.0,32.00157666535278,11.004578427874897,104445,559,99,0,49,UTAH
2658,490442,212.0,728.4886658358315,3.4362672916784507,0.0,0.0,0.0,0.0,18.00602417319169,0.0,0.0,0.0,0.0,0.0,0.0,0.0,0.0,0.0,0.0,4.000197083169097,14.005827090022594,125256,0,0,0,49,UTAH
2655,490439,275.0,998.0487955018752,3.629268347279546,267.0,87.0,17.0,163.0,312.00882228427764,74.0,13.0,13.0,4.0,11.0,78.0,4.0,70.0,0.0,0.0,27.001330311391406,18.007491972886193,93816,639,0,0,49,UTAH
2692,490476,275.0,987.4209767695222,3.5906217337073536,0.0,0.0,0.0,0.0,28.011566272346464,0.0,0.0,0.0,0.0,0.0,0.0,0.0,0.0,1.0036308623298034,0.0,9.00044343713047,18.007491972886193,82291,0,0,0,49,UTAH
2683,490467,662.0,2272.420878044928,3.4326599366237582,848.0,87.0,46.0,715.0,1061.0262735254703,87.0,0.0,8.0,38.0,32.0,159.0,135.0,389.0,0.0,0.0,170.00837603468665,43.01789749078368,112636,1397,0,0,49,UTAH
2686,490470,220.0,861.8194826598962,3.91736128481771,586.0,319.0,3.0,264.0,632.0074037553754,265.0,54.0,0.0,3.0,20.0,47.0,90.0,107.0,0.0,0.0,32.00157666535278,14.005827090022594,109118,0,0,0,49,UTAH
2745,490529,363.0,1410.6013953850318,3.8859542572590406,296.0,7.0,15.0,274.0,473.02469091147464,7.0,0.0,1.0,14.0,32.0,79.0,26.0,137.0,2.0072617246596067,0.0,151.00743988963342,24.00998929718159,173787,626,27,0,49,UTAH
2740,490524,159.0,581.6315342614994,3.658059963908801,1908.0,59.0,1.0,1848.0,1918.004162207159,59.0,0.0,1.0,0.0,64.0,238.0,1517.0,29.0,0.0,0.0,0.0,10.004162207158997,79428,0,0,0,49,UTAH
2737,490521,632.0,1913.007371823536,3.0269103984549623,576.0,6.0,0.0,570.0,730.0226326488789,4.0,2.0,0.0,0.0,35.0,0.0,335.0,200.0,0.0,0.0,113.005567599527,41.01706504935188,51088,0,0,0,49,UTAH
2752,490536,417.0,1329.4435068834273,3.1881139253799216,687.0,31.0,59.0,597.0,714.0112379593293,23.0,8.0,0.0,59.0,14.0,151.0,0.0,432.0,0.0,0.0,0.0,27.01123795932929,79314,730,1420,0,49,UTAH
2753,490537,571.0,1937.1615053061569,3.392577067086089,0.0,0.0,0.0,0.0,80.01751881055608,0.0,0.0,0.0,0.0,0.0,0.0,0.0,0.0,0.0,0.0,43.0021186440678,37.01540016648829,83251,0,0,0,49,UTAH
2767,490551,187.0,447.33455209813,2.3921633802039035,543.0,159.0,74.0,310.0,555.0049946485908,22.0,137.0,43.0,31.0,83.0,36.0,38.0,153.0,0.0,0.0,0.0,12.004994648590795,52957,0,0,0,49,UTAH
2762,490546,0.0,0.0,0.0,751.0,26.0,246.0,479.0,751.0,26.0,0.0,168.0,78.0,68.0,70.0,33.0,308.0,0.0,0.0,0.0,0.0,52957,0,0,0,49,UTAH
2826,490610,135.0,456.9962054911781,3.3851570777124302,2639.0,354.0,27.0,2258.0,2648.003745986443,354.0,0.0,22.0,5.0,1429.0,37.0,6.0,786.0,0.0,0.0,0.0,9.003745986443096,105921,0,0,0,49,UTAH
2964,490748,1.0,1.9323306786096328,1.9323306786096328,137.0,12.0,44.0,81.0,137.0,12.0,0.0,27.0,17.0,35.0,1.0,1.0,44.0,0.0,0.0,0.0,0.0,48606,0,0,0,49,UTAH
2963,490747,242.0,787.4247515334253,3.2538212873282037,51.0,22.0,0.0,29.0,79.00725078096168,5.0,17.0,0.0,0.0,6.0,1.0,1.0,21.0,0.0,0.0,12.000591249507291,16.006659531454392,55528,0,0,0,49,UTAH
3011,490795,160.0,423.1804186155096,2.6448776163469345,231.0,79.0,13.0,139.0,243.00426074874355,43.0,36.0,11.0,2.0,31.0,4.0,3.0,101.0,0.0,0.0,2.0000985415845487,10.004162207158997,34038,0,0,0,49,UTAH
3009,490793,17.0,48.30826696524081,2.8416627626612243,693.0,146.0,193.0,354.0,694.0004162207159,101.0,45.0,155.0,38.0,2.0,24.0,51.0,277.0,0.0,0.0,0.0,1.0004162207158995,56681,0,0,0,49,UTAH
3025,490809,652.0,2142.9547225780825,3.286740372052274,259.0,4.0,61.0,194.0,414.02341581951845,4.0,0.0,13.0,48.0,104.0,9.0,10.0,71.0,0.0,0.0,112.00551832873472,43.01789749078368,78781,0,0,0,49,UTAH
3026,490810,524.0,1666.635210300808,3.180601546375588,0.0,0.0,0.0,0.0,34.01415150434058,0.0,0.0,0.0,0.0,0.0,0.0,0.0,0.0,0.0,0.0,0.0,34.01415150434058,77600,0,0,0,49,UTAH
3034,490818,208.0,701.4360363352966,3.372288636227388,236.0,93.0,13.0,130.0,385.0124786469796,81.0,12.0,7.0,6.0,76.0,9.0,0.0,45.0,0.0,0.0,135.00665155695702,14.005827090022594,78781,0,0,0,49,UTAH
3041,490825,495.0,1662.770548943589,3.359132422108261,0.0,0.0,0.0,0.0,36.01351614607788,0.0,0.0,0.0,0.0,0.0,0.0,0.0,0.0,0.0,0.0,4.000197083169097,32.013319062908785,77159,0,0,0,49,UTAH
3040,490824,510.0,1566.1540150131073,3.0708902255158965,383.0,95.0,7.0,281.0,423.0140801791706,63.0,32.0,7.0,0.0,18.0,16.0,101.0,146.0,0.0,0.0,7.00034489554592,33.01373528362468,62782,0,0,0,49,UTAH
3089,490873,24.0,81.15788850160457,3.3815786875668574,67.0,13.0,35.0,19.0,72.01172502842121,5.0,8.0,7.0,28.0,1.0,2.0,0.0,16.0,3.01089258698941,0.0,0.0,2.000832441431799,61179,0,0,0,49,UTAH
3196,490980,569.0,2084.984802219793,3.664296664709655,0.0,0.0,0.0,0.0,37.01540016648829,0.0,0.0,0.0,0.0,0.0,0.0,0.0,0.0,0.0,0.0,0.0,37.01540016648829,98650,0,0,0,49,UTAH
3174,490958,227.0,794.1879089085589,3.498625149376912,0.0,0.0,0.0,0.0,40.00747508054535,0.0,0.0,0.0,0.0,0.0,0.0,0.0,0.0,0.0,0.0,25.001231769806857,15.006243310738492,106471,0,0,0,49,UTAH
3236,491020,7.0,13.526314750267428,1.9323306786096328,0.0,0.0,0.0,0.0,7.025416036308624,0.0,0.0,0.0,0.0,0.0,0.0,0.0,0.0,7.025416036308624,0.0,0.0,0.0,51304,0,0,0,49,UTAH
3226,491010,4.0,7.72932271443853,1.9323306786096328,0.0,0.0,0.0,0.0,10.036308623298034,0.0,0.0,0.0,0.0,0.0,0.0,0.0,0.0,10.036308623298034,0.0,0.0,0.0,51304,0,0,0,49,UTAH
3240,491024,7.0,20.289472125401144,2.898496017914449,0.0,0.0,0.0,0.0,5.018154311649017,0.0,0.0,0.0,0.0,0.0,0.0,0.0,0.0,5.018154311649017,0.0,0.0,0.0,51304,0,0,0,49,UTAH
3342,491126,524.0,1562.289353655888,2.981468232167725,43.0,14.0,17.0,12.0,78.01778236667039,10.0,4.0,6.0,11.0,2.0,3.0,0.0,7.0,1.0036308623298034,0.0,0.0,34.01415150434058,56564,0,0,0,49,UTAH
3406,491190,109.0,372.9398209716591,3.4214662474464137,178.0,61.0,5.0,112.0,185.0029135450113,37.0,24.0,1.0,4.0,56.0,11.0,6.0,39.0,0.0,0.0,0.0,7.002913545011297,75108,0,0,0,49,UTAH
3407,491191,140.0,470.52252024144553,3.3608751445817537,186.0,50.0,9.0,127.0,356.0224233586119,24.0,26.0,0.0,9.0,5.0,12.0,19.0,91.0,3.01089258698941,0.0,158.00778478517935,9.003745986443096,69330,0,0,0,49,UTAH
3419,491203,285.0,994.184134144656,3.488365382963705,236.0,7.0,14.0,215.0,355.01641686436705,7.0,0.0,0.0,14.0,39.0,87.0,4.0,85.0,1.0036308623298034,0.0,99.00487780843515,19.00790819360209,104591,731,0,0,49,UTAH
3422,491206,207.0,707.2330283711256,3.41658467812138,0.0,0.0,0.0,0.0,92.01325180335752,0.0,0.0,0.0,0.0,0.0,0.0,0.0,0.0,1.0036308623298034,0.0,77.00379385100513,14.005827090022594,83722,0,0,0,49,UTAH
3429,491213,309.0,1142.9735963975977,3.698943677662129,62.0,8.0,7.0,47.0,104.01298996328555,1.0,7.0,1.0,6.0,17.0,6.0,3.0,21.0,1.0036308623298034,0.0,21.001034686637762,20.00832441431799,120577,0,0,0,49,UTAH
3420,491204,259.0,907.2292536072224,3.502815650993137,0.0,0.0,0.0,0.0,60.00919439623809,0.0,0.0,0.0,0.0,0.0,0.0,0.0,0.0,0.0,0.0,43.0021186440678,17.00707575217029,120078,0,0,0,49,UTAH
3425,491209,199.0,660.8570920844943,3.320889909972333,0.0,0.0,0.0,0.0,54.007430971789944,0.0,0.0,0.0,0.0,0.0,0.0,0.0,0.0,0.0,0.0,41.00202010248325,13.005410869306694,83427,0,0,0,49,UTAH
3356,491140,24.0,65.69924307272751,2.737468461363646,1010.0,573.0,4.0,433.0,1012.0008324414318,425.0,148.0,0.0,4.0,13.0,176.0,86.0,158.0,0.0,0.0,0.0,2.000832441431799,64873,0,0,0,49,UTAH
2338,490122,163.0,502.40597643850447,3.082245254223954,0.0,0.0,0.0,0.0,113.00960404868687,0.0,0.0,0.0,0.0,0.0,0.0,0.0,0.0,0.0,0.0,102.00502562081198,11.004578427874897,66402,0,0,0,49,UTAH
2281,490065,183.0,433.8082373478625,2.3705368161085385,0.0,0.0,0.0,0.0,210.02907663161125,0.0,0.0,0.0,0.0,0.0,0.0,0.0,0.0,4.0145234493192135,0.0,194.0095585337012,12.004994648590795,81720,0,0,0,49,UTAH
2285,490069,134.0,359.4135062213917,2.682190344935759,448.0,1.0,9.0,438.0,801.0350215051355,0.0,1.0,2.0,7.0,105.0,122.0,207.0,4.0,4.0145234493192135,0.0,340.0167520693733,9.003745986443096,81720,0,0,0,49,UTAH
2245,490029,0.0,0.0,0.0,0.0,0.0,0.0,0.0,0.0,0.0,0.0,0.0,0.0,0.0,0.0,0.0,0.0,0.0,0.0,0.0,0.0,81720,0,0,0,49,UTAH
3265,491049,17.0,40.57894425080229,2.386996720635429,0.0,0.0,0.0,0.0,4.011308807705309,0.0,0.0,0.0,0.0,0.0,0.0,0.0,0.0,3.01089258698941,0.0,0.0,1.0004162207158995,76841,0,0,0,49,UTAH
3281,491065,17.0,45.409770947326365,2.671162996901551,0.0,0.0,0.0,0.0,5.014939670035113,0.0,0.0,0.0,0.0,0.0,0.0,0.0,0.0,4.0145234493192135,0.0,0.0,1.0004162207158995,76841,0,0,0,49,UTAH
3470,491254,54.0,156.51878496738024,2.8984960179144488,0.0,0.0,0.0,0.0,4.001664882863598,0.0,0.0,0.0,0.0,0.0,0.0,0.0,0.0,0.0,0.0,0.0,4.001664882863598,67754,0,0,0,49,UTAH
2438,490222,4.0,13.526314750267428,3.381578687566857,0.0,0.0,0.0,0.0,57.19979596972374,0.0,0.0,0.0,0.0,0.0,0.0,0.0,0.0,55.19969742813919,0.0,2.0000985415845487,0.0,81720,0,0,0,49,UTAH
3496,491280,64.0,185.50374514652472,2.8984960179144488,0.0,0.0,0.0,0.0,268.8921622987187,0.0,0.0,0.0,0.0,0.0,0.0,0.0,0.0,245.88956127080183,0.0,19.000936145053213,4.001664882863598,81240,0,0,0,49,UTAH
3495,491279,21.0,55.07142434037453,2.6224487781130725,0.0,0.0,0.0,0.0,25.062485775868474,0.0,0.0,0.0,0.0,0.0,0.0,0.0,0.0,17.061724659606657,0.0,7.00034489554592,1.0004162207158995,74530,0,0,0,49,UTAH
3489,491273,18.0,60.86841637620343,3.381578687566857,0.0,0.0,0.0,0.0,40.124111893890586,0.0,0.0,0.0,0.0,0.0,0.0,0.0,0.0,34.123449319213314,0.0,5.000246353961372,1.0004162207158995,67754,0,0,0,49,UTAH
2442,490226,1.0,4.830826696524081,4.830826696524081,0.0,0.0,0.0,0.0,0.0,0.0,0.0,0.0,0.0,0.0,0.0,0.0,0.0,0.0,0.0,0.0,0.0,91516,0,0,0,49,UTAH
3525,491309,0.0,0.0,0.0,0.0,0.0,0.0,0.0,0.0,0.0,0.0,0.0,0.0,0.0,0.0,0.0,0.0,0.0,0.0,0.0,0.0,74530,0,0,0,49,UTAH
2643,490427,1309.0,4292.672602531299,3.27935263753346,20.0,3.0,0.0,17.0,178.0393424786111,3.0,0.0,0.0,0.0,4.0,1.0,2.0,10.0,0.0,0.0,72.00354749704375,86.03579498156736,109972,0,0,0,49,UTAH
2651,490435,1155.0,4026.9771342224735,3.486560289370108,0.0,0.0,0.0,0.0,149.0352295422444,0.0,0.0,0.0,0.0,0.0,0.0,0.0,0.0,0.0,0.0,73.00359676783603,76.03163277440837,144254,0,0,0,49,UTAH
3246,491030,15.0,36.71428289358302,2.4476188595722013,136.0,6.0,29.0,101.0,140.0113088077053,6.0,0.0,0.0,29.0,2.0,40.0,47.0,12.0,3.01089258698941,0.0,0.0,1.0004162207158995,51304,0,0,0,49,UTAH
3254,491038,5.0,9.661653393048162,1.9323306786096324,0.0,0.0,0.0,0.0,4.0145234493192135,0.0,0.0,0.0,0.0,0.0,0.0,0.0,0.0,4.0145234493192135,0.0,0.0,0.0,76841,0,0,0,49,UTAH
2298,490082,2.0,5.7969920358288975,2.8984960179144488,330.0,274.0,1.0,55.0,335.018154311649,0.0,274.0,0.0,1.0,2.0,51.0,0.0,2.0,5.018154311649017,0.0,0.0,0.0,66402,0,0,0,49,UTAH
3279,491063,7.0,14.492480089572243,2.070354298510321,0.0,0.0,0.0,0.0,5.018154311649017,0.0,0.0,0.0,0.0,0.0,0.0,0.0,0.0,5.018154311649017,0.0,0.0,0.0,76841,0,0,0,49,UTAH
3493,491277,29.0,94.684203251872,3.26497252592662,5.0,1.0,3.0,1.0,60.18610496183632,1.0,0.0,0.0,3.0,0.0,1.0,0.0,0.0,51.185173978819975,0.0,2.0000985415845487,2.000832441431799,68506,0,0,0,49,UTAH
2446,490230,197.0,484.04883499171297,2.4571006852371218,136.0,1.0,8.0,127.0,149.0054108693067,1.0,0.0,0.0,8.0,13.0,12.0,94.0,8.0,0.0,0.0,0.0,13.005410869306694,91516,0,0,0,49,UTAH
2531,490315,105.0,388.39846640053617,3.69903301333844,240.0,8.0,48.0,184.0,377.02722670569466,7.0,1.0,0.0,48.0,24.0,83.0,0.0,77.0,5.018154311649017,0.0,125.00615884903429,7.002913545011297,96089,1041,0,0,49,UTAH
2540,490324,297.0,1106.2593135040147,3.724778833346851,37.0,2.0,12.0,23.0,56.00790819360209,0.0,2.0,1.0,11.0,14.0,1.0,1.0,7.0,0.0,0.0,0.0,19.00790819360209,95907,0,0,0,49,UTAH
2596,490380,65.0,211.5902093077548,3.255233989350073,0.0,0.0,0.0,0.0,95.0240564826482,0.0,0.0,0.0,0.0,0.0,0.0,0.0,0.0,5.018154311649017,0.0,86.0042372881356,4.001664882863598,85040,0,0,0,49,UTAH
2687,490471,468.0,1804.7968538213968,3.8564035338064033,0.0,0.0,0.0,0.0,145.01851971251216,0.0,0.0,0.0,0.0,0.0,0.0,0.0,0.0,0.0,0.0,114.00561687031927,31.012902842192887,87378,0,0,0,49,UTAH
2786,490570,157.0,520.763117885296,3.3169625343012483,424.0,33.0,0.0,391.0,434.00416220715897,5.0,28.0,0.0,0.0,69.0,4.0,124.0,194.0,0.0,0.0,0.0,10.004162207158997,84179,0,0,0,49,UTAH
2778,490562,189.0,592.2593529938524,3.133647370337844,0.0,0.0,0.0,0.0,13.008625510920599,0.0,0.0,0.0,0.0,0.0,0.0,0.0,0.0,1.0036308623298034,0.0,0.0,12.004994648590795,69037,0,0,0,49,UTAH
2793,490577,0.0,0.0,0.0,222.0,0.0,36.0,186.0,222.0,0.0,0.0,36.0,0.0,120.0,9.0,0.0,57.0,0.0,0.0,0.0,0.0,76529,0,0,0,49,UTAH
2808,490592,753.0,2227.9772724369063,2.9588011586147496,0.0,0.0,0.0,0.0,110.0234003334078,0.0,0.0,0.0,0.0,0.0,0.0,0.0,0.0,0.0,0.0,61.003005518328735,49.02039481507908,76529,0,0,0,49,UTAH
2873,490657,401.0,1300.4585467042828,3.2430387698361165,714.0,28.0,26.0,660.0,740.0108217386133,28.0,0.0,0.0,26.0,9.0,166.0,28.0,457.0,0.0,0.0,0.0,26.010821738613387,64873,0,0,1299,49,UTAH
2895,490679,0.0,0.0,0.0,4407.0,52.0,247.0,4108.0,4407.0,36.0,16.0,0.0,247.0,3391.0,42.0,71.0,604.0,0.0,0.0,0.0,0.0,67334,0,0,0,49,UTAH
2943,490727,301.0,918.8232376788804,3.052568895943124,0.0,0.0,0.0,0.0,55.01004889204759,0.0,0.0,0.0,0.0,0.0,0.0,0.0,0.0,0.0,0.0,35.0017244777296,20.00832441431799,74472,0,0,0,49,UTAH
2946,490730,6.0,20.289472125401144,3.3815786875668574,310.0,4.0,181.0,125.0,311.0036308623298,4.0,0.0,0.0,181.0,1.0,61.0,0.0,63.0,1.0036308623298034,0.0,0.0,0.0,58209,0,0,0,49,UTAH
3044,490828,139.0,435.74056802647215,3.1348242304062746,321.0,190.0,5.0,126.0,490.01162931320704,148.0,42.0,1.0,4.0,38.0,10.0,3.0,75.0,0.0,0.0,160.0078833267639,9.003745986443096,78079,0,0,0,49,UTAH
3043,490827,174.0,541.0525900106971,3.1094976437396387,174.0,73.0,2.0,99.0,185.0045784278749,18.0,55.0,2.0,0.0,18.0,9.0,39.0,33.0,0.0,0.0,0.0,11.004578427874897,62782,0,0,0,49,UTAH
3077,490861,546.0,1858.9021128224665,3.4045826242169714,500.0,44.0,225.0,231.0,549.0192060576095,43.0,1.0,202.0,23.0,139.0,41.0,0.0,51.0,1.0036308623298034,0.0,12.000591249507291,36.014983945772386,55124,0,0,0,49,UTAH
3102,490886,186.0,648.2969426735317,3.485467433728665,22.0,7.0,1.0,14.0,34.004994648590795,7.0,0.0,0.0,1.0,6.0,1.0,0.0,7.0,0.0,0.0,0.0,12.004994648590795,87864,0,0,0,49,UTAH
3123,490907,73.0,247.33832686203297,3.388196258384013,487.0,45.0,57.0,385.0,640.0093731808361,38.0,7.0,30.0,27.0,49.0,18.0,4.0,314.0,0.0,0.0,148.0072920772566,5.002081103579497,103707,0,0,0,49,UTAH
3223,491007,165.0,595.1578490117669,3.607017266737981,3.0,0.0,2.0,1.0,14.004578427874897,0.0,0.0,0.0,2.0,0.0,0.0,0.0,1.0,0.0,0.0,0.0,11.004578427874897,98673,0,0,0,49,UTAH
3204,490988,112.0,382.60147436470726,3.416084592542029,0.0,0.0,0.0,0.0,33.011357768685485,0.0,0.0,0.0,0.0,0.0,0.0,0.0,0.0,2.0072617246596067,0.0,24.001182499014583,7.002913545011297,105921,0,0,0,49,UTAH
3202,490986,7.0,13.526314750267428,1.9323306786096328,8.0,0.0,1.0,7.0,15.025416036308624,0.0,0.0,0.0,1.0,5.0,0.0,0.0,2.0,7.025416036308624,0.0,0.0,0.0,51304,0,0,0,49,UTAH
3248,491032,14.0,28.98496017914449,2.070354298510321,0.0,0.0,0.0,0.0,24.08392605430138,0.0,0.0,0.0,0.0,0.0,0.0,0.0,0.0,23.08350983358548,0.0,0.0,1.0004162207158995,76841,0,0,0,49,UTAH
3318,491102,55.0,211.5902093077548,3.84709471468645,0.0,0.0,0.0,0.0,13.034342643831828,0.0,0.0,0.0,0.0,0.0,0.0,0.0,0.0,9.03267776096823,0.0,0.0,4.001664882863598,60977,0,0,0,49,UTAH
3433,491217,82.0,231.87968143315592,2.8278009930872674,113.0,1.0,30.0,82.0,123.02023541522851,1.0,0.0,1.0,29.0,31.0,13.0,0.0,38.0,5.018154311649017,0.0,0.0,5.002081103579497,56564,0,0,0,49,UTAH
3458,491242,456.0,1777.744224320862,3.898561895440487,256.0,12.0,23.0,221.0,338.01863029421276,11.0,1.0,0.0,23.0,20.0,85.0,24.0,92.0,1.0036308623298034,0.0,51.00251281040599,30.012486621476985,78125,516,0,0,49,UTAH
3466,491250,20.0,37.68044823288784,1.884022411644392,89.0,2.0,70.0,17.0,93.01130880770532,2.0,0.0,0.0,70.0,2.0,6.0,0.0,9.0,3.01089258698941,0.0,0.0,1.0004162207158995,52410,0,0,0,49,UTAH
3474,491258,472.0,1620.259274014177,3.4327526991825783,3.0,0.0,1.0,2.0,67.01452877833793,0.0,0.0,0.0,1.0,1.0,0.0,0.0,1.0,0.0,0.0,33.001625936145054,31.012902842192887,67754,0,0,0,49,UTAH
3476,491260,7.0,14.492480089572243,2.070354298510321,232.0,5.0,5.0,222.0,234.0072617246596,1.0,4.0,0.0,5.0,38.0,35.0,143.0,6.0,2.0072617246596067,0.0,0.0,0.0,67754,0,0,0,49,UTAH
3485,491269,4.0,6.0,1.5,0.0,0.0,0.0,0.0,14.050832072617249,0.0,0.0,0.0,0.0,0.0,0.0,0.0,0.0,14.050832072617249,0.0,0.0,0.0,74530,0,0,0,49,UTAH
3481,491265,49.0,170.04509971764767,3.470308157503014,0.0,0.0,0.0,0.0,21.02004349409628,0.0,0.0,0.0,0.0,0.0,0.0,0.0,0.0,5.018154311649017,0.0,13.000640520299566,3.001248662147699,74530,0,0,0,49,UTAH
3479,491263,52.0,174.87592641417174,3.3629985848879183,213.0,6.0,12.0,195.0,353.0294883099145,2.0,4.0,3.0,9.0,100.0,21.0,59.0,15.0,6.02178517397882,0.0,131.00645447378793,3.001248662147699,74530,0,0,0,49,UTAH
3017,490801,28.0,70.53006976925158,2.5189310631875563,623.0,20.0,91.0,512.0,673.003197439461,13.0,7.0,86.0,5.0,175.0,200.0,16.0,121.0,0.0,0.0,48.002364998029165,2.000832441431799,56681,0,0,0,49,UTAH
3251,491035,9.0,26.08646416123004,2.8984960179144488,0.0,0.0,0.0,0.0,13.04398656867354,0.0,0.0,0.0,0.0,0.0,0.0,0.0,0.0,12.04357034795764,0.0,0.0,1.0004162207158995,76841,0,0,0,49,UTAH
2457,490241,2.0,6.763157375133714,3.381578687566857,0.0,0.0,0.0,0.0,23.00113322822231,0.0,0.0,0.0,0.0,0.0,0.0,0.0,0.0,0.0,0.0,23.00113322822231,0.0,106764,0,0,0,49,UTAH
2456,490240,199.0,644.4322813163125,3.238353172443781,0.0,0.0,0.0,0.0,362.0226063758104,0.0,0.0,0.0,0.0,0.0,0.0,0.0,0.0,0.0,0.0,349.01719550650375,13.005410869306694,106764,0,0,0,49,UTAH
2333,490117,517.0,1857.9359474831615,3.593686552191802,0.0,0.0,0.0,0.0,103.02113278054503,0.0,0.0,0.0,0.0,0.0,0.0,0.0,0.0,1.0036308623298034,0.0,68.00335041387466,34.01415150434058,66402,0,0,0,49,UTAH
2695,490479,354.0,1352.631475026743,3.8209928673071833,742.0,20.0,15.0,707.0,786.0106077631035,19.0,1.0,0.0,15.0,176.0,274.0,2.0,255.0,0.0,0.0,21.001034686637762,23.00957307646569,93584,745,1983,0,49,UTAH
2580,490364,228.0,849.2593332489336,3.724821637056726,0.0,0.0,0.0,0.0,23.010219068614216,0.0,0.0,0.0,0.0,0.0,0.0,0.0,0.0,1.0036308623298034,0.0,7.00034489554592,15.006243310738492,116706,0,0,0,49,UTAH
3231,491015,16.0,38.64661357219265,2.415413348262041,0.0,0.0,0.0,0.0,6.018570532364916,0.0,0.0,0.0,0.0,0.0,0.0,0.0,0.0,5.018154311649017,0.0,0.0,1.0004162207158995,51304,0,0,0,49,UTAH
2577,490361,417.0,1383.548765884497,3.3178627479244533,1483.0,756.0,40.0,687.0,1571.014243477658,548.0,208.0,40.0,0.0,308.0,76.0,88.0,215.0,0.0,0.0,61.003005518328735,27.01123795932929,105595,0,0,0,49,UTAH
2690,490474,513.0,1803.830688482092,3.5162391588344875,10.0,1.0,5.0,4.0,45.01778236667039,1.0,0.0,3.0,2.0,1.0,1.0,0.0,2.0,1.0036308623298034,0.0,0.0,34.01415150434058,99835,0,0,0,49,UTAH
2439,490223,5.0,9.661653393048162,1.9323306786096324,0.0,0.0,0.0,0.0,51.185173978819975,0.0,0.0,0.0,0.0,0.0,0.0,0.0,0.0,51.185173978819975,0.0,0.0,0.0,91516,0,0,0,49,UTAH
3483,491267,170.0,591.2931876545475,3.478195221497338,0.0,0.0,0.0,0.0,50.121110917974526,0.0,0.0,0.0,0.0,0.0,0.0,0.0,0.0,32.11618759455371,0.0,7.00034489554592,11.004578427874897,74530,0,0,0,49,UTAH
2441,490225,0.0,0.0,0.0,0.0,0.0,0.0,0.0,0.0,0.0,0.0,0.0,0.0,0.0,0.0,0.0,0.0,0.0,0.0,0.0,0.0,91516,0,0,0,49,UTAH
2455,490239,267.0,855.0563252847625,3.202458147133942,0.0,0.0,0.0,0.0,140.01313605962002,0.0,0.0,0.0,0.0,0.0,0.0,0.0,0.0,0.0,0.0,123.00606030744974,17.00707575217029,91516,0,0,0,49,UTAH
2428,490212,0.0,0.0,0.0,400.0,13.0,3.0,384.0,400.0,13.0,0.0,1.0,2.0,167.0,25.0,15.0,177.0,0.0,0.0,0.0,0.0,102760,0,0,0,49,UTAH
2662,490446,432.0,1627.9885967286154,3.76849212205698,0.0,0.0,0.0,0.0,91.01475823995847,0.0,0.0,0.0,0.0,0.0,0.0,0.0,0.0,0.0,0.0,63.003104059913284,28.011654180045188,149585,0,0,0,49,UTAH
2657,490441,369.0,1338.1389949371703,3.626392940209134,202.0,3.0,88.0,111.0,279.01618224070967,3.0,0.0,0.0,88.0,13.0,50.0,1.0,47.0,1.0036308623298034,0.0,52.00256208119826,24.00998929718159,87510,0,0,0,49,UTAH
2656,490440,371.0,1325.578845526208,3.572988801957434,101.0,1.0,1.0,99.0,137.01058054668889,1.0,0.0,0.0,1.0,17.0,5.0,59.0,18.0,0.0,0.0,12.000591249507291,24.00998929718159,149909,0,0,0,49,UTAH
2874,490658,359.0,1095.6314947716617,3.051898314127192,16.0,1.0,0.0,15.0,58.372455949873256,0.0,1.0,0.0,0.0,7.0,1.0,0.0,7.0,0.0,15.362318840314842,3.000147812376823,24.00998929718159,74224,0,0,0,49,UTAH
3113,490897,220.0,755.5412953363664,3.4342786151653018,30.0,0.0,1.0,29.0,72.06745965618434,0.0,0.0,0.0,1.0,7.0,0.0,14.0,8.0,5.018154311649017,23.04347825451274,0.0,14.005827090022594,103707,0,0,0,49,UTAH
3112,490896,255.0,862.7856479992009,3.3834731294086318,0.0,0.0,0.0,0.0,41.02258461733499,0.0,0.0,0.0,0.0,0.0,0.0,0.0,0.0,4.0145234493192135,0.0,20.000985415845488,17.00707575217029,110400,0,0,0,49,UTAH
3247,491031,11.0,29.951125518449302,2.7228295925863004,0.0,0.0,0.0,0.0,27.094818641290786,0.0,0.0,0.0,0.0,0.0,0.0,0.0,0.0,26.094402420574887,0.0,0.0,1.0004162207158995,74530,0,0,0,49,UTAH
3343,491127,61.0,182.60524912861027,2.9935286742395126,3.0,1.0,0.0,2.0,229.02334777336108,1.0,0.0,0.0,0.0,0.0,0.0,0.0,2.0,3.01089258698941,0.0,219.0107903035081,4.001664882863598,56564,0,0,0,49,UTAH
3432,491216,111.0,318.8345619705894,2.872383441176481,102.0,0.0,22.0,80.0,112.01380613200071,0.0,0.0,3.0,19.0,34.0,12.0,0.0,34.0,3.01089258698941,0.0,0.0,7.002913545011297,56564,0,0,0,49,UTAH
3416,491200,229.0,690.8082176029436,3.016629771191893,2238.0,144.0,299.0,1795.0,2546.0350060190253,87.0,57.0,176.0,123.0,345.0,201.0,440.0,809.0,4.0145234493192135,0.0,289.0142392589673,15.006243310738492,120577,0,0,0,49,UTAH
3415,491199,75.0,256.99998025508114,3.426666403401082,617.0,34.0,102.0,481.0,888.0223503173995,28.0,6.0,29.0,73.0,106.0,88.0,57.0,230.0,2.0072617246596067,0.0,264.01300748916043,5.002081103579497,120577,0,0,0,49,UTAH
3427,491211,429.0,1601.9021325673857,3.7340376050521806,0.0,0.0,0.0,0.0,32.01185126321428,0.0,0.0,0.0,0.0,0.0,0.0,0.0,0.0,0.0,0.0,4.000197083169097,28.011654180045188,109773,0,0,0,49,UTAH
3468,491252,18.0,57.00375501898416,3.166875278832453,0.0,0.0,0.0,0.0,4.011308807705309,0.0,0.0,0.0,0.0,0.0,0.0,0.0,0.0,3.01089258698941,0.0,0.0,1.0004162207158995,52410,0,0,0,49,UTAH
3472,491256,375.0,1342.00365629439,3.57867641678504,0.0,0.0,0.0,0.0,33.010799684235685,0.0,0.0,0.0,0.0,0.0,0.0,0.0,0.0,0.0,0.0,8.000394166338195,25.01040551789749,67754,0,0,0,49,UTAH
3473,491257,522.0,1649.2442341933215,3.159471713014026,0.0,0.0,0.0,0.0,162.0204581657517,0.0,0.0,0.0,0.0,0.0,0.0,0.0,0.0,0.0,0.0,128.00630666141112,34.01415150434058,67754,0,0,0,49,UTAH
3477,491261,21.0,57.96992035828898,2.760472398013761,0.0,0.0,0.0,0.0,126.0065750697502,0.0,0.0,0.0,0.0,0.0,0.0,0.0,0.0,0.0,0.0,125.00615884903429,1.0004162207158995,67754,0,0,0,49,UTAH
2516,490300,326.0,1095.6314947716617,3.360832806048042,207.0,1.0,5.0,201.0,365.0262355081881,0.0,1.0,0.0,5.0,74.0,2.0,116.0,9.0,3.01089258698941,0.0,134.00660228616476,21.00874063503389,91670,0,0,0,49,UTAH
2691,490475,302.0,1069.5450306104317,3.541539836458383,0.0,0.0,0.0,0.0,20.00832441431799,0.0,0.0,0.0,0.0,0.0,0.0,0.0,0.0,0.0,0.0,0.0,20.00832441431799,80235,0,0,0,49,UTAH
2750,490534,528.0,1643.4472421574926,3.11258947378313,15.0,9.0,0.0,6.0,107.01737616021612,2.0,7.0,0.0,0.0,0.0,0.0,2.0,4.0,0.0,0.0,57.002808435159636,35.01456772505648,68046,0,0,0,49,UTAH
2822,490606,346.0,1009.6427795735332,2.9180427155304423,966.0,81.0,293.0,592.0,1009.0105584923111,81.0,0.0,1.0,292.0,224.0,216.0,6.0,146.0,0.0,0.0,20.000985415845488,23.00957307646569,55597,710,1183,0,49,UTAH
2595,490379,0.0,0.0,0.0,440.0,40.0,68.0,332.0,442.0072617246596,40.0,0.0,0.0,68.0,51.0,48.0,0.0,233.0,2.0072617246596067,0.0,0.0,0.0,87096,0,0,0,49,UTAH
2588,490372,0.0,0.0,0.0,0.0,0.0,0.0,0.0,0.0,0.0,0.0,0.0,0.0,0.0,0.0,0.0,0.0,0.0,0.0,0.0,0.0,87096,0,0,0,49,UTAH
2587,490371,0.0,0.0,0.0,37.0,2.0,29.0,6.0,41.01452344931921,2.0,0.0,0.0,29.0,0.0,0.0,0.0,6.0,4.0145234493192135,0.0,0.0,0.0,87096,0,0,0,49,UTAH
3110,490894,187.0,668.5864147989329,3.575328421384668,239.0,25.0,11.0,203.0,271.0095616559738,25.0,0.0,2.0,9.0,54.0,70.0,14.0,65.0,1.0036308623298034,0.0,19.000936145053213,12.004994648590795,112744,571,0,0,49,UTAH
3103,490887,113.0,366.1766635965254,3.240501447756862,0.0,0.0,0.0,0.0,7.002913545011297,0.0,0.0,0.0,0.0,0.0,0.0,0.0,0.0,0.0,0.0,0.0,7.002913545011297,87537,0,0,0,49,UTAH
3105,490889,189.0,662.789422763104,3.5068223426619256,107.0,42.0,24.0,41.0,126.00892113567424,42.0,0.0,0.0,24.0,6.0,21.0,3.0,11.0,1.0036308623298034,0.0,6.000295624753646,12.004994648590795,90154,0,0,0,49,UTAH
3114,490898,109.0,395.16162377566985,3.625335997941925,0.0,0.0,0.0,0.0,8.0065444073411,0.0,0.0,0.0,0.0,0.0,0.0,0.0,0.0,1.0036308623298034,0.0,0.0,7.002913545011297,113111,0,0,0,49,UTAH
3115,490899,74.0,291.7819324700545,3.9429990874331695,542.0,11.0,273.0,258.0,572.0068944649239,11.0,0.0,185.0,88.0,0.0,69.0,34.0,155.0,1.0036308623298034,0.0,24.001182499014583,5.002081103579497,113111,0,0,0,49,UTAH
3120,490904,37.0,136.2293128419791,3.681873320053489,0.0,0.0,0.0,0.0,5.011725028421209,0.0,0.0,0.0,0.0,0.0,0.0,0.0,0.0,3.01089258698941,0.0,0.0,2.000832441431799,113111,0,0,0,49,UTAH
3126,490910,59.0,244.4398308441185,4.143047980408788,2.0,0.0,1.0,1.0,8.008926607523204,0.0,0.0,0.0,1.0,0.0,1.0,0.0,0.0,2.0072617246596067,0.0,0.0,4.001664882863598,113111,0,0,0,49,UTAH
3125,490909,68.0,228.98118541524147,3.367370373753551,8.0,0.0,5.0,3.0,14.008926607523204,0.0,0.0,0.0,5.0,0.0,0.0,1.0,2.0,2.0072617246596067,0.0,0.0,4.001664882863598,113111,0,0,0,49,UTAH
3181,490965,83.0,245.40599618342333,2.956698749197872,0.0,0.0,0.0,0.0,9.005859778286123,0.0,0.0,0.0,0.0,0.0,0.0,0.0,0.0,1.0036308623298034,0.0,3.000147812376823,5.002081103579497,91005,0,0,0,49,UTAH
2715,490499,91.0,318.8345619705894,3.503676505171312,1376.0,0.0,232.0,1144.0,1406.0072614148473,0.0,0.0,80.0,152.0,1081.0,19.0,1.0,43.0,1.0036308623298034,0.0,23.00113322822231,6.002497324295398,67267,0,0,0,49,UTAH
2701,490485,0.0,0.0,0.0,1676.0,1136.0,6.0,534.0,1676.0,870.0,266.0,5.0,1.0,73.0,135.0,90.0,236.0,0.0,0.0,0.0,0.0,36579,0,0,0,49,UTAH
2633,490417,89.0,268.59396432673896,3.017909711536393,1279.0,668.0,14.0,597.0,1285.0024973242953,446.0,222.0,8.0,6.0,116.0,87.0,1.0,393.0,0.0,0.0,0.0,6.002497324295398,100955,0,0,0,49,UTAH
2879,490663,0.0,0.0,0.0,619.0,132.0,269.0,218.0,630.000541978715,132.0,0.0,119.0,150.0,45.0,71.0,0.0,102.0,0.0,0.0,11.000541978715018,0.0,76529,0,0,194,49,UTAH
3020,490804,0.0,0.0,0.0,1518.0,776.0,27.0,715.0,1518.0,490.0,286.0,20.0,7.0,162.0,129.0,32.0,392.0,0.0,0.0,0.0,0.0,56681,0,0,0,49,UTAH
2797,490581,0.0,0.0,0.0,1635.0,181.0,747.0,707.0,1661.0012810405992,162.0,19.0,324.0,423.0,354.0,104.0,0.0,249.0,0.0,0.0,26.00128104059913,0.0,76529,0,0,0,49,UTAH
3048,490832,216.0,680.1803988705907,3.1489833281045865,0.0,0.0,0.0,0.0,16.0130888146822,0.0,0.0,0.0,0.0,0.0,0.0,0.0,0.0,2.0072617246596067,0.0,0.0,14.005827090022594,51304,0,0,0,49,UTAH
3050,490834,54.0,157.48495030668505,2.9163879686423155,0.0,0.0,0.0,0.0,88.02371158710228,0.0,0.0,0.0,0.0,0.0,0.0,0.0,0.0,5.018154311649017,0.0,79.00389239258968,4.001664882863598,51304,0,0,0,49,UTAH
3244,491028,13.0,42.51127492941192,3.2700980714932246,0.0,0.0,0.0,0.0,6.018570532364916,0.0,0.0,0.0,0.0,0.0,0.0,0.0,0.0,5.018154311649017,0.0,0.0,1.0004162207158995,51304,0,0,0,49,UTAH
3250,491034,21.0,55.07142434037453,2.6224487781130725,32.0,5.0,6.0,21.0,36.01130880770531,5.0,0.0,0.0,6.0,5.0,3.0,0.0,13.0,3.01089258698941,0.0,0.0,1.0004162207158995,51304,0,0,0,49,UTAH
3245,491029,7.0,16.424810768181878,2.3464015383116967,0.0,0.0,0.0,0.0,6.02178517397882,0.0,0.0,0.0,0.0,0.0,0.0,0.0,0.0,6.02178517397882,0.0,0.0,0.0,51304,0,0,0,49,UTAH
3259,491043,4.0,10.62781873235298,2.656954683088245,0.0,0.0,0.0,0.0,4.0145234493192135,0.0,0.0,0.0,0.0,0.0,0.0,0.0,0.0,4.0145234493192135,0.0,0.0,0.0,76841,0,0,0,49,UTAH
3264,491048,8.0,22.22180280401077,2.777725350501347,0.0,0.0,0.0,0.0,5.014939670035113,0.0,0.0,0.0,0.0,0.0,0.0,0.0,0.0,4.0145234493192135,0.0,0.0,1.0004162207158995,76841,0,0,0,49,UTAH
3258,491042,11.0,28.01879483983967,2.547163167258152,0.0,0.0,0.0,0.0,5.014939670035113,0.0,0.0,0.0,0.0,0.0,0.0,0.0,0.0,4.0145234493192135,0.0,0.0,1.0004162207158995,76841,0,0,0,49,UTAH
3249,491033,15.0,46.37593628663118,3.091729085775412,0.0,0.0,0.0,0.0,4.011308807705309,0.0,0.0,0.0,0.0,0.0,0.0,0.0,0.0,3.01089258698941,0.0,0.0,1.0004162207158995,51304,0,0,0,49,UTAH
3256,491040,11.0,28.01879483983967,2.547163167258152,0.0,0.0,0.0,0.0,4.011308807705309,0.0,0.0,0.0,0.0,0.0,0.0,0.0,0.0,3.01089258698941,0.0,0.0,1.0004162207158995,76841,0,0,0,49,UTAH
3257,491041,6.0,19.323306786096325,3.220551131016054,0.0,0.0,0.0,0.0,4.0145234493192135,0.0,0.0,0.0,0.0,0.0,0.0,0.0,0.0,4.0145234493192135,0.0,0.0,0.0,76841,0,0,0,49,UTAH
3253,491037,0.0,0.0,0.0,0.0,0.0,0.0,0.0,5.018154311649017,0.0,0.0,0.0,0.0,0.0,0.0,0.0,0.0,5.018154311649017,0.0,0.0,0.0,76841,0,0,0,49,UTAH
3255,491039,9.0,23.18796814331559,2.576440904812843,0.0,0.0,0.0,0.0,5.014939670035113,0.0,0.0,0.0,0.0,0.0,0.0,0.0,0.0,4.0145234493192135,0.0,0.0,1.0004162207158995,76841,0,0,0,49,UTAH
3243,491027,13.0,30.91729085775412,2.378253142904163,0.0,0.0,0.0,0.0,6.018570532364916,0.0,0.0,0.0,0.0,0.0,0.0,0.0,0.0,5.018154311649017,0.0,0.0,1.0004162207158995,51304,0,0,0,49,UTAH
3242,491026,7.0,22.22180280401077,3.174543257715825,0.0,0.0,0.0,0.0,6.02178517397882,0.0,0.0,0.0,0.0,0.0,0.0,0.0,0.0,6.02178517397882,0.0,0.0,0.0,51304,0,0,0,49,UTAH
3241,491025,10.0,23.18796814331559,2.318796814331559,0.0,0.0,0.0,0.0,5.014939670035113,0.0,0.0,0.0,0.0,0.0,0.0,0.0,0.0,4.0145234493192135,0.0,0.0,1.0004162207158995,51304,0,0,0,49,UTAH
3239,491023,5.0,11.593984071657797,2.318796814331559,0.0,0.0,0.0,0.0,3.01089258698941,0.0,0.0,0.0,0.0,0.0,0.0,0.0,0.0,3.01089258698941,0.0,0.0,0.0,51304,0,0,0,49,UTAH
3267,491051,16.0,37.68044823288784,2.3550280145554896,0.0,0.0,0.0,0.0,4.011308807705309,0.0,0.0,0.0,0.0,0.0,0.0,0.0,0.0,3.01089258698941,0.0,0.0,1.0004162207158995,51304,0,0,0,49,UTAH
3270,491054,16.0,33.81578687566857,2.1134866797292857,0.0,0.0,0.0,0.0,6.018570532364916,0.0,0.0,0.0,0.0,0.0,0.0,0.0,0.0,5.018154311649017,0.0,0.0,1.0004162207158995,51304,0,0,0,49,UTAH
3266,491050,11.0,26.08646416123004,2.371496741930004,0.0,0.0,0.0,0.0,5.014939670035113,0.0,0.0,0.0,0.0,0.0,0.0,0.0,0.0,4.0145234493192135,0.0,0.0,1.0004162207158995,51304,0,0,0,49,UTAH
3275,491059,15.0,50.24059764385045,3.3493731762566967,48.0,0.0,6.0,42.0,52.01130880770531,0.0,0.0,5.0,1.0,1.0,38.0,2.0,1.0,3.01089258698941,0.0,0.0,1.0004162207158995,76841,0,0,0,49,UTAH
3282,491066,20.0,41.5451095901071,2.077255479505355,7.0,0.0,3.0,4.0,12.014939670035114,0.0,0.0,0.0,3.0,0.0,0.0,0.0,4.0,4.0145234493192135,0.0,0.0,1.0004162207158995,76841,0,0,0,49,UTAH
3276,491060,8.0,24.15413348262041,3.0192666853275507,0.0,0.0,0.0,0.0,5.014939670035113,0.0,0.0,0.0,0.0,0.0,0.0,0.0,0.0,4.0145234493192135,0.0,0.0,1.0004162207158995,76841,0,0,0,49,UTAH
3277,491061,5.0,12.560149410962612,2.5120298821925227,0.0,0.0,0.0,0.0,4.0145234493192135,0.0,0.0,0.0,0.0,0.0,0.0,0.0,0.0,4.0145234493192135,0.0,0.0,0.0,76841,0,0,0,49,UTAH
3278,491062,2.0,3.0,1.5,0.0,0.0,0.0,0.0,5.018154311649017,0.0,0.0,0.0,0.0,0.0,0.0,0.0,0.0,5.018154311649017,0.0,0.0,0.0,76841,0,0,0,49,UTAH
3280,491064,10.0,22.22180280401077,2.2221802804010773,0.0,0.0,0.0,0.0,6.018570532364916,0.0,0.0,0.0,0.0,0.0,0.0,0.0,0.0,5.018154311649017,0.0,0.0,1.0004162207158995,76841,0,0,0,49,UTAH
3287,491071,11.0,29.951125518449302,2.7228295925863004,0.0,0.0,0.0,0.0,7.0222013946947195,0.0,0.0,0.0,0.0,0.0,0.0,0.0,0.0,6.02178517397882,0.0,0.0,1.0004162207158995,75589,0,0,0,49,UTAH
3304,491088,3.0,5.7969920358288975,1.9323306786096328,0.0,0.0,0.0,0.0,5.018154311649017,0.0,0.0,0.0,0.0,0.0,0.0,0.0,0.0,5.018154311649017,0.0,0.0,0.0,75589,0,0,0,49,UTAH
3303,491087,7.0,17.390976107486694,2.484425158212385,0.0,0.0,0.0,0.0,4.0145234493192135,0.0,0.0,0.0,0.0,0.0,0.0,0.0,0.0,4.0145234493192135,0.0,0.0,0.0,75589,0,0,0,49,UTAH
3302,491086,15.0,52.17292832246008,3.4781952214973386,0.0,0.0,0.0,0.0,4.011308807705309,0.0,0.0,0.0,0.0,0.0,0.0,0.0,0.0,3.01089258698941,0.0,0.0,1.0004162207158995,75589,0,0,0,49,UTAH
3299,491083,7.0,20.289472125401144,2.898496017914449,0.0,0.0,0.0,0.0,4.0145234493192135,0.0,0.0,0.0,0.0,0.0,0.0,0.0,0.0,4.0145234493192135,0.0,0.0,0.0,75589,0,0,0,49,UTAH
3300,491084,4.0,8.695488053743347,2.1738720134358367,0.0,0.0,0.0,0.0,4.0145234493192135,0.0,0.0,0.0,0.0,0.0,0.0,0.0,0.0,4.0145234493192135,0.0,0.0,0.0,75589,0,0,0,49,UTAH
3293,491077,3.0,18.35714144679151,6.119047148930503,0.0,0.0,0.0,0.0,4.0145234493192135,0.0,0.0,0.0,0.0,0.0,0.0,0.0,0.0,4.0145234493192135,0.0,0.0,0.0,75589,0,0,0,49,UTAH
3296,491080,4.0,11.593984071657797,2.8984960179144488,0.0,0.0,0.0,0.0,4.0145234493192135,0.0,0.0,0.0,0.0,0.0,0.0,0.0,0.0,4.0145234493192135,0.0,0.0,0.0,75589,0,0,0,49,UTAH
3295,491079,12.0,31.883456197058937,2.656954683088245,0.0,0.0,0.0,0.0,4.011308807705309,0.0,0.0,0.0,0.0,0.0,0.0,0.0,0.0,3.01089258698941,0.0,0.0,1.0004162207158995,75589,0,0,0,49,UTAH
3298,491082,4.0,13.526314750267428,3.381578687566857,0.0,0.0,0.0,0.0,4.0145234493192135,0.0,0.0,0.0,0.0,0.0,0.0,0.0,0.0,4.0145234493192135,0.0,0.0,0.0,75589,0,0,0,49,UTAH
3313,491097,124.0,395.16162377566985,3.1867872885134667,1.0,0.0,0.0,1.0,284.03120559975275,0.0,0.0,0.0,0.0,0.0,0.0,0.0,1.0,4.0145234493192135,0.0,271.01335238470637,8.003329765727196,75589,0,0,0,49,UTAH
3312,491096,167.0,542.9849206893067,3.251406710714412,0.0,0.0,0.0,0.0,14.015471014864307,0.0,0.0,0.0,0.0,0.0,0.0,0.0,0.0,3.01089258698941,0.0,0.0,11.004578427874897,75589,0,0,0,49,UTAH
3330,491114,230.0,685.0112255671147,2.9783096763787595,0.0,0.0,0.0,0.0,291.03416841555634,0.0,0.0,0.0,0.0,0.0,0.0,0.0,0.0,4.0145234493192135,0.0,272.0134016554986,15.006243310738492,31028,0,0,0,49,UTAH
3390,491174,4.0,6.763157375133714,1.6907893437834285,0.0,0.0,0.0,0.0,8.011138940950783,0.0,0.0,0.0,0.0,0.0,0.0,0.0,0.0,3.01089258698941,0.0,5.000246353961372,0.0,105921,0,0,0,49,UTAH
3393,491177,30.0,85.02254985882384,2.834084995294128,32.0,1.0,1.0,30.0,36.008094166091404,0.0,1.0,0.0,1.0,4.0,1.0,0.0,25.0,2.0072617246596067,0.0,0.0,2.000832441431799,80628,0,0,0,49,UTAH
3396,491180,90.0,256.99998025508114,2.8555553361675683,38.0,3.0,9.0,26.0,47.01338991128481,2.0,1.0,0.0,9.0,0.0,2.0,1.0,23.0,3.01089258698941,0.0,0.0,6.002497324295398,30043,0,0,0,49,UTAH
3397,491181,78.0,236.71050812968,3.0347501042266667,123.0,3.0,3.0,117.0,130.00934282823908,2.0,1.0,1.0,2.0,9.0,9.0,2.0,97.0,2.0072617246596067,0.0,0.0,5.002081103579497,89915,0,0,0,49,UTAH
3398,491182,59.0,194.19923320026808,3.291512427123188,0.0,0.0,0.0,0.0,136.01891340205637,0.0,0.0,0.0,0.0,0.0,0.0,0.0,0.0,3.01089258698941,0.0,129.00635593220338,4.001664882863598,89915,0,0,0,49,UTAH
3423,491207,96.0,328.49621536363753,3.4218355767045576,0.0,0.0,0.0,0.0,41.01138498510006,0.0,0.0,0.0,0.0,0.0,0.0,0.0,0.0,2.0072617246596067,0.0,33.001625936145054,6.002497324295398,89700,0,0,0,49,UTAH
3392,491176,27.0,98.54886460909128,3.649957948484862,0.0,0.0,0.0,0.0,8.022617615410619,0.0,0.0,0.0,0.0,0.0,0.0,0.0,0.0,6.02178517397882,0.0,0.0,2.000832441431799,30043,0,0,0,49,UTAH
3391,491175,90.0,292.74809780935936,3.252756642326215,0.0,0.0,0.0,0.0,143.03073697206216,0.0,0.0,0.0,0.0,0.0,0.0,0.0,0.0,6.02178517397882,0.0,131.00645447378793,6.002497324295398,105921,0,0,0,49,UTAH
3327,491111,34.0,97.58269926978645,2.8700793902878368,0.0,0.0,0.0,0.0,135.02529341449195,0.0,0.0,0.0,0.0,0.0,0.0,0.0,0.0,5.018154311649017,0.0,128.00630666141112,2.000832441431799,30043,0,0,0,49,UTAH
3283,491067,16.0,58.9360856975938,3.683505356099612,8.0,0.0,2.0,6.0,11.007677945375507,0.0,0.0,0.0,2.0,0.0,2.0,0.0,4.0,2.0072617246596067,0.0,0.0,1.0004162207158995,75589,0,0,0,49,UTAH
3284,491068,26.0,99.51502994839608,3.827501151861388,0.0,0.0,0.0,0.0,5.011725028421209,0.0,0.0,0.0,0.0,0.0,0.0,0.0,0.0,3.01089258698941,0.0,0.0,2.000832441431799,75589,0,0,0,49,UTAH
3286,491070,13.0,46.37593628663118,3.5673797143562447,0.0,0.0,0.0,0.0,3.007677945375506,0.0,0.0,0.0,0.0,0.0,0.0,0.0,0.0,2.0072617246596067,0.0,0.0,1.0004162207158995,75589,0,0,0,49,UTAH
3274,491058,24.0,85.98871519812865,3.58286313325536,3.0,0.0,2.0,1.0,9.015355890751012,0.0,0.0,1.0,1.0,0.0,0.0,1.0,0.0,4.0145234493192135,0.0,0.0,2.000832441431799,75589,0,0,0,49,UTAH
3273,491057,9.0,31.883456197058937,3.54260624411766,0.0,0.0,0.0,0.0,6.018570532364916,0.0,0.0,0.0,0.0,0.0,0.0,0.0,0.0,5.018154311649017,0.0,0.0,1.0004162207158995,75589,0,0,0,49,UTAH
3157,490941,171.0,444.4360560802155,2.599041263626991,0.0,0.0,0.0,0.0,12.0082092902047,0.0,0.0,0.0,0.0,0.0,0.0,0.0,0.0,1.0036308623298034,0.0,0.0,11.004578427874897,51304,0,0,0,49,UTAH
2727,490511,68.0,255.0676495764715,3.750994846712816,354.0,17.0,7.0,330.0,359.00529574519345,2.0,15.0,1.0,6.0,215.0,4.0,34.0,77.0,1.0036308623298034,0.0,0.0,4.001664882863598,83312,0,0,0,49,UTAH
2772,490556,409.0,1260.8457677927852,3.082752488490917,97.0,13.0,69.0,15.0,263.02166819099295,13.0,0.0,1.0,68.0,5.0,1.0,0.0,9.0,1.0036308623298034,0.0,138.00679936933386,27.01123795932929,60581,0,0,0,49,UTAH
2777,490561,28.0,110.14284868074904,3.933673167169609,849.0,83.0,441.0,325.0,851.0008324414318,83.0,0.0,392.0,49.0,118.0,22.0,2.0,183.0,0.0,0.0,0.0,2.000832441431799,65221,0,0,0,49,UTAH
2774,490558,90.0,282.1202790770064,3.1346697675222925,703.0,79.0,5.0,619.0,710.0061281866252,78.0,1.0,4.0,1.0,511.0,16.0,1.0,91.0,1.0036308623298034,0.0,0.0,6.002497324295398,60581,0,0,0,49,UTAH
3334,491118,510.0,1391.2780885989357,2.727996252154776,0.0,0.0,0.0,0.0,34.01736614595448,0.0,0.0,0.0,0.0,0.0,0.0,0.0,0.0,1.0036308623298034,0.0,0.0,33.01373528362468,75589,0,0,0,49,UTAH
3381,491165,77.0,211.5902093077548,2.7479247962046074,187.0,4.0,13.0,170.0,194.00934282823908,4.0,0.0,10.0,3.0,109.0,7.0,9.0,45.0,2.0072617246596067,0.0,0.0,5.002081103579497,105921,0,0,0,49,UTAH
3220,491004,0.0,0.0,0.0,0.0,0.0,0.0,0.0,4.0145234493192135,0.0,0.0,0.0,0.0,0.0,0.0,0.0,0.0,4.0145234493192135,0.0,0.0,0.0,69330,0,0,0,49,UTAH
3216,491000,7.0,18.35714144679151,2.6224487781130725,0.0,0.0,0.0,0.0,3.01089258698941,0.0,0.0,0.0,0.0,0.0,0.0,0.0,0.0,3.01089258698941,0.0,0.0,0.0,69330,0,0,0,49,UTAH
3218,491002,26.0,108.21051800213942,4.161943000082285,0.0,0.0,0.0,0.0,3.0044633037616024,0.0,0.0,0.0,0.0,0.0,0.0,0.0,0.0,1.0036308623298034,0.0,0.0,2.000832441431799,69330,0,0,0,49,UTAH
3224,491008,111.0,393.2292930970602,3.54260624411766,0.0,0.0,0.0,0.0,8.0065444073411,0.0,0.0,0.0,0.0,0.0,0.0,0.0,0.0,1.0036308623298034,0.0,0.0,7.002913545011297,69330,0,0,0,49,UTAH
3263,491047,12.0,25.120298821925225,2.0933582351604354,0.0,0.0,0.0,0.0,5.014939670035113,0.0,0.0,0.0,0.0,0.0,0.0,0.0,0.0,4.0145234493192135,0.0,0.0,1.0004162207158995,76841,0,0,0,49,UTAH
3260,491044,3.0,6.763157375133714,2.254385791711238,0.0,0.0,0.0,0.0,4.0145234493192135,0.0,0.0,0.0,0.0,0.0,0.0,0.0,0.0,4.0145234493192135,0.0,0.0,0.0,76841,0,0,0,49,UTAH
3261,491045,12.0,33.81578687566857,2.8179822396390475,0.0,0.0,0.0,0.0,4.011308807705309,0.0,0.0,0.0,0.0,0.0,0.0,0.0,0.0,3.01089258698941,0.0,0.0,1.0004162207158995,76841,0,0,0,49,UTAH
3252,491036,5.0,8.695488053743347,1.7390976107486693,0.0,0.0,0.0,0.0,7.025416036308624,0.0,0.0,0.0,0.0,0.0,0.0,0.0,0.0,7.025416036308624,0.0,0.0,0.0,76841,0,0,0,49,UTAH
3317,491101,8.0,25.120298821925225,3.140037352740653,0.0,0.0,0.0,0.0,6.018570532364916,0.0,0.0,0.0,0.0,0.0,0.0,0.0,0.0,5.018154311649017,0.0,0.0,1.0004162207158995,56564,0,0,0,49,UTAH
3234,491018,7.0,16.424810768181878,2.3464015383116967,0.0,0.0,0.0,0.0,5.018154311649017,0.0,0.0,0.0,0.0,0.0,0.0,0.0,0.0,5.018154311649017,0.0,0.0,0.0,51304,0,0,0,49,UTAH
2950,490734,2.0,7.72932271443853,3.864661357219265,119.0,4.0,15.0,100.0,121.0072617246596,4.0,0.0,1.0,14.0,5.0,9.0,1.0,85.0,2.0072617246596067,0.0,0.0,0.0,58209,0,0,0,49,UTAH
2917,490701,107.0,334.29320739946644,3.124235583172584,0.0,0.0,0.0,0.0,8.0065444073411,0.0,0.0,0.0,0.0,0.0,0.0,0.0,0.0,1.0036308623298034,0.0,0.0,7.002913545011297,65974,0,0,0,49,UTAH
2987,490771,528.0,1581.6126604419842,2.995478523564364,23.0,1.0,1.0,21.0,58.01456772505648,1.0,0.0,0.0,1.0,0.0,0.0,0.0,21.0,0.0,0.0,0.0,35.01456772505648,24407,0,0,0,49,UTAH
2991,490775,588.0,1784.5073816959955,3.0348764994829858,0.0,0.0,0.0,0.0,39.01623260792008,0.0,0.0,0.0,0.0,0.0,0.0,0.0,0.0,0.0,0.0,0.0,39.01623260792008,23848,0,0,0,49,UTAH
2965,490749,142.0,419.3157572582903,2.9529278680161286,193.0,22.0,153.0,18.0,203.00379525723537,22.0,0.0,145.0,8.0,3.0,2.0,0.0,13.0,0.0,0.0,1.0000492707922743,9.003745986443096,48606,0,0,0,49,UTAH
3012,490796,119.0,286.95110577353046,2.411353830029668,57.0,2.0,41.0,14.0,65.0033297657272,2.0,0.0,23.0,18.0,0.0,1.0,0.0,13.0,0.0,0.0,0.0,8.003329765727196,31799,0,0,0,49,UTAH
2921,490705,124.0,335.2593727387713,2.7037046188610585,647.0,2.0,56.0,589.0,655.0033297657272,2.0,0.0,34.0,22.0,435.0,105.0,24.0,25.0,0.0,0.0,0.0,8.003329765727196,45835,0,0,0,49,UTAH
2922,490706,294.0,859.8871519812865,2.924786231228865,48.0,2.0,17.0,29.0,67.00790819360209,2.0,0.0,1.0,16.0,10.0,2.0,0.0,17.0,0.0,0.0,0.0,19.00790819360209,64980,0,0,0,49,UTAH
2883,490667,171.0,536.221763314173,3.135799785463,41.0,0.0,2.0,39.0,113.00758394620362,0.0,0.0,0.0,2.0,3.0,0.0,35.0,1.0,0.0,0.0,61.003005518328735,11.004578427874897,63356,0,0,0,49,UTAH
2881,490665,190.0,583.563864940109,3.071388762842679,102.0,19.0,7.0,76.0,114.0049946485908,19.0,0.0,7.0,0.0,2.0,5.0,32.0,37.0,0.0,0.0,0.0,12.004994648590795,76529,0,0,0,49,UTAH
2798,490582,19.0,57.00375501898416,3.000197632578113,537.0,26.0,60.0,451.0,557.0049339573067,26.0,0.0,59.0,1.0,12.0,137.0,123.0,179.0,1.0036308623298034,0.0,18.00088687426094,1.0004162207158995,76529,1104,0,0,49,UTAH
2867,490651,621.0,1842.4773020542848,2.9669521772210703,826.0,448.0,1.0,377.0,867.0170650493519,391.0,57.0,0.0,1.0,159.0,29.0,32.0,157.0,0.0,0.0,0.0,41.01706504935188,52442,0,0,0,49,UTAH
2849,490633,134.0,393.2292930970602,2.9345469634108974,31.0,2.0,2.0,27.0,40.00374598644309,2.0,0.0,0.0,2.0,1.0,1.0,1.0,24.0,0.0,0.0,0.0,9.003745986443096,50017,0,0,0,49,UTAH
2287,490071,38.0,73.42856578716604,1.9323306786096328,159.0,1.0,12.0,146.0,166.01898675308084,0.0,1.0,2.0,10.0,36.0,19.0,81.0,10.0,5.018154311649017,0.0,0.0,2.000832441431799,81720,0,0,0,49,UTAH
2288,490072,0.0,0.0,0.0,162.0,0.0,18.0,144.0,168.02178517397883,0.0,0.0,14.0,4.0,68.0,9.0,46.0,21.0,6.02178517397882,0.0,0.0,0.0,81720,0,0,0,49,UTAH
2315,490099,0.0,0.0,0.0,159.0,0.0,0.0,159.0,162.0108925869894,0.0,0.0,0.0,0.0,89.0,22.0,47.0,1.0,3.01089258698941,0.0,0.0,0.0,81720,0,0,0,49,UTAH
2289,490073,0.0,0.0,0.0,877.0,8.0,70.0,799.0,1004.0241653483065,0.0,8.0,56.0,14.0,185.0,284.0,269.0,61.0,5.018154311649017,0.0,122.00601103665747,0.0,81720,0,0,0,49,UTAH
2311,490095,16.0,48.30826696524081,3.0192666853275507,0.0,0.0,0.0,0.0,4.011308807705309,0.0,0.0,0.0,0.0,0.0,0.0,0.0,0.0,3.01089258698941,0.0,0.0,1.0004162207158995,81720,0,0,0,49,UTAH
2231,490015,0.0,0.0,0.0,0.0,0.0,0.0,0.0,4.0145234493192135,0.0,0.0,0.0,0.0,0.0,0.0,0.0,0.0,4.0145234493192135,0.0,0.0,0.0,81720,0,0,0,49,UTAH
2302,490086,0.0,0.0,0.0,32.0,19.0,0.0,13.0,38.02178517397882,19.0,0.0,0.0,0.0,0.0,4.0,0.0,9.0,6.02178517397882,0.0,0.0,0.0,66402,0,0,0,49,UTAH
2335,490119,50.0,146.85713157433207,2.9371426314866413,0.0,0.0,0.0,0.0,67.00798358439079,0.0,0.0,0.0,0.0,0.0,0.0,0.0,0.0,1.0036308623298034,0.0,63.003104059913284,3.001248662147699,66402,0,0,0,49,UTAH
2307,490091,0.0,0.0,0.0,371.0,27.0,64.0,280.0,615.0156036648525,24.0,3.0,4.0,60.0,82.0,70.0,8.0,120.0,1.0036308623298034,0.0,243.01197280252268,0.0,66402,0,0,0,49,UTAH
2306,490090,18.0,59.90225103689861,3.3279028353832563,0.0,0.0,0.0,0.0,5.014939670035113,0.0,0.0,0.0,0.0,0.0,0.0,0.0,0.0,4.0145234493192135,0.0,0.0,1.0004162207158995,66402,0,0,0,49,UTAH
2303,490087,44.0,135.2631475026743,3.0741624432425976,0.0,0.0,0.0,0.0,52.00724452250667,0.0,0.0,0.0,0.0,0.0,0.0,0.0,0.0,1.0036308623298034,0.0,48.002364998029165,3.001248662147699,66402,0,0,0,49,UTAH
2339,490123,130.0,404.8232771687181,3.114025208990139,0.0,0.0,0.0,0.0,72.0104316378939,0.0,0.0,0.0,0.0,0.0,0.0,0.0,0.0,1.0036308623298034,0.0,62.00305478912101,9.003745986443096,66402,0,0,0,49,UTAH
2341,490125,130.0,421.2480879368999,3.2403699072069223,0.0,0.0,0.0,0.0,14.011155523479527,0.0,0.0,0.0,0.0,0.0,0.0,0.0,0.0,2.0072617246596067,0.0,3.000147812376823,9.003745986443096,66402,0,0,0,49,UTAH
2337,490121,29.0,86.95488053743347,2.998444156463223,0.0,0.0,0.0,0.0,65.01109968442015,0.0,0.0,0.0,0.0,0.0,0.0,0.0,0.0,2.0072617246596067,0.0,61.003005518328735,2.000832441431799,66402,0,0,0,49,UTAH
2304,490088,13.0,20.289472125401144,1.5607286250308572,382.0,245.0,4.0,133.0,508.0209014359003,0.0,245.0,0.0,4.0,0.0,113.0,0.0,20.0,4.0145234493192135,0.0,121.0059617658652,1.0004162207158995,81720,0,0,0,49,UTAH
2309,490093,43.0,162.31577700320915,3.774785511702538,0.0,0.0,0.0,0.0,3.001248662147699,0.0,0.0,0.0,0.0,0.0,0.0,0.0,0.0,0.0,0.0,0.0,3.001248662147699,66402,0,0,0,49,UTAH
2305,490089,3.0,5.7969920358288975,1.9323306786096328,0.0,0.0,0.0,0.0,4.0145234493192135,0.0,0.0,0.0,0.0,0.0,0.0,0.0,0.0,4.0145234493192135,0.0,0.0,0.0,66402,0,0,0,49,UTAH
2297,490081,0.0,0.0,0.0,0.0,0.0,0.0,0.0,5.018154311649017,0.0,0.0,0.0,0.0,0.0,0.0,0.0,0.0,5.018154311649017,0.0,0.0,0.0,66402,0,0,0,49,UTAH
2299,490083,0.0,0.0,0.0,0.0,0.0,0.0,0.0,4.0145234493192135,0.0,0.0,0.0,0.0,0.0,0.0,0.0,0.0,4.0145234493192135,0.0,0.0,0.0,66402,0,0,0,49,UTAH
2296,490080,0.0,0.0,0.0,168.0,168.0,0.0,0.0,173.01815431164903,0.0,168.0,0.0,0.0,0.0,0.0,0.0,0.0,5.018154311649017,0.0,0.0,0.0,66402,0,0,0,49,UTAH
2226,490010,0.0,0.0,0.0,0.0,0.0,0.0,0.0,0.0,0.0,0.0,0.0,0.0,0.0,0.0,0.0,0.0,0.0,0.0,0.0,0.0,81720,0,0,0,49,UTAH
2229,490013,0.0,0.0,0.0,0.0,0.0,0.0,0.0,0.0,0.0,0.0,0.0,0.0,0.0,0.0,0.0,0.0,0.0,0.0,0.0,0.0,81720,0,0,0,49,UTAH
2321,490105,0.0,0.0,0.0,304.0,2.0,24.0,278.0,307.0108925869894,0.0,2.0,24.0,0.0,42.0,56.0,180.0,0.0,3.01089258698941,0.0,0.0,0.0,81720,0,0,0,49,UTAH
2359,490143,0.0,0.0,0.0,0.0,0.0,0.0,0.0,4.0145234493192135,0.0,0.0,0.0,0.0,0.0,0.0,0.0,0.0,4.0145234493192135,0.0,0.0,0.0,81720,0,0,0,49,UTAH
2352,490136,0.0,0.0,0.0,0.0,0.0,0.0,0.0,6.02178517397882,0.0,0.0,0.0,0.0,0.0,0.0,0.0,0.0,6.02178517397882,0.0,0.0,0.0,81720,0,0,0,49,UTAH
2402,490186,0.0,0.0,0.0,0.0,0.0,0.0,0.0,1.0036308623298034,0.0,0.0,0.0,0.0,0.0,0.0,0.0,0.0,1.0036308623298034,0.0,0.0,0.0,81720,0,0,0,49,UTAH
2366,490150,100.0,292.74809780935936,2.9274809780935938,0.0,0.0,0.0,0.0,69.01313151720737,0.0,0.0,0.0,0.0,0.0,0.0,0.0,0.0,2.0072617246596067,0.0,60.00295624753646,7.002913545011297,62109,0,0,0,49,UTAH
2368,490152,218.0,653.1277693700558,2.9959989420644764,847.0,290.0,56.0,501.0,995.0195925592625,3.0,287.0,45.0,11.0,192.0,211.0,19.0,79.0,2.0072617246596067,0.0,132.00650374458021,14.005827090022594,74211,0,0,0,49,UTAH
2396,490180,100.0,296.6127591665786,2.966127591665786,0.0,0.0,0.0,0.0,171.02173872955686,0.0,0.0,0.0,0.0,0.0,0.0,0.0,0.0,3.01089258698941,0.0,161.00793259755616,7.002913545011297,79647,0,0,0,49,UTAH
2398,490182,33.0,101.44736062700572,3.074162443242597,0.0,0.0,0.0,0.0,4.008094166091405,0.0,0.0,0.0,0.0,0.0,0.0,0.0,0.0,2.0072617246596067,0.0,0.0,2.000832441431799,79647,0,0,0,49,UTAH
2401,490185,109.0,328.49621536363753,3.01372674645539,62.0,3.0,7.0,52.0,73.01743699433051,3.0,0.0,0.0,7.0,0.0,11.0,6.0,35.0,4.0145234493192135,0.0,0.0,7.002913545011297,79647,0,0,0,49,UTAH
2400,490184,0.0,0.0,0.0,134.0,8.0,5.0,121.0,136.0072617246596,0.0,8.0,0.0,5.0,12.0,9.0,9.0,91.0,2.0072617246596067,0.0,0.0,0.0,81720,0,0,0,49,UTAH
2381,490165,0.0,0.0,0.0,1.0,0.0,0.0,1.0,5.0145234493192135,0.0,0.0,0.0,0.0,0.0,1.0,0.0,0.0,4.0145234493192135,0.0,0.0,0.0,81720,0,0,0,49,UTAH
2388,490172,0.0,0.0,0.0,168.0,108.0,1.0,59.0,173.01815431164903,0.0,108.0,0.0,1.0,18.0,17.0,21.0,3.0,5.018154311649017,0.0,0.0,0.0,81720,0,0,0,49,UTAH
2389,490173,0.0,0.0,0.0,0.0,0.0,0.0,0.0,2.0072617246596067,0.0,0.0,0.0,0.0,0.0,0.0,0.0,0.0,2.0072617246596067,0.0,0.0,0.0,81720,0,0,0,49,UTAH
2380,490164,0.0,0.0,0.0,0.0,0.0,0.0,0.0,2.0072617246596067,0.0,0.0,0.0,0.0,0.0,0.0,0.0,0.0,2.0072617246596067,0.0,0.0,0.0,81720,0,0,0,49,UTAH
2343,490127,0.0,0.0,0.0,116.0,0.0,19.0,97.0,121.01815431164901,0.0,0.0,18.0,1.0,34.0,20.0,27.0,16.0,5.018154311649017,0.0,0.0,0.0,81720,0,0,0,49,UTAH
2324,490108,0.0,0.0,0.0,433.0,21.0,9.0,403.0,435.0072617246596,0.0,21.0,5.0,4.0,32.0,204.0,145.0,22.0,2.0072617246596067,0.0,0.0,0.0,81720,0,0,0,49,UTAH
2318,490102,17.0,46.37593628663118,2.727996252154776,0.0,0.0,0.0,0.0,2.0040470830457027,0.0,0.0,0.0,0.0,0.0,0.0,0.0,0.0,1.0036308623298034,0.0,0.0,1.0004162207158995,66402,0,0,0,49,UTAH
2319,490103,161.0,545.8834167072212,3.3905802279951627,0.0,0.0,0.0,0.0,17.008455644166073,0.0,0.0,0.0,0.0,0.0,0.0,0.0,0.0,1.0036308623298034,0.0,5.000246353961372,11.004578427874897,66402,0,0,0,49,UTAH
2328,490112,5.0,11.593984071657797,2.318796814331559,2.0,1.0,1.0,0.0,4.007261724659607,1.0,0.0,0.0,1.0,0.0,0.0,0.0,0.0,2.0072617246596067,0.0,0.0,0.0,66402,0,0,0,49,UTAH
2327,490111,0.0,0.0,0.0,341.0,106.0,43.0,192.0,346.018154311649,101.0,5.0,3.0,40.0,18.0,34.0,4.0,136.0,5.018154311649017,0.0,0.0,0.0,66402,0,0,0,49,UTAH
2282,490066,146.0,359.4135062213917,2.461736343982135,0.0,0.0,0.0,0.0,13.015054794148407,0.0,0.0,0.0,0.0,0.0,0.0,0.0,0.0,3.01089258698941,0.0,0.0,10.004162207158997,81720,0,0,0,49,UTAH
2249,490033,0.0,0.0,0.0,0.0,0.0,0.0,0.0,5.018154311649017,0.0,0.0,0.0,0.0,0.0,0.0,0.0,0.0,5.018154311649017,0.0,0.0,0.0,81720,0,0,0,49,UTAH
2252,490036,0.0,0.0,0.0,0.0,0.0,0.0,0.0,4.0145234493192135,0.0,0.0,0.0,0.0,0.0,0.0,0.0,0.0,4.0145234493192135,0.0,0.0,0.0,81720,0,0,0,49,UTAH
2250,490034,0.0,0.0,0.0,0.0,0.0,0.0,0.0,5.018154311649017,0.0,0.0,0.0,0.0,0.0,0.0,0.0,0.0,5.018154311649017,0.0,0.0,0.0,81720,0,0,0,49,UTAH
2350,490134,0.0,0.0,0.0,577.0,96.0,5.0,476.0,583.0217851739789,0.0,96.0,2.0,3.0,75.0,167.0,218.0,16.0,6.02178517397882,0.0,0.0,0.0,81720,0,0,0,49,UTAH
2349,490133,0.0,0.0,0.0,0.0,0.0,0.0,0.0,2.0072617246596067,0.0,0.0,0.0,0.0,0.0,0.0,0.0,0.0,2.0072617246596067,0.0,0.0,0.0,81720,0,0,0,49,UTAH
2348,490132,0.0,0.0,0.0,3.0,0.0,0.0,3.0,9.02178517397882,0.0,0.0,0.0,0.0,0.0,0.0,1.0,2.0,6.02178517397882,0.0,0.0,0.0,81720,0,0,0,49,UTAH
2290,490074,0.0,0.0,0.0,254.0,3.0,12.0,239.0,380.01337130290165,0.0,3.0,12.0,0.0,36.0,107.0,95.0,1.0,2.0072617246596067,0.0,124.00610957824202,0.0,81720,0,0,0,49,UTAH
2344,490128,0.0,0.0,0.0,500.0,2.0,34.0,464.0,502.0072617246596,0.0,2.0,29.0,5.0,111.0,106.0,215.0,32.0,2.0072617246596067,0.0,0.0,0.0,81720,0,0,0,49,UTAH
2346,490130,0.0,0.0,0.0,674.0,29.0,17.0,628.0,677.0108925869894,0.0,29.0,11.0,6.0,60.0,218.0,323.0,27.0,3.01089258698941,0.0,0.0,0.0,81720,0,0,0,49,UTAH
2284,490068,26.0,68.59773909064195,2.6383745804093057,0.0,0.0,0.0,0.0,4.008094166091405,0.0,0.0,0.0,0.0,0.0,0.0,0.0,0.0,2.0072617246596067,0.0,0.0,2.000832441431799,81720,0,0,0,49,UTAH
2283,490067,79.0,197.0977292181825,2.494907964787121,0.0,0.0,0.0,0.0,8.012973690568908,0.0,0.0,0.0,0.0,0.0,0.0,0.0,0.0,3.01089258698941,0.0,0.0,5.002081103579497,81720,0,0,0,49,UTAH
2280,490064,256.0,640.5676199590932,2.502217265465208,0.0,0.0,0.0,0.0,144.0240779174017,0.0,0.0,0.0,0.0,0.0,0.0,0.0,0.0,3.01089258698941,0.0,124.00610957824202,17.00707575217029,81720,0,0,0,49,UTAH
2225,490009,0.0,0.0,0.0,0.0,0.0,0.0,0.0,0.0,0.0,0.0,0.0,0.0,0.0,0.0,0.0,0.0,0.0,0.0,0.0,0.0,81720,0,0,0,49,UTAH
2278,490062,74.0,210.62404396844997,2.846270864438513,0.0,0.0,0.0,0.0,9.01660455289871,0.0,0.0,0.0,0.0,0.0,0.0,0.0,0.0,4.0145234493192135,0.0,0.0,5.002081103579497,81720,0,0,0,49,UTAH
2228,490012,2.0,3.0,1.5,0.0,0.0,0.0,0.0,2.0072617246596067,0.0,0.0,0.0,0.0,0.0,0.0,0.0,0.0,2.0072617246596067,0.0,0.0,0.0,81720,0,0,0,49,UTAH
2227,490011,4.0,16.424810768181878,4.1062026920454695,0.0,0.0,0.0,0.0,5.018154311649017,0.0,0.0,0.0,0.0,0.0,0.0,0.0,0.0,5.018154311649017,0.0,0.0,0.0,81720,0,0,0,49,UTAH
2236,490020,0.0,0.0,0.0,0.0,0.0,0.0,0.0,0.0,0.0,0.0,0.0,0.0,0.0,0.0,0.0,0.0,0.0,0.0,0.0,0.0,81720,0,0,0,49,UTAH
2244,490028,0.0,0.0,0.0,0.0,0.0,0.0,0.0,5.018154311649017,0.0,0.0,0.0,0.0,0.0,0.0,0.0,0.0,5.018154311649017,0.0,0.0,0.0,81720,0,0,0,49,UTAH
2251,490035,36.0,99.51502994839608,2.7643063874554468,103.0,11.0,4.0,88.0,106.0044633037616,11.0,0.0,2.0,2.0,12.0,10.0,46.0,20.0,1.0036308623298034,0.0,0.0,2.000832441431799,81720,0,0,0,49,UTAH
2258,490042,9.0,28.98496017914449,3.2205511310160544,0.0,0.0,0.0,0.0,6.018570532364916,0.0,0.0,0.0,0.0,0.0,0.0,0.0,0.0,5.018154311649017,0.0,0.0,1.0004162207158995,81720,0,0,0,49,UTAH
2407,490191,0.0,0.0,0.0,550.0,333.0,3.0,214.0,678.0242146190988,0.0,333.0,3.0,0.0,56.0,140.0,7.0,11.0,5.018154311649017,0.0,123.00606030744974,0.0,81720,0,0,0,49,UTAH
2378,490162,0.0,0.0,0.0,4.0,1.0,0.0,3.0,17.011385294912152,0.0,1.0,0.0,0.0,1.0,2.0,0.0,0.0,3.01089258698941,0.0,10.000492707922744,0.0,81720,0,0,0,49,UTAH
2253,490037,42.0,115.93984071657796,2.760472398013761,0.0,0.0,0.0,0.0,3.001248662147699,0.0,0.0,0.0,0.0,0.0,0.0,0.0,0.0,0.0,0.0,0.0,3.001248662147699,81720,0,0,0,49,UTAH
2240,490024,0.0,0.0,0.0,0.0,0.0,0.0,0.0,1.0036308623298034,0.0,0.0,0.0,0.0,0.0,0.0,0.0,0.0,1.0036308623298034,0.0,0.0,0.0,81720,0,0,0,49,UTAH
2235,490019,0.0,0.0,0.0,0.0,0.0,0.0,0.0,1.0036308623298034,0.0,0.0,0.0,0.0,0.0,0.0,0.0,0.0,1.0036308623298034,0.0,0.0,0.0,81720,0,0,0,49,UTAH
3159,490943,47.0,142.9924702171128,3.042392983342826,0.0,0.0,0.0,0.0,220.0191036071463,0.0,0.0,0.0,0.0,0.0,0.0,0.0,0.0,2.0072617246596067,0.0,215.010593220339,3.001248662147699,51304,0,0,0,49,UTAH
3081,490865,63.0,198.06389455748732,3.1438713421823388,1080.0,81.0,5.0,994.0,1084.0016648828637,30.0,51.0,4.0,1.0,35.0,139.0,14.0,806.0,0.0,0.0,0.0,4.001664882863598,73772,692,0,0,49,UTAH
2487,490271,720.0,2324.593806367388,3.2286025088435943,0.0,0.0,0.0,0.0,64.02039997711594,0.0,0.0,0.0,0.0,0.0,0.0,0.0,0.0,0.0,0.0,17.000837603468664,47.01956237364728,96415,0,0,0,49,UTAH
2488,490272,207.0,632.8382972446547,3.057189841761617,0.0,0.0,0.0,0.0,89.00952239944317,0.0,0.0,0.0,0.0,0.0,0.0,0.0,0.0,0.0,0.0,75.00369530942058,14.005827090022594,96415,0,0,0,49,UTAH
2489,490273,353.0,1154.5675804692555,3.2707296897146048,0.0,0.0,0.0,0.0,541.0350953468638,0.0,0.0,0.0,0.0,0.0,0.0,0.0,0.0,0.0,0.0,518.0255222703981,23.00957307646569,96415,0,0,0,49,UTAH
2483,490267,214.0,713.0300204069545,3.3319159832100675,192.0,6.0,5.0,181.0,345.0234205047613,0.0,6.0,5.0,0.0,60.0,11.0,13.0,97.0,3.01089258698941,0.0,136.0067008277493,14.005827090022594,70166,0,0,0,49,UTAH
2480,490264,243.0,794.1879089085589,3.2682629996237,251.0,4.0,13.0,234.0,538.0271750992357,1.0,3.0,9.0,4.0,92.0,11.0,55.0,76.0,2.0072617246596067,0.0,269.0132538431218,16.006659531454392,96951,0,0,0,49,UTAH
2449,490233,226.0,736.21798855027,3.2576017192489823,0.0,0.0,0.0,0.0,266.0186102795994,0.0,0.0,0.0,0.0,0.0,0.0,0.0,0.0,0.0,0.0,251.01236696886087,15.006243310738492,91516,0,0,0,49,UTAH
2482,490266,191.0,720.7593431213929,3.7736091262900153,0.0,0.0,0.0,0.0,14.009041731636497,0.0,0.0,0.0,0.0,0.0,0.0,0.0,0.0,1.0036308623298034,0.0,0.0,13.005410869306694,70166,0,0,0,49,UTAH
2506,490290,233.0,629.9398012267402,2.703604297110473,0.0,0.0,0.0,0.0,17.013505035398097,0.0,0.0,0.0,0.0,0.0,0.0,0.0,0.0,2.0072617246596067,0.0,0.0,15.006243310738492,93988,0,0,0,49,UTAH
2356,490140,92.0,289.8496017914449,3.15053914990701,901.0,189.0,105.0,607.0,908.0061281866252,189.0,0.0,0.0,105.0,33.0,262.0,0.0,312.0,1.0036308623298034,0.0,0.0,6.002497324295398,74211,0,611,1379,49,UTAH
2262,490046,2.0,9.661653393048162,4.830826696524081,0.0,0.0,0.0,0.0,5.018154311649017,0.0,0.0,0.0,0.0,0.0,0.0,0.0,0.0,5.018154311649017,0.0,0.0,0.0,81720,0,0,0,49,UTAH
2261,490045,89.0,265.6954683088245,2.98534234054859,0.0,0.0,0.0,0.0,154.02053417616457,0.0,0.0,0.0,0.0,0.0,0.0,0.0,0.0,3.01089258698941,0.0,145.00714426487977,6.002497324295398,81720,0,0,0,49,UTAH
2263,490047,0.0,0.0,0.0,0.0,0.0,0.0,0.0,5.018154311649017,0.0,0.0,0.0,0.0,0.0,0.0,0.0,0.0,5.018154311649017,0.0,0.0,0.0,81720,0,0,0,49,UTAH
2247,490031,93.0,311.10523925615087,3.3452176264102245,0.0,0.0,0.0,0.0,9.013389911284808,0.0,0.0,0.0,0.0,0.0,0.0,0.0,0.0,3.01089258698941,0.0,0.0,6.002497324295398,81720,0,0,0,49,UTAH
2243,490027,1.0,9.661653393048162,9.661653393048162,0.0,0.0,0.0,0.0,5.018154311649017,0.0,0.0,0.0,0.0,0.0,0.0,0.0,0.0,5.018154311649017,0.0,0.0,0.0,81720,0,0,0,49,UTAH
2274,490058,26.0,93.71803791256718,3.6045399197141226,43.0,6.0,2.0,35.0,293.0309595556035,3.0,3.0,2.0,0.0,4.0,3.0,5.0,23.0,5.018154311649017,0.0,243.01197280252268,2.000832441431799,81720,0,0,0,49,UTAH
2238,490022,0.0,0.0,0.0,0.0,0.0,0.0,0.0,5.018154311649017,0.0,0.0,0.0,0.0,0.0,0.0,0.0,0.0,5.018154311649017,0.0,0.0,0.0,81720,0,0,0,49,UTAH
2234,490018,0.0,0.0,0.0,0.0,0.0,0.0,0.0,2.0072617246596067,0.0,0.0,0.0,0.0,0.0,0.0,0.0,0.0,2.0072617246596067,0.0,0.0,0.0,81720,0,0,0,49,UTAH
2233,490017,0.0,0.0,0.0,6.0,1.0,2.0,3.0,278.02056483857365,1.0,0.0,1.0,1.0,1.0,0.0,0.0,2.0,2.0072617246596067,0.0,270.01330311391405,0.0,81720,0,0,0,49,UTAH
2222,490006,60.0,214.48870532566923,3.5748117554278207,212.0,67.0,13.0,132.0,238.08154385411927,5.0,62.0,8.0,5.0,17.0,28.0,20.0,67.0,22.079878971255678,0.0,0.0,4.001664882863598,81720,0,0,0,49,UTAH
2472,490256,45.0,131.39848614545502,2.919966358787889,0.0,0.0,0.0,0.0,5.0085103868073055,0.0,0.0,0.0,0.0,0.0,0.0,0.0,0.0,2.0072617246596067,0.0,0.0,3.001248662147699,96951,0,0,0,49,UTAH
2611,490395,3.0,8.695488053743347,2.8984960179144488,255.0,72.0,128.0,55.0,255.0,72.0,0.0,43.0,85.0,31.0,0.0,0.0,24.0,0.0,0.0,0.0,0.0,96918,0,0,0,49,UTAH
3456,491240,178.0,705.3006976925159,3.9623634701826735,108.0,39.0,6.0,63.0,120.0049946485908,39.0,0.0,0.0,6.0,3.0,9.0,40.0,11.0,0.0,0.0,0.0,12.004994648590795,84614,0,0,0,49,UTAH
3530,491314,16.0,57.96992035828898,3.623120022393061,0.0,0.0,0.0,0.0,1.0004162207158995,0.0,0.0,0.0,0.0,0.0,0.0,0.0,0.0,0.0,0.0,0.0,1.0004162207158995,67754,0,0,0,49,UTAH
3498,491282,0.0,0.0,0.0,0.0,0.0,0.0,0.0,0.0,0.0,0.0,0.0,0.0,0.0,0.0,0.0,0.0,0.0,0.0,0.0,0.0,67754,0,0,0,49,UTAH
3497,491281,26.0,73.42856578716604,2.824175607198694,3433.0,69.0,443.0,2921.0,3941.083068926923,26.0,43.0,197.0,246.0,936.0,515.0,634.0,836.0,16.058093797276854,0.0,490.02414268821445,2.000832441431799,81720,0,0,0,49,UTAH
3527,491311,2.0,4.830826696524081,2.415413348262041,0.0,0.0,0.0,0.0,0.0,0.0,0.0,0.0,0.0,0.0,0.0,0.0,0.0,0.0,0.0,0.0,0.0,81720,0,0,0,49,UTAH
3526,491310,0.0,0.0,0.0,0.0,0.0,0.0,0.0,0.0,0.0,0.0,0.0,0.0,0.0,0.0,0.0,0.0,0.0,0.0,0.0,0.0,87096,0,0,0,49,UTAH
2218,490002,1.0,1.0,1.0,272.0,1.0,40.0,231.0,274.0000985415845,0.0,1.0,7.0,33.0,69.0,20.0,77.0,65.0,0.0,0.0,2.0000985415845487,0.0,81720,0,0,0,49,UTAH
2590,490374,76.0,259.8984762729956,3.4197167930657315,192.0,14.0,18.0,160.0,198.00571196590928,14.0,0.0,0.0,18.0,34.0,3.0,0.0,123.0,1.0036308623298034,0.0,0.0,5.002081103579497,107045,0,290,214,49,UTAH
2591,490375,0.0,0.0,0.0,221.0,1.0,10.0,210.0,222.0036308623298,0.0,1.0,8.0,2.0,74.0,0.0,2.0,134.0,1.0036308623298034,0.0,0.0,0.0,85040,0,0,0,49,UTAH
2555,490339,2.0,5.7969920358288975,2.8984960179144488,3.0,0.0,0.0,3.0,4.003630862329803,0.0,0.0,0.0,0.0,1.0,0.0,0.0,2.0,1.0036308623298034,0.0,0.0,0.0,107045,0,0,0,49,UTAH
2217,490001,10.0,28.98496017914449,2.898496017914449,0.0,0.0,0.0,0.0,4.004145624630252,0.0,0.0,0.0,0.0,0.0,0.0,0.0,0.0,1.0036308623298034,0.0,2.0000985415845487,1.0004162207158995,81720,0,0,0,49,UTAH
3528,491312,0.0,0.0,0.0,0.0,0.0,0.0,0.0,0.0,0.0,0.0,0.0,0.0,0.0,0.0,0.0,0.0,0.0,0.0,0.0,0.0,74530,0,0,0,49,UTAH
3529,491313,0.0,0.0,0.0,0.0,0.0,0.0,0.0,0.0,0.0,0.0,0.0,0.0,0.0,0.0,0.0,0.0,0.0,0.0,0.0,0.0,67754,0,0,0,49,UTAH
3471,491255,110.0,295.64659382727376,2.6876963075206706,0.0,0.0,0.0,0.0,13.003209169764943,0.0,0.0,0.0,0.0,0.0,0.0,0.0,0.0,0.0,0.0,6.000295624753646,7.002913545011297,67754,0,0,0,49,UTAH
2269,490053,0.0,0.0,0.0,36.0,1.0,2.0,33.0,56.07261724659607,0.0,1.0,1.0,1.0,4.0,3.0,26.0,0.0,20.072617246596067,0.0,0.0,0.0,87096,0,0,0,49,UTAH
2270,490054,0.0,0.0,0.0,0.0,0.0,0.0,0.0,20.072617246596067,0.0,0.0,0.0,0.0,0.0,0.0,0.0,0.0,20.072617246596067,0.0,0.0,0.0,87096,0,0,0,49,UTAH
2255,490039,6.0,17.390976107486694,2.8984960179144488,0.0,0.0,0.0,0.0,4.0145234493192135,0.0,0.0,0.0,0.0,0.0,0.0,0.0,0.0,4.0145234493192135,0.0,0.0,0.0,81720,0,0,0,49,UTAH
2259,490043,77.0,212.5563746470596,2.7604723980137607,0.0,0.0,0.0,0.0,88.03840490317603,0.0,0.0,0.0,0.0,0.0,0.0,0.0,0.0,9.03267776096823,0.0,74.0036460386283,5.002081103579497,81720,0,0,0,49,UTAH
2848,490632,188.0,561.3420621360983,2.985862032638821,6146.0,47.0,3.0,6096.0,6206.00735964662,0.0,47.0,1.0,2.0,25.0,5832.0,0.0,239.0,0.0,0.0,48.002364998029165,12.004994648590795,50017,0,0,606,49,UTAH
2517,490301,0.0,0.0,0.0,0.0,0.0,0.0,0.0,7.025416036308624,0.0,0.0,0.0,0.0,0.0,0.0,0.0,0.0,7.025416036308624,0.0,0.0,0.0,87096,0,0,0,49,UTAH
2720,490504,21.0,77.2932271443853,3.680629864018348,0.0,0.0,0.0,0.0,9.01871834474174,0.0,0.0,0.0,0.0,0.0,0.0,0.0,0.0,5.018154311649017,0.0,3.000147812376823,1.0004162207158995,83312,0,0,0,49,UTAH
2268,490052,0.0,0.0,0.0,312.0,291.0,3.0,18.0,317.018154311649,1.0,290.0,0.0,3.0,0.0,18.0,0.0,0.0,5.018154311649017,0.0,0.0,0.0,81720,0,0,0,49,UTAH
2267,490051,0.0,0.0,0.0,925.0,844.0,1.0,80.0,929.0145234493192,0.0,844.0,1.0,0.0,1.0,75.0,2.0,2.0,4.0145234493192135,0.0,0.0,0.0,81720,0,0,0,49,UTAH
2265,490049,0.0,0.0,0.0,728.0,625.0,1.0,102.0,855.0241653483065,0.0,625.0,0.0,1.0,3.0,85.0,10.0,4.0,5.018154311649017,0.0,122.00601103665747,0.0,81720,0,0,0,49,UTAH
2415,490199,0.0,0.0,0.0,0.0,0.0,0.0,0.0,5.018154311649017,0.0,0.0,0.0,0.0,0.0,0.0,0.0,0.0,5.018154311649017,0.0,0.0,0.0,81720,0,0,0,49,UTAH
2416,490200,0.0,0.0,0.0,0.0,0.0,0.0,0.0,4.0145234493192135,0.0,0.0,0.0,0.0,0.0,0.0,0.0,0.0,4.0145234493192135,0.0,0.0,0.0,81720,0,0,0,49,UTAH
2414,490198,0.0,0.0,0.0,14.0,11.0,1.0,2.0,16.007261724659607,0.0,11.0,0.0,1.0,0.0,0.0,0.0,2.0,2.0072617246596067,0.0,0.0,0.0,81720,0,0,0,49,UTAH
2412,490196,0.0,0.0,0.0,538.0,74.0,26.0,438.0,659.0059617658652,7.0,67.0,4.0,22.0,62.0,78.0,232.0,66.0,0.0,0.0,121.0059617658652,0.0,81720,0,0,0,49,UTAH
2411,490195,54.0,195.1653985395729,3.614174047029128,0.0,0.0,0.0,0.0,54.01129160555237,0.0,0.0,0.0,0.0,0.0,0.0,0.0,0.0,2.0072617246596067,0.0,48.002364998029165,4.001664882863598,95747,0,0,0,49,UTAH
2404,490188,0.0,0.0,0.0,117.0,45.0,1.0,71.0,117.0,0.0,45.0,0.0,1.0,24.0,17.0,0.0,30.0,0.0,0.0,0.0,0.0,81720,0,0,0,49,UTAH
2447,490231,0.0,0.0,0.0,0.0,0.0,0.0,0.0,0.0,0.0,0.0,0.0,0.0,0.0,0.0,0.0,0.0,0.0,0.0,0.0,0.0,91516,0,0,0,49,UTAH
2440,490224,4.0,14.492480089572243,3.623120022393061,0.0,0.0,0.0,0.0,15.05446293494705,0.0,0.0,0.0,0.0,0.0,0.0,0.0,0.0,15.05446293494705,0.0,0.0,0.0,91516,0,0,0,49,UTAH
2444,490228,66.0,183.5714144679151,2.7813850676956835,0.0,0.0,0.0,0.0,246.01358841459398,0.0,0.0,0.0,0.0,0.0,0.0,0.0,0.0,0.0,0.0,242.0119235317304,4.001664882863598,91516,0,0,0,49,UTAH
3136,490920,0.0,0.0,0.0,221.0,1.0,201.0,19.0,223.0072617246596,1.0,0.0,187.0,14.0,0.0,16.0,0.0,3.0,2.0072617246596067,0.0,0.0,0.0,51304,0,0,0,49,UTAH
3307,491091,4.0,6.763157375133714,1.6907893437834285,6.0,1.0,1.0,4.0,10.014523449319213,1.0,0.0,0.0,1.0,2.0,1.0,0.0,1.0,4.0145234493192135,0.0,0.0,0.0,75589,0,0,0,49,UTAH
3309,491093,143.0,445.4022214195203,3.1147008490875545,0.0,0.0,0.0,0.0,25.011697502194544,0.0,0.0,0.0,0.0,0.0,0.0,0.0,0.0,2.0072617246596067,0.0,14.00068979109184,9.003745986443096,75589,0,0,0,49,UTAH
2422,490206,227.0,817.3758770518746,3.600774788774778,0.0,0.0,0.0,0.0,15.006243310738492,0.0,0.0,0.0,0.0,0.0,0.0,0.0,0.0,0.0,0.0,0.0,15.006243310738492,102760,0,0,0,49,UTAH
2294,490078,0.0,0.0,0.0,1152.0,18.0,52.0,1082.0,1272.0059124950728,13.0,5.0,44.0,8.0,187.0,241.0,578.0,76.0,0.0,0.0,120.00591249507292,0.0,66402,0,0,0,49,UTAH
2291,490075,0.0,0.0,0.0,411.0,2.0,102.0,307.0,654.0191359855977,0.0,2.0,13.0,89.0,91.0,37.0,29.0,150.0,2.0072617246596067,0.0,241.01187426093813,0.0,66402,0,0,0,49,UTAH
2912,490696,20.0,56.03758967967934,2.801879483983967,0.0,0.0,0.0,0.0,8.025832257024524,0.0,0.0,0.0,0.0,0.0,0.0,0.0,0.0,7.025416036308624,0.0,0.0,1.0004162207158995,55528,0,0,0,49,UTAH
3545,491329,0.0,0.0,0.0,0.0,0.0,0.0,0.0,0.0,0.0,0.0,0.0,0.0,0.0,0.0,0.0,0.0,0.0,0.0,0.0,0.0,87096,0,0,0,49,UTAH
3544,491328,0.0,0.0,0.0,0.0,0.0,0.0,0.0,0.0,0.0,0.0,0.0,0.0,0.0,0.0,0.0,0.0,0.0,0.0,0.0,0.0,87096,0,0,0,49,UTAH
3541,491325,2.0,3.864661357219265,1.9323306786096328,0.0,0.0,0.0,0.0,0.0,0.0,0.0,0.0,0.0,0.0,0.0,0.0,0.0,0.0,0.0,0.0,0.0,109773,0,0,0,49,UTAH
3532,491316,9.0,31.883456197058937,3.54260624411766,0.0,0.0,0.0,0.0,1.0004162207158995,0.0,0.0,0.0,0.0,0.0,0.0,0.0,0.0,0.0,0.0,0.0,1.0004162207158995,144534,0,0,0,49,UTAH
3536,491320,13.0,34.78195221497339,2.675534785767184,75.0,14.0,5.0,56.0,76.0004162207159,11.0,3.0,3.0,2.0,10.0,3.0,3.0,40.0,0.0,0.0,0.0,1.0004162207158995,101715,0,0,0,49,UTAH
3538,491322,0.0,0.0,0.0,0.0,0.0,0.0,0.0,0.0,0.0,0.0,0.0,0.0,0.0,0.0,0.0,0.0,0.0,0.0,0.0,0.0,87096,0,0,0,49,UTAH
3537,491321,0.0,0.0,0.0,0.0,0.0,0.0,0.0,0.0,0.0,0.0,0.0,0.0,0.0,0.0,0.0,0.0,0.0,0.0,0.0,0.0,87096,0,0,0,49,UTAH
3535,491319,0.0,0.0,0.0,0.0,0.0,0.0,0.0,0.0,0.0,0.0,0.0,0.0,0.0,0.0,0.0,0.0,0.0,0.0,0.0,0.0,68752,0,0,0,49,UTAH
3533,491317,0.0,0.0,0.0,0.0,0.0,0.0,0.0,0.0,0.0,0.0,0.0,0.0,0.0,0.0,0.0,0.0,0.0,0.0,0.0,0.0,92729,0,0,0,49,UTAH
3499,491283,0.0,0.0,0.0,0.0,0.0,0.0,0.0,0.0,0.0,0.0,0.0,0.0,0.0,0.0,0.0,0.0,0.0,0.0,0.0,0.0,77419,0,0,0,49,UTAH
3501,491285,0.0,0.0,0.0,0.0,0.0,0.0,0.0,0.0,0.0,0.0,0.0,0.0,0.0,0.0,0.0,0.0,0.0,0.0,0.0,0.0,77419,0,0,0,49,UTAH
3500,491284,0.0,0.0,0.0,0.0,0.0,0.0,0.0,0.0,0.0,0.0,0.0,0.0,0.0,0.0,0.0,0.0,0.0,0.0,0.0,0.0,77419,0,0,0,49,UTAH
3534,491318,66.0,208.69171328984032,3.161995655906672,0.0,0.0,0.0,0.0,4.001664882863598,0.0,0.0,0.0,0.0,0.0,0.0,0.0,0.0,0.0,0.0,0.0,4.001664882863598,72466,0,0,0,49,UTAH
3502,491286,1.0,3.864661357219265,3.864661357219265,0.0,0.0,0.0,0.0,0.0,0.0,0.0,0.0,0.0,0.0,0.0,0.0,0.0,0.0,0.0,0.0,0.0,108155,0,0,0,49,UTAH
3510,491294,2.0,3.0,1.5,0.0,0.0,0.0,0.0,0.0,0.0,0.0,0.0,0.0,0.0,0.0,0.0,0.0,0.0,0.0,0.0,0.0,88236,0,0,0,49,UTAH
3511,491295,0.0,0.0,0.0,0.0,0.0,0.0,0.0,0.0,0.0,0.0,0.0,0.0,0.0,0.0,0.0,0.0,0.0,0.0,0.0,0.0,87096,0,0,0,49,UTAH
3512,491296,0.0,0.0,0.0,0.0,0.0,0.0,0.0,0.0,0.0,0.0,0.0,0.0,0.0,0.0,0.0,0.0,0.0,0.0,0.0,0.0,87096,0,0,0,49,UTAH
3513,491297,0.0,0.0,0.0,0.0,0.0,0.0,0.0,0.0,0.0,0.0,0.0,0.0,0.0,0.0,0.0,0.0,0.0,0.0,0.0,0.0,87096,0,0,0,49,UTAH
3514,491298,0.0,0.0,0.0,0.0,0.0,0.0,0.0,0.0,0.0,0.0,0.0,0.0,0.0,0.0,0.0,0.0,0.0,0.0,0.0,0.0,87096,0,0,0,49,UTAH
3539,491323,19.0,57.96992035828898,3.0510484399099465,122.0,2.0,14.0,106.0,123.0004162207159,0.0,2.0,14.0,0.0,7.0,17.0,5.0,77.0,0.0,0.0,0.0,1.0004162207158995,103837,0,0,0,49,UTAH
3516,491300,0.0,0.0,0.0,0.0,0.0,0.0,0.0,0.0,0.0,0.0,0.0,0.0,0.0,0.0,0.0,0.0,0.0,0.0,0.0,0.0,98256,0,0,0,49,UTAH
3517,491301,0.0,0.0,0.0,0.0,0.0,0.0,0.0,0.0,0.0,0.0,0.0,0.0,0.0,0.0,0.0,0.0,0.0,0.0,0.0,0.0,87096,0,0,0,49,UTAH
3515,491299,0.0,0.0,0.0,0.0,0.0,0.0,0.0,0.0,0.0,0.0,0.0,0.0,0.0,0.0,0.0,0.0,0.0,0.0,0.0,0.0,95466,0,0,0,49,UTAH
3543,491327,0.0,0.0,0.0,0.0,0.0,0.0,0.0,0.0,0.0,0.0,0.0,0.0,0.0,0.0,0.0,0.0,0.0,0.0,0.0,0.0,87096,0,0,0,49,UTAH
3518,491302,0.0,0.0,0.0,0.0,0.0,0.0,0.0,0.0,0.0,0.0,0.0,0.0,0.0,0.0,0.0,0.0,0.0,0.0,0.0,0.0,87096,0,0,0,49,UTAH
3519,491303,0.0,0.0,0.0,0.0,0.0,0.0,0.0,0.0,0.0,0.0,0.0,0.0,0.0,0.0,0.0,0.0,0.0,0.0,0.0,0.0,87096,0,0,0,49,UTAH
3542,491326,0.0,0.0,0.0,0.0,0.0,0.0,0.0,0.0,0.0,0.0,0.0,0.0,0.0,0.0,0.0,0.0,0.0,0.0,0.0,0.0,74183,0,0,0,49,UTAH
3540,491324,1.0,1.0,1.0,0.0,0.0,0.0,0.0,0.0,0.0,0.0,0.0,0.0,0.0,0.0,0.0,0.0,0.0,0.0,0.0,0.0,120577,0,0,0,49,UTAH
3520,491304,0.0,0.0,0.0,0.0,0.0,0.0,0.0,0.0,0.0,0.0,0.0,0.0,0.0,0.0,0.0,0.0,0.0,0.0,0.0,0.0,109773,0,0,0,49,UTAH
3521,491305,0.0,0.0,0.0,0.0,0.0,0.0,0.0,0.0,0.0,0.0,0.0,0.0,0.0,0.0,0.0,0.0,0.0,0.0,0.0,0.0,109773,0,0,0,49,UTAH
3522,491306,0.0,0.0,0.0,0.0,0.0,0.0,0.0,0.0,0.0,0.0,0.0,0.0,0.0,0.0,0.0,0.0,0.0,0.0,0.0,0.0,109773,0,0,0,49,UTAH
3505,491289,0.0,0.0,0.0,0.0,0.0,0.0,0.0,0.0,0.0,0.0,0.0,0.0,0.0,0.0,0.0,0.0,0.0,0.0,0.0,0.0,77419,0,0,0,49,UTAH
3509,491293,0.0,0.0,0.0,0.0,0.0,0.0,0.0,0.0,0.0,0.0,0.0,0.0,0.0,0.0,0.0,0.0,0.0,0.0,0.0,0.0,77419,0,0,0,49,UTAH
3503,491287,0.0,0.0,0.0,0.0,0.0,0.0,0.0,0.0,0.0,0.0,0.0,0.0,0.0,0.0,0.0,0.0,0.0,0.0,0.0,0.0,81813,0,0,0,49,UTAH
3506,491290,0.0,0.0,0.0,0.0,0.0,0.0,0.0,0.0,0.0,0.0,0.0,0.0,0.0,0.0,0.0,0.0,0.0,0.0,0.0,0.0,77419,0,0,0,49,UTAH
3508,491292,0.0,0.0,0.0,0.0,0.0,0.0,0.0,0.0,0.0,0.0,0.0,0.0,0.0,0.0,0.0,0.0,0.0,0.0,0.0,0.0,77419,0,0,0,49,UTAH
3504,491288,0.0,0.0,0.0,0.0,0.0,0.0,0.0,0.0,0.0,0.0,0.0,0.0,0.0,0.0,0.0,0.0,0.0,0.0,0.0,0.0,77419,0,0,0,49,UTAH
3546,491330,0.0,0.0,0.0,0.0,0.0,0.0,0.0,0.0,0.0,0.0,0.0,0.0,0.0,0.0,0.0,0.0,0.0,0.0,0.0,0.0,87096,0,0,0,49,UTAH
3507,491291,0.0,0.0,0.0,0.0,0.0,0.0,0.0,0.0,0.0,0.0,0.0,0.0,0.0,0.0,0.0,0.0,0.0,0.0,0.0,0.0,77419,0,0,0,49,UTAH
