;TAZID,CO_TAZID,TOTHH,HHPOP,HHSIZE,TOTEMP,RETEMP,INDEMP,OTHEMP,ALLEMP,RETL,FOOD,MANU,WSLE,OFFI,GVED,HLTH,OTHR,FM_AGRI,FM_MING,FM_CONS,HBJ,AVGINCOME,Enrol_Elem,Enrol_Midl,Enrol_High,CO_FIPS,CO_NAME
1,30001,0.0,0.0,0.0,0.0,0.0,0.0,0.0,0.0,0.0,0.0,0.0,0.0,0.0,0.0,0.0,0.0,0.0,0.0,0.0,0.0,66905,0,0,0,3,BOX ELDER
2,30002,0.0,0.0,0.0,0.0,0.0,0.0,0.0,0.0,0.0,0.0,0.0,0.0,0.0,0.0,0.0,0.0,0.0,0.0,0.0,0.0,66905,0,0,0,3,BOX ELDER
3,30003,0.0,0.0,0.0,0.0,0.0,0.0,0.0,0.0,0.0,0.0,0.0,0.0,0.0,0.0,0.0,0.0,0.0,0.0,0.0,0.0,51492,0,0,0,3,BOX ELDER
4,30004,0.0,0.0,0.0,0.0,0.0,0.0,0.0,0.0,0.0,0.0,0.0,0.0,0.0,0.0,0.0,0.0,0.0,0.0,0.0,0.0,51492,0,0,0,3,BOX ELDER
5,30005,0.0,0.0,0.0,0.0,0.0,0.0,0.0,0.0,0.0,0.0,0.0,0.0,0.0,0.0,0.0,0.0,0.0,0.0,0.0,0.0,68948,0,0,0,3,BOX ELDER
6,30006,0.0,0.0,0.0,0.0,0.0,0.0,0.0,0.0,0.0,0.0,0.0,0.0,0.0,0.0,0.0,0.0,0.0,0.0,0.0,0.0,51492,0,0,0,3,BOX ELDER
7,30007,0.0,0.0,0.0,0.0,0.0,0.0,0.0,0.0,0.0,0.0,0.0,0.0,0.0,0.0,0.0,0.0,0.0,0.0,0.0,0.0,51492,0,0,0,3,BOX ELDER
8,30008,0.0,0.0,0.0,0.0,0.0,0.0,0.0,0.0,0.0,0.0,0.0,0.0,0.0,0.0,0.0,0.0,0.0,0.0,0.0,0.0,71055,0,0,0,3,BOX ELDER
9,30009,0.0,0.0,0.0,0.0,0.0,0.0,0.0,0.0,0.0,0.0,0.0,0.0,0.0,0.0,0.0,0.0,0.0,0.0,0.0,0.0,51492,0,0,0,3,BOX ELDER
10,30010,0.0,0.0,0.0,0.0,0.0,0.0,0.0,0.0,0.0,0.0,0.0,0.0,0.0,0.0,0.0,0.0,0.0,0.0,0.0,0.0,51492,0,0,0,3,BOX ELDER
11,30011,0.0,0.0,0.0,0.0,0.0,0.0,0.0,0.0,0.0,0.0,0.0,0.0,0.0,0.0,0.0,0.0,0.0,0.0,0.0,0.0,71342,0,0,0,3,BOX ELDER
12,30012,0.0,0.0,0.0,0.0,0.0,0.0,0.0,0.0,0.0,0.0,0.0,0.0,0.0,0.0,0.0,0.0,0.0,0.0,0.0,0.0,71342,0,0,0,3,BOX ELDER
13,30013,0.0,0.0,0.0,0.0,0.0,0.0,0.0,0.0,0.0,0.0,0.0,0.0,0.0,0.0,0.0,0.0,0.0,0.0,0.0,0.0,71342,0,0,0,3,BOX ELDER
14,30014,0.0,0.0,0.0,0.0,0.0,0.0,0.0,0.0,0.0,0.0,0.0,0.0,0.0,0.0,0.0,0.0,0.0,0.0,0.0,0.0,71342,0,0,0,3,BOX ELDER
15,30015,0.0,0.0,0.0,0.0,0.0,0.0,0.0,0.0,0.0,0.0,0.0,0.0,0.0,0.0,0.0,0.0,0.0,0.0,0.0,0.0,66905,0,0,0,3,BOX ELDER
16,30016,0.0,0.0,0.0,0.0,0.0,0.0,0.0,0.0,0.0,0.0,0.0,0.0,0.0,0.0,0.0,0.0,0.0,0.0,0.0,0.0,68948,0,0,0,3,BOX ELDER
17,30017,0.0,0.0,0.0,0.0,0.0,0.0,0.0,0.0,0.0,0.0,0.0,0.0,0.0,0.0,0.0,0.0,0.0,0.0,0.0,0.0,71342,0,0,0,3,BOX ELDER
18,30018,0.0,0.0,0.0,0.0,0.0,0.0,0.0,0.0,0.0,0.0,0.0,0.0,0.0,0.0,0.0,0.0,0.0,0.0,0.0,0.0,71342,0,0,0,3,BOX ELDER
19,30019,0.0,0.0,0.0,0.0,0.0,0.0,0.0,0.0,0.0,0.0,0.0,0.0,0.0,0.0,0.0,0.0,0.0,0.0,0.0,0.0,68948,0,0,0,3,BOX ELDER
20,30020,0.0,0.0,0.0,0.0,0.0,0.0,0.0,0.0,0.0,0.0,0.0,0.0,0.0,0.0,0.0,0.0,0.0,0.0,0.0,0.0,79483,0,0,0,3,BOX ELDER
21,30021,0.0,0.0,0.0,0.0,0.0,0.0,0.0,0.0,0.0,0.0,0.0,0.0,0.0,0.0,0.0,0.0,0.0,0.0,0.0,0.0,68948,0,0,0,3,BOX ELDER
22,30022,0.0,0.0,0.0,0.0,0.0,0.0,0.0,0.0,0.0,0.0,0.0,0.0,0.0,0.0,0.0,0.0,0.0,0.0,0.0,0.0,68948,0,0,0,3,BOX ELDER
23,30023,0.0,0.0,0.0,0.0,0.0,0.0,0.0,0.0,0.0,0.0,0.0,0.0,0.0,0.0,0.0,0.0,0.0,0.0,0.0,0.0,68948,0,0,0,3,BOX ELDER
24,30024,0.0,0.0,0.0,0.0,0.0,0.0,0.0,0.0,0.0,0.0,0.0,0.0,0.0,0.0,0.0,0.0,0.0,0.0,0.0,0.0,68948,0,0,0,3,BOX ELDER
25,30025,0.0,0.0,0.0,0.0,0.0,0.0,0.0,0.0,0.0,0.0,0.0,0.0,0.0,0.0,0.0,0.0,0.0,0.0,0.0,0.0,61738,0,0,0,3,BOX ELDER
26,30026,0.0,0.0,0.0,0.0,0.0,0.0,0.0,0.0,0.0,0.0,0.0,0.0,0.0,0.0,0.0,0.0,0.0,0.0,0.0,0.0,54266,0,0,0,3,BOX ELDER
27,30027,0.0,0.0,0.0,0.0,0.0,0.0,0.0,0.0,0.0,0.0,0.0,0.0,0.0,0.0,0.0,0.0,0.0,0.0,0.0,0.0,71342,0,0,0,3,BOX ELDER
28,30028,0.0,0.0,0.0,0.0,0.0,0.0,0.0,0.0,0.0,0.0,0.0,0.0,0.0,0.0,0.0,0.0,0.0,0.0,0.0,0.0,71342,0,0,0,3,BOX ELDER
29,30029,0.0,0.0,0.0,0.0,0.0,0.0,0.0,0.0,0.0,0.0,0.0,0.0,0.0,0.0,0.0,0.0,0.0,0.0,0.0,0.0,71342,0,0,0,3,BOX ELDER
30,30030,0.0,0.0,0.0,0.0,0.0,0.0,0.0,0.0,0.0,0.0,0.0,0.0,0.0,0.0,0.0,0.0,0.0,0.0,0.0,0.0,50633,0,0,0,3,BOX ELDER
31,30031,0.0,0.0,0.0,0.0,0.0,0.0,0.0,0.0,0.0,0.0,0.0,0.0,0.0,0.0,0.0,0.0,0.0,0.0,0.0,0.0,48874,0,0,0,3,BOX ELDER
32,30032,0.0,0.0,0.0,0.0,0.0,0.0,0.0,0.0,0.0,0.0,0.0,0.0,0.0,0.0,0.0,0.0,0.0,0.0,0.0,0.0,54597,0,0,0,3,BOX ELDER
33,30033,0.0,0.0,0.0,0.0,0.0,0.0,0.0,0.0,0.0,0.0,0.0,0.0,0.0,0.0,0.0,0.0,0.0,0.0,0.0,0.0,47880,0,0,0,3,BOX ELDER
34,30034,0.0,0.0,0.0,0.0,0.0,0.0,0.0,0.0,0.0,0.0,0.0,0.0,0.0,0.0,0.0,0.0,0.0,0.0,0.0,0.0,72580,0,0,0,3,BOX ELDER
35,30035,0.0,0.0,0.0,0.0,0.0,0.0,0.0,0.0,0.0,0.0,0.0,0.0,0.0,0.0,0.0,0.0,0.0,0.0,0.0,0.0,69784,0,0,0,3,BOX ELDER
36,30036,0.0,0.0,0.0,0.0,0.0,0.0,0.0,0.0,0.0,0.0,0.0,0.0,0.0,0.0,0.0,0.0,0.0,0.0,0.0,0.0,79483,0,0,0,3,BOX ELDER
37,30037,0.0,0.0,0.0,0.0,0.0,0.0,0.0,0.0,0.0,0.0,0.0,0.0,0.0,0.0,0.0,0.0,0.0,0.0,0.0,0.0,71342,0,0,0,3,BOX ELDER
38,30038,0.0,0.0,0.0,0.0,0.0,0.0,0.0,0.0,0.0,0.0,0.0,0.0,0.0,0.0,0.0,0.0,0.0,0.0,0.0,0.0,71342,0,0,0,3,BOX ELDER
39,30039,0.0,0.0,0.0,0.0,0.0,0.0,0.0,0.0,0.0,0.0,0.0,0.0,0.0,0.0,0.0,0.0,0.0,0.0,0.0,0.0,63775,0,0,0,3,BOX ELDER
40,30040,0.0,0.0,0.0,0.0,0.0,0.0,0.0,0.0,0.0,0.0,0.0,0.0,0.0,0.0,0.0,0.0,0.0,0.0,0.0,0.0,44064,0,0,0,3,BOX ELDER
41,30041,0.0,0.0,0.0,0.0,0.0,0.0,0.0,0.0,0.0,0.0,0.0,0.0,0.0,0.0,0.0,0.0,0.0,0.0,0.0,0.0,37413,0,0,0,3,BOX ELDER
42,30042,0.0,0.0,0.0,0.0,0.0,0.0,0.0,0.0,0.0,0.0,0.0,0.0,0.0,0.0,0.0,0.0,0.0,0.0,0.0,0.0,37413,0,0,0,3,BOX ELDER
43,30043,0.0,0.0,0.0,0.0,0.0,0.0,0.0,0.0,0.0,0.0,0.0,0.0,0.0,0.0,0.0,0.0,0.0,0.0,0.0,0.0,69838,0,0,0,3,BOX ELDER
44,30044,0.0,0.0,0.0,0.0,0.0,0.0,0.0,0.0,0.0,0.0,0.0,0.0,0.0,0.0,0.0,0.0,0.0,0.0,0.0,0.0,79596,0,0,0,3,BOX ELDER
45,30045,0.0,0.0,0.0,0.0,0.0,0.0,0.0,0.0,0.0,0.0,0.0,0.0,0.0,0.0,0.0,0.0,0.0,0.0,0.0,0.0,79606,0,0,0,3,BOX ELDER
46,30046,0.0,0.0,0.0,0.0,0.0,0.0,0.0,0.0,0.0,0.0,0.0,0.0,0.0,0.0,0.0,0.0,0.0,0.0,0.0,0.0,79606,0,0,0,3,BOX ELDER
47,30047,0.0,0.0,0.0,0.0,0.0,0.0,0.0,0.0,0.0,0.0,0.0,0.0,0.0,0.0,0.0,0.0,0.0,0.0,0.0,0.0,71342,0,0,0,3,BOX ELDER
48,30048,0.0,0.0,0.0,0.0,0.0,0.0,0.0,0.0,0.0,0.0,0.0,0.0,0.0,0.0,0.0,0.0,0.0,0.0,0.0,0.0,71342,0,0,0,3,BOX ELDER
49,30049,0.0,0.0,0.0,0.0,0.0,0.0,0.0,0.0,0.0,0.0,0.0,0.0,0.0,0.0,0.0,0.0,0.0,0.0,0.0,0.0,71342,0,0,0,3,BOX ELDER
50,30050,0.0,0.0,0.0,0.0,0.0,0.0,0.0,0.0,0.0,0.0,0.0,0.0,0.0,0.0,0.0,0.0,0.0,0.0,0.0,0.0,71342,0,0,0,3,BOX ELDER
51,30051,0.0,0.0,0.0,0.0,0.0,0.0,0.0,0.0,0.0,0.0,0.0,0.0,0.0,0.0,0.0,0.0,0.0,0.0,0.0,0.0,53556,0,0,0,3,BOX ELDER
52,30052,0.0,0.0,0.0,0.0,0.0,0.0,0.0,0.0,0.0,0.0,0.0,0.0,0.0,0.0,0.0,0.0,0.0,0.0,0.0,0.0,36260,0,0,0,3,BOX ELDER
53,30053,0.0,0.0,0.0,0.0,0.0,0.0,0.0,0.0,0.0,0.0,0.0,0.0,0.0,0.0,0.0,0.0,0.0,0.0,0.0,0.0,36260,0,0,0,3,BOX ELDER
54,30054,0.0,0.0,0.0,0.0,0.0,0.0,0.0,0.0,0.0,0.0,0.0,0.0,0.0,0.0,0.0,0.0,0.0,0.0,0.0,0.0,40402,0,0,0,3,BOX ELDER
55,30055,0.0,0.0,0.0,0.0,0.0,0.0,0.0,0.0,0.0,0.0,0.0,0.0,0.0,0.0,0.0,0.0,0.0,0.0,0.0,0.0,40402,0,0,0,3,BOX ELDER
56,30056,0.0,0.0,0.0,0.0,0.0,0.0,0.0,0.0,0.0,0.0,0.0,0.0,0.0,0.0,0.0,0.0,0.0,0.0,0.0,0.0,79606,0,0,0,3,BOX ELDER
57,30057,0.0,0.0,0.0,0.0,0.0,0.0,0.0,0.0,0.0,0.0,0.0,0.0,0.0,0.0,0.0,0.0,0.0,0.0,0.0,0.0,79606,0,0,0,3,BOX ELDER
58,30058,0.0,0.0,0.0,0.0,0.0,0.0,0.0,0.0,0.0,0.0,0.0,0.0,0.0,0.0,0.0,0.0,0.0,0.0,0.0,0.0,79606,0,0,0,3,BOX ELDER
59,30059,0.0,0.0,0.0,0.0,0.0,0.0,0.0,0.0,0.0,0.0,0.0,0.0,0.0,0.0,0.0,0.0,0.0,0.0,0.0,0.0,71342,0,0,0,3,BOX ELDER
60,30060,0.0,0.0,0.0,0.0,0.0,0.0,0.0,0.0,0.0,0.0,0.0,0.0,0.0,0.0,0.0,0.0,0.0,0.0,0.0,0.0,71342,0,0,0,3,BOX ELDER
61,30061,0.0,0.0,0.0,0.0,0.0,0.0,0.0,0.0,0.0,0.0,0.0,0.0,0.0,0.0,0.0,0.0,0.0,0.0,0.0,0.0,52227,0,0,0,3,BOX ELDER
62,30062,0.0,0.0,0.0,0.0,0.0,0.0,0.0,0.0,0.0,0.0,0.0,0.0,0.0,0.0,0.0,0.0,0.0,0.0,0.0,0.0,52635,0,0,0,3,BOX ELDER
63,30063,0.0,0.0,0.0,0.0,0.0,0.0,0.0,0.0,0.0,0.0,0.0,0.0,0.0,0.0,0.0,0.0,0.0,0.0,0.0,0.0,53556,0,0,0,3,BOX ELDER
64,30064,0.0,0.0,0.0,0.0,0.0,0.0,0.0,0.0,0.0,0.0,0.0,0.0,0.0,0.0,0.0,0.0,0.0,0.0,0.0,0.0,52227,0,0,0,3,BOX ELDER
65,30065,0.0,0.0,0.0,0.0,0.0,0.0,0.0,0.0,0.0,0.0,0.0,0.0,0.0,0.0,0.0,0.0,0.0,0.0,0.0,0.0,53556,0,0,0,3,BOX ELDER
66,30066,0.0,0.0,0.0,0.0,0.0,0.0,0.0,0.0,0.0,0.0,0.0,0.0,0.0,0.0,0.0,0.0,0.0,0.0,0.0,0.0,44338,0,0,0,3,BOX ELDER
67,30067,0.0,0.0,0.0,0.0,0.0,0.0,0.0,0.0,0.0,0.0,0.0,0.0,0.0,0.0,0.0,0.0,0.0,0.0,0.0,0.0,42956,0,0,0,3,BOX ELDER
68,30068,0.0,0.0,0.0,0.0,0.0,0.0,0.0,0.0,0.0,0.0,0.0,0.0,0.0,0.0,0.0,0.0,0.0,0.0,0.0,0.0,44041,0,0,0,3,BOX ELDER
69,30069,0.0,0.0,0.0,0.0,0.0,0.0,0.0,0.0,0.0,0.0,0.0,0.0,0.0,0.0,0.0,0.0,0.0,0.0,0.0,0.0,42956,0,0,0,3,BOX ELDER
70,30070,0.0,0.0,0.0,0.0,0.0,0.0,0.0,0.0,0.0,0.0,0.0,0.0,0.0,0.0,0.0,0.0,0.0,0.0,0.0,0.0,45647,0,0,0,3,BOX ELDER
71,30071,0.0,0.0,0.0,0.0,0.0,0.0,0.0,0.0,0.0,0.0,0.0,0.0,0.0,0.0,0.0,0.0,0.0,0.0,0.0,0.0,44592,0,0,0,3,BOX ELDER
72,30072,0.0,0.0,0.0,0.0,0.0,0.0,0.0,0.0,0.0,0.0,0.0,0.0,0.0,0.0,0.0,0.0,0.0,0.0,0.0,0.0,43896,0,0,0,3,BOX ELDER
73,30073,0.0,0.0,0.0,0.0,0.0,0.0,0.0,0.0,0.0,0.0,0.0,0.0,0.0,0.0,0.0,0.0,0.0,0.0,0.0,0.0,84675,0,0,0,3,BOX ELDER
74,30074,0.0,0.0,0.0,0.0,0.0,0.0,0.0,0.0,0.0,0.0,0.0,0.0,0.0,0.0,0.0,0.0,0.0,0.0,0.0,0.0,71342,0,0,0,3,BOX ELDER
75,30075,0.0,0.0,0.0,0.0,0.0,0.0,0.0,0.0,0.0,0.0,0.0,0.0,0.0,0.0,0.0,0.0,0.0,0.0,0.0,0.0,52227,0,0,0,3,BOX ELDER
76,30076,0.0,0.0,0.0,0.0,0.0,0.0,0.0,0.0,0.0,0.0,0.0,0.0,0.0,0.0,0.0,0.0,0.0,0.0,0.0,0.0,52227,0,0,0,3,BOX ELDER
77,30077,0.0,0.0,0.0,0.0,0.0,0.0,0.0,0.0,0.0,0.0,0.0,0.0,0.0,0.0,0.0,0.0,0.0,0.0,0.0,0.0,52227,0,0,0,3,BOX ELDER
78,30078,0.0,0.0,0.0,0.0,0.0,0.0,0.0,0.0,0.0,0.0,0.0,0.0,0.0,0.0,0.0,0.0,0.0,0.0,0.0,0.0,46674,0,0,0,3,BOX ELDER
79,30079,0.0,0.0,0.0,0.0,0.0,0.0,0.0,0.0,0.0,0.0,0.0,0.0,0.0,0.0,0.0,0.0,0.0,0.0,0.0,0.0,46674,0,0,0,3,BOX ELDER
80,30080,0.0,0.0,0.0,0.0,0.0,0.0,0.0,0.0,0.0,0.0,0.0,0.0,0.0,0.0,0.0,0.0,0.0,0.0,0.0,0.0,46674,0,0,0,3,BOX ELDER
81,30081,0.0,0.0,0.0,0.0,0.0,0.0,0.0,0.0,0.0,0.0,0.0,0.0,0.0,0.0,0.0,0.0,0.0,0.0,0.0,0.0,45683,0,0,0,3,BOX ELDER
82,30082,0.0,0.0,0.0,0.0,0.0,0.0,0.0,0.0,0.0,0.0,0.0,0.0,0.0,0.0,0.0,0.0,0.0,0.0,0.0,0.0,45683,0,0,0,3,BOX ELDER
83,30083,0.0,0.0,0.0,0.0,0.0,0.0,0.0,0.0,0.0,0.0,0.0,0.0,0.0,0.0,0.0,0.0,0.0,0.0,0.0,0.0,93342,0,0,0,3,BOX ELDER
84,30084,0.0,0.0,0.0,0.0,0.0,0.0,0.0,0.0,0.0,0.0,0.0,0.0,0.0,0.0,0.0,0.0,0.0,0.0,0.0,0.0,93342,0,0,0,3,BOX ELDER
85,30085,0.0,0.0,0.0,0.0,0.0,0.0,0.0,0.0,0.0,0.0,0.0,0.0,0.0,0.0,0.0,0.0,0.0,0.0,0.0,0.0,93342,0,0,0,3,BOX ELDER
86,30086,0.0,0.0,0.0,0.0,0.0,0.0,0.0,0.0,0.0,0.0,0.0,0.0,0.0,0.0,0.0,0.0,0.0,0.0,0.0,0.0,71342,0,0,0,3,BOX ELDER
87,30087,0.0,0.0,0.0,0.0,0.0,0.0,0.0,0.0,0.0,0.0,0.0,0.0,0.0,0.0,0.0,0.0,0.0,0.0,0.0,0.0,93342,0,0,0,3,BOX ELDER
88,30088,0.0,0.0,0.0,0.0,0.0,0.0,0.0,0.0,0.0,0.0,0.0,0.0,0.0,0.0,0.0,0.0,0.0,0.0,0.0,0.0,93342,0,0,0,3,BOX ELDER
89,30089,0.0,0.0,0.0,0.0,0.0,0.0,0.0,0.0,0.0,0.0,0.0,0.0,0.0,0.0,0.0,0.0,0.0,0.0,0.0,0.0,93342,0,0,0,3,BOX ELDER
90,30090,0.0,0.0,0.0,0.0,0.0,0.0,0.0,0.0,0.0,0.0,0.0,0.0,0.0,0.0,0.0,0.0,0.0,0.0,0.0,0.0,93342,0,0,0,3,BOX ELDER
91,30091,0.0,0.0,0.0,0.0,0.0,0.0,0.0,0.0,0.0,0.0,0.0,0.0,0.0,0.0,0.0,0.0,0.0,0.0,0.0,0.0,93342,0,0,0,3,BOX ELDER
92,30092,0.0,0.0,0.0,0.0,0.0,0.0,0.0,0.0,0.0,0.0,0.0,0.0,0.0,0.0,0.0,0.0,0.0,0.0,0.0,0.0,93342,0,0,0,3,BOX ELDER
93,30093,0.0,0.0,0.0,0.0,0.0,0.0,0.0,0.0,0.0,0.0,0.0,0.0,0.0,0.0,0.0,0.0,0.0,0.0,0.0,0.0,71901,0,0,0,3,BOX ELDER
94,30094,0.0,0.0,0.0,0.0,0.0,0.0,0.0,0.0,0.0,0.0,0.0,0.0,0.0,0.0,0.0,0.0,0.0,0.0,0.0,0.0,71901,0,0,0,3,BOX ELDER
95,30095,0.0,0.0,0.0,0.0,0.0,0.0,0.0,0.0,0.0,0.0,0.0,0.0,0.0,0.0,0.0,0.0,0.0,0.0,0.0,0.0,71901,0,0,0,3,BOX ELDER
96,30096,0.0,0.0,0.0,0.0,0.0,0.0,0.0,0.0,0.0,0.0,0.0,0.0,0.0,0.0,0.0,0.0,0.0,0.0,0.0,0.0,93342,0,0,0,3,BOX ELDER
97,30097,0.0,0.0,0.0,0.0,0.0,0.0,0.0,0.0,0.0,0.0,0.0,0.0,0.0,0.0,0.0,0.0,0.0,0.0,0.0,0.0,71342,0,0,0,3,BOX ELDER
98,30098,0.0,0.0,0.0,0.0,0.0,0.0,0.0,0.0,0.0,0.0,0.0,0.0,0.0,0.0,0.0,0.0,0.0,0.0,0.0,0.0,71342,0,0,0,3,BOX ELDER
99,30099,0.0,0.0,0.0,0.0,0.0,0.0,0.0,0.0,0.0,0.0,0.0,0.0,0.0,0.0,0.0,0.0,0.0,0.0,0.0,0.0,90006,0,0,0,3,BOX ELDER
100,30100,0.0,0.0,0.0,0.0,0.0,0.0,0.0,0.0,0.0,0.0,0.0,0.0,0.0,0.0,0.0,0.0,0.0,0.0,0.0,0.0,90006,0,0,0,3,BOX ELDER
101,30101,0.0,0.0,0.0,0.0,0.0,0.0,0.0,0.0,0.0,0.0,0.0,0.0,0.0,0.0,0.0,0.0,0.0,0.0,0.0,0.0,83414,0,0,0,3,BOX ELDER
102,30102,0.0,0.0,0.0,0.0,0.0,0.0,0.0,0.0,0.0,0.0,0.0,0.0,0.0,0.0,0.0,0.0,0.0,0.0,0.0,0.0,90006,0,0,0,3,BOX ELDER
103,30103,0.0,0.0,0.0,0.0,0.0,0.0,0.0,0.0,0.0,0.0,0.0,0.0,0.0,0.0,0.0,0.0,0.0,0.0,0.0,0.0,90006,0,0,0,3,BOX ELDER
104,30104,0.0,0.0,0.0,0.0,0.0,0.0,0.0,0.0,0.0,0.0,0.0,0.0,0.0,0.0,0.0,0.0,0.0,0.0,0.0,0.0,90006,0,0,0,3,BOX ELDER
105,30105,0.0,0.0,0.0,0.0,0.0,0.0,0.0,0.0,0.0,0.0,0.0,0.0,0.0,0.0,0.0,0.0,0.0,0.0,0.0,0.0,80348,0,0,0,3,BOX ELDER
106,30106,0.0,0.0,0.0,0.0,0.0,0.0,0.0,0.0,0.0,0.0,0.0,0.0,0.0,0.0,0.0,0.0,0.0,0.0,0.0,0.0,74493,0,0,0,3,BOX ELDER
107,30107,0.0,0.0,0.0,0.0,0.0,0.0,0.0,0.0,0.0,0.0,0.0,0.0,0.0,0.0,0.0,0.0,0.0,0.0,0.0,0.0,80348,0,0,0,3,BOX ELDER
108,30108,0.0,0.0,0.0,0.0,0.0,0.0,0.0,0.0,0.0,0.0,0.0,0.0,0.0,0.0,0.0,0.0,0.0,0.0,0.0,0.0,80348,0,0,0,3,BOX ELDER
109,30109,0.0,0.0,0.0,0.0,0.0,0.0,0.0,0.0,0.0,0.0,0.0,0.0,0.0,0.0,0.0,0.0,0.0,0.0,0.0,0.0,71342,0,0,0,3,BOX ELDER
110,30110,0.0,0.0,0.0,0.0,0.0,0.0,0.0,0.0,0.0,0.0,0.0,0.0,0.0,0.0,0.0,0.0,0.0,0.0,0.0,0.0,80348,0,0,0,3,BOX ELDER
111,30111,0.0,0.0,0.0,0.0,0.0,0.0,0.0,0.0,0.0,0.0,0.0,0.0,0.0,0.0,0.0,0.0,0.0,0.0,0.0,0.0,80348,0,0,0,3,BOX ELDER
112,30112,0.0,0.0,0.0,0.0,0.0,0.0,0.0,0.0,0.0,0.0,0.0,0.0,0.0,0.0,0.0,0.0,0.0,0.0,0.0,0.0,80348,0,0,0,3,BOX ELDER
113,30113,0.0,0.0,0.0,0.0,0.0,0.0,0.0,0.0,0.0,0.0,0.0,0.0,0.0,0.0,0.0,0.0,0.0,0.0,0.0,0.0,80348,0,0,0,3,BOX ELDER
114,30114,0.0,0.0,0.0,0.0,0.0,0.0,0.0,0.0,0.0,0.0,0.0,0.0,0.0,0.0,0.0,0.0,0.0,0.0,0.0,0.0,74493,0,0,0,3,BOX ELDER
115,30115,0.0,0.0,0.0,0.0,0.0,0.0,0.0,0.0,0.0,0.0,0.0,0.0,0.0,0.0,0.0,0.0,0.0,0.0,0.0,0.0,80348,0,0,0,3,BOX ELDER
116,30116,0.0,0.0,0.0,0.0,0.0,0.0,0.0,0.0,0.0,0.0,0.0,0.0,0.0,0.0,0.0,0.0,0.0,0.0,0.0,0.0,80348,0,0,0,3,BOX ELDER
117,30117,0.0,0.0,0.0,0.0,0.0,0.0,0.0,0.0,0.0,0.0,0.0,0.0,0.0,0.0,0.0,0.0,0.0,0.0,0.0,0.0,80348,0,0,0,3,BOX ELDER
118,30118,0.0,0.0,0.0,0.0,0.0,0.0,0.0,0.0,0.0,0.0,0.0,0.0,0.0,0.0,0.0,0.0,0.0,0.0,0.0,0.0,74493,0,0,0,3,BOX ELDER
119,30119,0.0,0.0,0.0,0.0,0.0,0.0,0.0,0.0,0.0,0.0,0.0,0.0,0.0,0.0,0.0,0.0,0.0,0.0,0.0,0.0,80348,0,0,0,3,BOX ELDER
120,30120,0.0,0.0,0.0,0.0,0.0,0.0,0.0,0.0,0.0,0.0,0.0,0.0,0.0,0.0,0.0,0.0,0.0,0.0,0.0,0.0,80348,0,0,0,3,BOX ELDER
121,30121,0.0,0.0,0.0,0.0,0.0,0.0,0.0,0.0,0.0,0.0,0.0,0.0,0.0,0.0,0.0,0.0,0.0,0.0,0.0,0.0,80348,0,0,0,3,BOX ELDER
122,30122,0.0,0.0,0.0,0.0,0.0,0.0,0.0,0.0,0.0,0.0,0.0,0.0,0.0,0.0,0.0,0.0,0.0,0.0,0.0,0.0,74493,0,0,0,3,BOX ELDER
123,30123,0.0,0.0,0.0,0.0,0.0,0.0,0.0,0.0,0.0,0.0,0.0,0.0,0.0,0.0,0.0,0.0,0.0,0.0,0.0,0.0,80348,0,0,0,3,BOX ELDER
124,30124,0.0,0.0,0.0,0.0,0.0,0.0,0.0,0.0,0.0,0.0,0.0,0.0,0.0,0.0,0.0,0.0,0.0,0.0,0.0,0.0,80348,0,0,0,3,BOX ELDER
125,30125,0.0,0.0,0.0,0.0,0.0,0.0,0.0,0.0,0.0,0.0,0.0,0.0,0.0,0.0,0.0,0.0,0.0,0.0,0.0,0.0,80348,0,0,0,3,BOX ELDER
126,30126,0.0,0.0,0.0,0.0,0.0,0.0,0.0,0.0,0.0,0.0,0.0,0.0,0.0,0.0,0.0,0.0,0.0,0.0,0.0,0.0,74493,0,0,0,3,BOX ELDER
127,30127,0.0,0.0,0.0,0.0,0.0,0.0,0.0,0.0,0.0,0.0,0.0,0.0,0.0,0.0,0.0,0.0,0.0,0.0,0.0,0.0,80348,0,0,0,3,BOX ELDER
128,30128,0.0,0.0,0.0,0.0,0.0,0.0,0.0,0.0,0.0,0.0,0.0,0.0,0.0,0.0,0.0,0.0,0.0,0.0,0.0,0.0,80348,0,0,0,3,BOX ELDER
129,30129,0.0,0.0,0.0,0.0,0.0,0.0,0.0,0.0,0.0,0.0,0.0,0.0,0.0,0.0,0.0,0.0,0.0,0.0,0.0,0.0,80348,0,0,0,3,BOX ELDER
130,30130,0.0,0.0,0.0,0.0,0.0,0.0,0.0,0.0,0.0,0.0,0.0,0.0,0.0,0.0,0.0,0.0,0.0,0.0,0.0,0.0,74493,0,0,0,3,BOX ELDER
131,30131,0.0,0.0,0.0,0.0,0.0,0.0,0.0,0.0,0.0,0.0,0.0,0.0,0.0,0.0,0.0,0.0,0.0,0.0,0.0,0.0,74493,0,0,0,3,BOX ELDER
132,30132,0.0,0.0,0.0,0.0,0.0,0.0,0.0,0.0,0.0,0.0,0.0,0.0,0.0,0.0,0.0,0.0,0.0,0.0,0.0,0.0,74493,0,0,0,3,BOX ELDER
133,30133,0.0,0.0,0.0,0.0,0.0,0.0,0.0,0.0,0.0,0.0,0.0,0.0,0.0,0.0,0.0,0.0,0.0,0.0,0.0,0.0,80348,0,0,0,3,BOX ELDER
134,30134,0.0,0.0,0.0,0.0,0.0,0.0,0.0,0.0,0.0,0.0,0.0,0.0,0.0,0.0,0.0,0.0,0.0,0.0,0.0,0.0,80348,0,0,0,3,BOX ELDER
135,30135,0.0,0.0,0.0,0.0,0.0,0.0,0.0,0.0,0.0,0.0,0.0,0.0,0.0,0.0,0.0,0.0,0.0,0.0,0.0,0.0,80348,0,0,0,3,BOX ELDER
136,30136,0.0,0.0,0.0,0.0,0.0,0.0,0.0,0.0,0.0,0.0,0.0,0.0,0.0,0.0,0.0,0.0,0.0,0.0,0.0,0.0,74493,0,0,0,3,BOX ELDER
137,30137,0.0,0.0,0.0,0.0,0.0,0.0,0.0,0.0,0.0,0.0,0.0,0.0,0.0,0.0,0.0,0.0,0.0,0.0,0.0,0.0,80348,0,0,0,3,BOX ELDER
138,30138,0.0,0.0,0.0,0.0,0.0,0.0,0.0,0.0,0.0,0.0,0.0,0.0,0.0,0.0,0.0,0.0,0.0,0.0,0.0,0.0,80348,0,0,0,3,BOX ELDER
139,30139,0.0,0.0,0.0,0.0,0.0,0.0,0.0,0.0,0.0,0.0,0.0,0.0,0.0,0.0,0.0,0.0,0.0,0.0,0.0,0.0,74493,0,0,0,3,BOX ELDER
140,30140,0.0,0.0,0.0,0.0,0.0,0.0,0.0,0.0,0.0,0.0,0.0,0.0,0.0,0.0,0.0,0.0,0.0,0.0,0.0,0.0,80348,0,0,0,3,BOX ELDER
141,30141,0.0,0.0,0.0,0.0,0.0,0.0,0.0,0.0,0.0,0.0,0.0,0.0,0.0,0.0,0.0,0.0,0.0,0.0,0.0,0.0,80348,0,0,0,3,BOX ELDER
142,30142,0.0,0.0,0.0,0.0,0.0,0.0,0.0,0.0,0.0,0.0,0.0,0.0,0.0,0.0,0.0,0.0,0.0,0.0,0.0,0.0,80348,0,0,0,3,BOX ELDER
143,30143,0.0,0.0,0.0,0.0,0.0,0.0,0.0,0.0,0.0,0.0,0.0,0.0,0.0,0.0,0.0,0.0,0.0,0.0,0.0,0.0,80348,0,0,0,3,BOX ELDER
144,30144,0.0,0.0,0.0,0.0,0.0,0.0,0.0,0.0,0.0,0.0,0.0,0.0,0.0,0.0,0.0,0.0,0.0,0.0,0.0,0.0,80348,0,0,0,3,BOX ELDER
145,30145,0.0,0.0,0.0,0.0,0.0,0.0,0.0,0.0,0.0,0.0,0.0,0.0,0.0,0.0,0.0,0.0,0.0,0.0,0.0,0.0,78516,0,0,0,3,BOX ELDER
146,30146,0.0,0.0,0.0,0.0,0.0,0.0,0.0,0.0,0.0,0.0,0.0,0.0,0.0,0.0,0.0,0.0,0.0,0.0,0.0,0.0,79483,0,0,0,3,BOX ELDER
147,30147,0.0,0.0,0.0,0.0,0.0,0.0,0.0,0.0,0.0,0.0,0.0,0.0,0.0,0.0,0.0,0.0,0.0,0.0,0.0,0.0,84675,0,0,0,3,BOX ELDER
148,30148,0.0,0.0,0.0,0.0,0.0,0.0,0.0,0.0,0.0,0.0,0.0,0.0,0.0,0.0,0.0,0.0,0.0,0.0,0.0,0.0,79483,0,0,0,3,BOX ELDER
149,30149,0.0,0.0,0.0,0.0,0.0,0.0,0.0,0.0,0.0,0.0,0.0,0.0,0.0,0.0,0.0,0.0,0.0,0.0,0.0,0.0,79483,0,0,0,3,BOX ELDER
150,30150,0.0,0.0,0.0,0.0,0.0,0.0,0.0,0.0,0.0,0.0,0.0,0.0,0.0,0.0,0.0,0.0,0.0,0.0,0.0,0.0,84445,0,0,0,3,BOX ELDER
151,30151,0.0,0.0,0.0,0.0,0.0,0.0,0.0,0.0,0.0,0.0,0.0,0.0,0.0,0.0,0.0,0.0,0.0,0.0,0.0,0.0,84675,0,0,0,3,BOX ELDER
152,30152,0.0,0.0,0.0,0.0,0.0,0.0,0.0,0.0,0.0,0.0,0.0,0.0,0.0,0.0,0.0,0.0,0.0,0.0,0.0,0.0,74493,0,0,0,3,BOX ELDER
153,30153,0.0,0.0,0.0,0.0,0.0,0.0,0.0,0.0,0.0,0.0,0.0,0.0,0.0,0.0,0.0,0.0,0.0,0.0,0.0,0.0,74493,0,0,0,3,BOX ELDER
582,110001,57.0,175.8639172970786,3.0853318824048874,0.0,0.0,0.0,0.0,49.16282818137456,0.0,0.0,0.0,0.0,0.0,0.0,0.0,0.0,47.16109682947729,0.0,0.0,2.001731351897273,91175,0,0,0,11,DAVIS
583,110002,460.0,1427.4911584858612,3.103241648882307,0.0,0.0,0.0,0.0,67.17841034845002,0.0,0.0,0.0,0.0,0.0,0.0,0.0,0.0,47.16109682947729,0.0,0.0,20.01731351897273,91175,0,0,0,11,DAVIS
584,110003,219.0,691.2948663964951,3.1565975634543157,12.0,7.0,0.0,5.0,202.0320254175442,0.0,7.0,0.0,0.0,0.0,0.0,5.0,0.0,14.047986289631533,0.0,166.97624804437493,9.007791083537729,93635,0,0,0,11,DAVIS
585,110004,270.0,762.3887904102077,2.823662186704473,640.0,246.0,15.0,379.0,661.0412364404325,16.0,230.0,12.0,3.0,21.0,47.0,113.0,198.0,9.030848329048842,0.0,0.0,12.010388111383635,93635,0,0,0,11,DAVIS
586,110005,107.0,322.72899716751124,3.0161588520328158,0.0,0.0,0.0,0.0,24.069452629957407,0.0,0.0,0.0,0.0,0.0,0.0,0.0,0.0,19.065124250214225,0.0,0.0,5.004328379743183,91175,0,0,0,11,DAVIS
587,110006,198.0,565.009606635295,2.853583871895429,12.0,2.0,1.0,9.0,33.05148410510409,2.0,0.0,1.0,0.0,3.0,0.0,0.0,6.0,13.044558697514995,0.0,0.0,8.006925407589092,93635,0,0,0,11,DAVIS
588,110007,185.0,539.752554683055,2.917581376665162,92.0,0.0,41.0,51.0,105.02406336817178,0.0,0.0,0.0,41.0,0.0,1.0,0.0,50.0,5.017137960582691,0.0,0.0,8.006925407589092,93635,0,0,0,11,DAVIS
589,110008,79.0,223.5716820957541,2.830021292351318,0.0,0.0,0.0,0.0,17.050583317477443,0.0,0.0,0.0,0.0,0.0,0.0,0.0,0.0,14.047986289631533,0.0,0.0,3.0025970278459093,93635,0,0,0,11,DAVIS
590,110009,243.0,677.2631708674728,2.7870912381377484,0.0,0.0,0.0,0.0,18.03607749641867,0.0,0.0,0.0,0.0,0.0,0.0,0.0,0.0,8.027420736932305,0.0,0.0,10.008656759486366,93635,0,0,0,11,DAVIS
591,110010,273.0,838.1599462669277,3.0701829533587097,0.0,0.0,0.0,0.0,16.024098479849787,0.0,0.0,0.0,0.0,0.0,0.0,0.0,0.0,4.013710368466152,0.0,0.0,12.010388111383635,93635,0,0,0,11,DAVIS
592,110011,164.0,515.4309490994165,3.1428716408501005,12.0,0.0,0.0,12.0,25.026625284339683,0.0,0.0,0.0,0.0,12.0,0.0,0.0,0.0,6.020565552699228,0.0,0.0,7.006059731640455,91175,0,0,0,11,DAVIS
593,110012,233.0,724.0354892975469,3.107448451920802,253.0,2.0,32.0,219.0,277.02808449395206,2.0,0.0,2.0,30.0,2.0,120.0,1.0,96.0,6.020565552699228,0.0,7.998862181766463,10.008656759486366,90061,945,0,0,11,DAVIS
594,110013,312.0,947.6071713933012,3.0372024724144264,267.0,25.0,42.0,200.0,302.00812478719007,25.0,0.0,2.0,40.0,7.0,51.0,111.0,31.0,0.0,0.0,21.996870999857773,13.011253787332274,89302,0,0,0,11,DAVIS
595,110014,782.0,2277.811907544608,2.912802950824307,803.0,59.0,120.0,624.0,837.0319948984215,55.0,4.0,20.0,100.0,121.0,222.0,33.0,248.0,1.003427592116538,0.0,0.0,33.02856730630501,89302,877,1342,0,11,DAVIS
596,110015,441.0,1212.3384937075205,2.749066879155375,42.0,27.0,0.0,15.0,63.02330302725717,24.0,3.0,0.0,0.0,2.0,0.0,1.0,12.0,2.006855184233076,0.0,0.0,19.016447843024093,60058,0,0,0,11,DAVIS
597,110016,195.0,594.9438904305424,3.0509943099002177,0.0,0.0,0.0,0.0,19.044628920871013,0.0,0.0,0.0,0.0,0.0,0.0,0.0,0.0,11.03770351328192,0.0,0.0,8.006925407589092,91175,0,0,0,11,DAVIS
598,110017,414.0,1207.6612618645129,2.9170561880785337,879.0,111.0,11.0,757.0,1222.047894328044,83.0,28.0,8.0,3.0,6.0,160.0,535.0,56.0,22.07540702656384,0.0,302.9569051344048,18.015582167075458,91175,0,0,0,11,DAVIS
599,110018,375.0,1061.731628362682,2.831284342300485,66.0,3.0,4.0,59.0,123.04728751008435,1.0,2.0,0.0,4.0,0.0,1.0,24.0,34.0,11.03770351328192,0.0,29.995733181624235,16.013850815178184,97179,0,0,0,11,DAVIS
600,110019,1017.0,2599.605458343518,2.5561508931598014,946.0,617.0,0.0,329.0,1014.0765062165603,313.0,304.0,0.0,0.0,112.0,25.0,3.0,189.0,12.041131105398456,0.0,12.998151045370502,43.03722406579137,97584,0,0,0,11,DAVIS
601,110020,447.0,1248.820902082978,2.793782778709123,104.0,72.0,0.0,32.0,153.01575084404405,31.0,41.0,0.0,0.0,15.0,4.0,1.0,12.0,1.003427592116538,0.0,28.99587540890343,19.016447843024093,67768,0,0,0,11,DAVIS
602,110021,78.0,238.53882399337783,3.058190051197152,0.0,0.0,0.0,0.0,24.07457646229321,0.0,0.0,0.0,0.0,0.0,0.0,0.0,0.0,21.0719794344473,0.0,0.0,3.0025970278459093,91175,0,0,0,11,DAVIS
603,110022,259.0,794.193966942658,3.066385972751575,5.0,0.0,0.0,5.0,23.022806122063578,0.0,0.0,0.0,0.0,3.0,0.0,0.0,2.0,4.013710368466152,0.0,2.999573318162424,11.009522435435002,93208,0,0,0,11,DAVIS
604,110023,358.0,1073.892431154501,2.999699528364528,10.0,1.0,2.0,7.0,28.02326791557916,1.0,0.0,0.0,2.0,0.0,0.0,0.0,7.0,3.010282776349614,0.0,0.0,15.012985139229547,83139,0,0,0,11,DAVIS
605,110024,16.0,33.67606926965335,2.104754329353334,766.0,167.0,4.0,595.0,775.0282864128809,142.0,25.0,0.0,4.0,19.0,37.0,304.0,235.0,8.027420736932305,0.0,0.0,1.0008656759486363,72574,0,0,0,11,DAVIS
606,110025,338.0,1028.99100546163,3.0443520871645857,0.0,0.0,0.0,0.0,22.010981645047373,0.0,0.0,0.0,0.0,0.0,0.0,0.0,0.0,0.0,0.0,7.998862181766463,14.01211946328091,72495,0,0,0,11,DAVIS
607,110026,355.0,1065.4734138370875,3.0013335601044724,6.0,0.0,1.0,5.0,26.012274002833585,0.0,0.0,0.0,1.0,3.0,0.0,0.0,2.0,0.0,0.0,4.99928886360404,15.012985139229547,60368,0,0,0,11,DAVIS
608,110027,228.0,710.9392401371261,3.118154562004939,0.0,0.0,0.0,0.0,17.032649904302133,0.0,0.0,0.0,0.0,0.0,0.0,0.0,0.0,7.023993144815766,0.0,0.0,10.008656759486366,93635,0,0,0,11,DAVIS
609,110028,971.0,2994.363825893344,3.0837938474699724,581.0,257.0,23.0,301.0,622.0354927138941,145.0,112.0,19.0,4.0,4.0,56.0,5.0,236.0,0.0,0.0,0.0,41.035492713894094,83139,734,0,0,11,DAVIS
610,110029,187.0,552.8488038434757,2.956410715740512,1272.0,799.0,2.0,471.0,1280.006925407589,653.0,146.0,2.0,0.0,8.0,254.0,123.0,86.0,0.0,0.0,0.0,8.006925407589092,72574,531,0,0,11,DAVIS
611,110030,380.0,1072.0215384172982,2.8211093116244688,255.0,75.0,10.0,170.0,271.01385081517816,75.0,0.0,0.0,10.0,1.0,62.0,5.0,102.0,0.0,0.0,0.0,16.013850815178184,72574,541,0,0,11,DAVIS
612,110031,463.0,1400.3632137964182,3.024542578393992,67.0,2.0,4.0,61.0,92.01660238257676,2.0,0.0,1.0,3.0,0.0,11.0,1.0,49.0,0.0,0.0,4.99928886360404,20.01731351897273,74962,0,0,0,11,DAVIS
613,110032,153.0,485.496665304169,3.1731808189814967,0.0,0.0,0.0,0.0,8.009487323756993,0.0,0.0,0.0,0.0,0.0,0.0,0.0,0.0,1.003427592116538,0.0,0.0,7.006059731640455,93635,0,0,0,11,DAVIS
614,110033,874.0,2775.4693756405964,3.1755942513050304,243.0,105.0,0.0,138.0,280.03203001009956,54.0,51.0,0.0,0.0,0.0,2.0,117.0,19.0,0.0,0.0,0.0,37.032030010099554,81139,0,0,0,11,DAVIS
615,110034,174.0,534.1398764714461,3.069769405008311,1314.0,690.0,3.0,621.0,2303.8698201355905,565.0,125.0,3.0,0.0,11.0,48.0,66.0,496.0,1.003427592116538,0.0,981.8603328118334,7.006059731640455,96912,0,0,0,11,DAVIS
616,110035,399.0,1209.532154601716,3.0314089087762306,199.0,16.0,35.0,148.0,216.01471649112682,16.0,0.0,2.0,33.0,9.0,57.0,10.0,72.0,0.0,0.0,0.0,17.01471649112682,96912,480,0,0,11,DAVIS
617,110036,499.0,1509.8104389227915,3.0256722222901637,42.0,5.0,7.0,30.0,69.01732583124621,5.0,0.0,0.0,7.0,6.0,1.0,0.0,23.0,0.0,0.0,5.999146636324848,21.01817919492137,91112,0,0,0,11,DAVIS
618,110037,288.0,921.4146730724595,3.199356503723818,234.0,40.0,58.0,136.0,260.0333856652451,40.0,0.0,28.0,30.0,9.0,15.0,1.0,111.0,7.023993144815766,0.0,6.999004409045655,12.010388111383635,81139,0,0,0,11,DAVIS
619,110038,21.0,57.06222848469039,2.717248975461447,72.0,53.0,1.0,18.0,84.03856918923056,39.0,14.0,0.0,1.0,14.0,2.0,0.0,2.0,11.03770351328192,0.0,0.0,1.0008656759486363,96912,0,0,0,11,DAVIS
620,110039,409.0,1245.0791166085723,3.044203219091864,11.0,0.0,0.0,11.0,28.01471649112682,0.0,0.0,0.0,0.0,2.0,1.0,0.0,8.0,0.0,0.0,0.0,17.01471649112682,94690,0,0,0,11,DAVIS
621,110040,570.0,1705.3187299605013,2.991787245544739,5.0,3.0,0.0,2.0,29.020776222767275,3.0,0.0,0.0,0.0,0.0,0.0,0.0,2.0,0.0,0.0,0.0,24.020776222767275,65721,0,0,0,11,DAVIS
622,110041,834.0,2217.943339954113,2.6594044843574505,2818.0,519.0,8.0,2291.0,2854.031164334151,510.0,9.0,4.0,4.0,542.0,73.0,63.0,1613.0,0.0,0.0,0.0,36.03116433415092,66155,299,0,0,11,DAVIS
623,110042,0.0,0.0,0.0,2724.0,0.0,503.0,2221.0,2724.0,0.0,0.0,503.0,0.0,1384.0,100.0,0.0,737.0,0.0,0.0,0.0,0.0,49014,0,0,0,11,DAVIS
624,110043,717.0,1880.2472008889783,2.6223810333179616,329.0,43.0,26.0,260.0,462.01232877193013,22.0,21.0,0.0,26.0,12.0,39.0,13.0,196.0,0.0,0.0,101.9854928175224,31.026835954407733,58909,333,0,0,11,DAVIS
625,110044,575.0,1602.4196294143385,2.7868167468075447,771.0,109.0,240.0,422.0,801.02093076232,98.0,11.0,3.0,237.0,47.0,113.0,4.0,258.0,0.0,0.0,4.99928886360404,25.021641898715917,55845,0,964,0,11,DAVIS
626,110045,0.0,0.0,0.0,0.0,0.0,0.0,0.0,0.0,0.0,0.0,0.0,0.0,0.0,0.0,0.0,0.0,0.0,0.0,0.0,0.0,49014,0,0,0,11,DAVIS
627,110046,407.0,1150.599033379823,2.8270246520388764,401.0,31.0,33.0,337.0,468.0076051271672,27.0,4.0,19.0,14.0,143.0,45.0,19.0,130.0,0.0,0.0,49.9928886360404,17.01471649112682,60255,305,0,0,11,DAVIS
628,110047,0.0,0.0,0.0,0.0,0.0,0.0,0.0,0.0,0.0,0.0,0.0,0.0,0.0,0.0,0.0,0.0,0.0,0.0,0.0,0.0,49014,0,0,0,11,DAVIS
629,110048,0.0,0.0,0.0,484.0,0.0,0.0,484.0,484.0,0.0,0.0,0.0,0.0,0.0,484.0,0.0,0.0,0.0,0.0,0.0,0.0,49014,0,0,0,11,DAVIS
630,110049,0.0,0.0,0.0,0.0,0.0,0.0,0.0,0.0,0.0,0.0,0.0,0.0,0.0,0.0,0.0,0.0,0.0,0.0,0.0,0.0,49014,0,0,0,11,DAVIS
631,110050,0.0,0.0,0.0,5433.0,0.0,589.0,4844.0,5433.0,0.0,0.0,589.0,0.0,655.0,3925.0,264.0,0.0,0.0,0.0,0.0,0.0,49014,0,0,0,11,DAVIS
632,110051,0.0,0.0,0.0,0.0,0.0,0.0,0.0,0.0,0.0,0.0,0.0,0.0,0.0,0.0,0.0,0.0,0.0,0.0,0.0,0.0,49014,0,0,0,11,DAVIS
633,110052,0.0,0.0,0.0,24223.0,251.0,0.0,23972.0,24223.0,205.0,46.0,0.0,0.0,653.0,22853.0,245.0,221.0,0.0,0.0,0.0,0.0,49014,0,0,0,11,DAVIS
634,110053,0.0,0.0,0.0,0.0,0.0,0.0,0.0,0.0,0.0,0.0,0.0,0.0,0.0,0.0,0.0,0.0,0.0,0.0,0.0,0.0,49014,0,0,0,11,DAVIS
635,110054,255.0,751.1634339869898,2.945738956811725,647.0,253.0,7.0,387.0,668.0437983566004,249.0,4.0,1.0,6.0,20.0,49.0,5.0,313.0,10.03427592116538,0.0,0.0,11.009522435435002,94630,0,0,0,11,DAVIS
636,110055,718.0,1951.341124902691,2.717745299307369,1459.0,359.0,233.0,867.0,1806.0532885220978,158.0,201.0,41.0,192.0,50.0,198.0,101.0,518.0,20.068551842330763,0.0,295.95790072535914,31.026835954407733,94630,817,0,0,11,DAVIS
637,110056,583.0,1679.12623163966,2.880147910188096,82.0,0.0,11.0,71.0,126.03321885799419,0.0,0.0,0.0,11.0,2.0,56.0,5.0,8.0,4.013710368466152,0.0,14.997866590812118,25.021641898715917,94669,0,0,0,11,DAVIS
638,110057,675.0,2043.014869025636,3.0266886948527945,363.0,34.0,45.0,284.0,402.03082196851,25.0,9.0,2.0,43.0,14.0,69.0,20.0,181.0,2.006855184233076,0.0,7.998862181766463,29.02510460251046,105552,370,251,0,11,DAVIS
639,110058,4.0,8.419017317413337,2.104754329353334,51.0,36.0,0.0,15.0,101.952,0.0,36.0,0.0,0.0,0.0,0.0,8.0,7.0,0.0,50.952,0.0,0.0,105552,0,0,0,11,DAVIS
640,110059,0.0,0.0,0.0,0.0,0.0,0.0,0.0,0.0,0.0,0.0,0.0,0.0,0.0,0.0,0.0,0.0,0.0,0.0,0.0,0.0,105552,0,0,0,11,DAVIS
641,110060,42.0,98.2218687031556,2.338615921503705,341.0,0.0,83.0,258.0,345.00858653613034,0.0,0.0,3.0,80.0,6.0,48.0,5.0,199.0,2.006855184233076,0.0,0.0,2.001731351897273,107637,0,0,0,11,DAVIS
642,110061,430.0,1340.4946462059231,3.117429409781217,9.0,0.0,0.0,9.0,27.015582167075458,0.0,0.0,0.0,0.0,6.0,0.0,0.0,3.0,0.0,0.0,0.0,18.015582167075458,107062,0,0,0,11,DAVIS
643,110062,741.0,2031.7895126024184,2.7419561573581896,552.0,196.0,16.0,340.0,593.0264215848435,176.0,20.0,1.0,15.0,5.0,69.0,30.0,236.0,0.0,0.0,8.998719954487271,32.02770163035637,60506,462,0,0,11,DAVIS
644,110063,470.0,1437.7810685404777,3.059108656469101,0.0,0.0,0.0,0.0,66.0107710641299,0.0,0.0,0.0,0.0,0.0,0.0,0.0,0.0,0.0,0.0,45.99345754515716,20.01731351897273,72140,0,0,0,11,DAVIS
645,110064,1184.0,3185.1948850880453,2.690198382675714,482.0,285.0,5.0,192.0,627.0307801091365,245.0,40.0,5.0,0.0,103.0,6.0,19.0,64.0,0.0,0.0,93.98663063575594,51.04414947338047,46352,0,0,0,11,DAVIS
646,110065,1463.0,3665.0788721806057,2.5051803637598127,743.0,67.0,28.0,648.0,860.0468573116877,33.0,34.0,2.0,26.0,25.0,152.0,203.0,268.0,0.0,0.0,53.992319726923625,63.0545375847641,51332,462,0,0,11,DAVIS
647,110066,0.0,0.0,0.0,3903.0,31.0,716.0,3156.0,3903.0,0.0,31.0,716.0,0.0,2017.0,60.0,0.0,1079.0,0.0,0.0,0.0,0.0,49014,0,0,0,11,DAVIS
648,110067,717.0,1973.791837749127,2.752847751393482,0.0,0.0,0.0,0.0,78.0201512722857,0.0,0.0,0.0,0.0,0.0,0.0,0.0,0.0,0.0,0.0,46.99331531787797,31.026835954407733,70231,0,0,0,11,DAVIS
649,110068,495.0,1352.6554489977427,2.7326372707025106,24.0,19.0,0.0,5.0,162.0122480614431,19.0,0.0,0.0,0.0,1.0,0.0,0.0,4.0,3.010282776349614,0.0,113.9837860901721,21.01817919492137,88595,0,0,0,11,DAVIS
650,110069,404.0,1226.3701892365427,3.035569775337977,1.0,0.0,0.0,1.0,18.01471649112682,0.0,0.0,0.0,0.0,0.0,0.0,0.0,1.0,0.0,0.0,0.0,17.01471649112682,88595,0,0,0,11,DAVIS
651,110070,0.0,0.0,0.0,585.0,75.0,171.0,339.0,590.0171379605827,68.0,7.0,65.0,106.0,7.0,19.0,1.0,312.0,5.017137960582691,0.0,0.0,0.0,88595,0,0,0,11,DAVIS
652,110071,38.0,100.09276144035854,2.6340200379041723,662.0,24.0,307.0,331.0,664.0017313518973,24.0,0.0,191.0,116.0,26.0,21.0,252.0,32.0,0.0,0.0,0.0,2.001731351897273,82312,0,0,0,11,DAVIS
653,110072,560.0,1275.9488467724211,2.278480083522181,545.0,99.0,1.0,445.0,569.0207762227673,98.0,1.0,0.0,1.0,106.0,77.0,42.0,220.0,0.0,0.0,0.0,24.020776222767275,35289,0,0,0,11,DAVIS
654,110073,949.0,2514.479838800783,2.649609946049297,1212.0,149.0,34.0,1029.0,1401.0144430765738,106.0,43.0,1.0,33.0,310.0,25.0,198.0,496.0,0.0,0.0,147.97895036267957,41.035492713894094,57882,0,0,0,11,DAVIS
655,110074,1126.0,2897.077403558789,2.5728928983648216,152.0,0.0,0.0,152.0,200.04155244553453,0.0,0.0,0.0,0.0,0.0,105.0,2.0,45.0,0.0,0.0,0.0,48.04155244553455,52244,528,0,0,11,DAVIS
656,110075,497.0,1578.0980238306995,3.1752475328585508,10.0,2.0,6.0,2.0,56.021763151733026,2.0,0.0,4.0,2.0,0.0,0.0,0.0,2.0,2.006855184233076,0.0,22.99672877257858,21.01817919492137,87014,0,0,0,11,DAVIS
657,110076,1.0,4.677231843007409,4.677231843007409,2371.0,17.0,2230.0,124.0,2371.0,17.0,0.0,2172.0,58.0,37.0,84.0,0.0,3.0,0.0,0.0,0.0,0.0,53084,0,0,0,11,DAVIS
658,110077,645.0,1597.742397571331,2.477119996234621,186.0,23.0,31.0,132.0,282.01456747157675,13.0,10.0,30.0,1.0,22.0,5.0,2.0,103.0,0.0,0.0,67.99032854501493,28.02423892656182,35195,0,0,0,11,DAVIS
659,110078,421.0,1033.6682373046374,2.455268972220041,1109.0,38.0,190.0,881.0,1628.944184072921,8.0,30.0,187.0,3.0,48.0,141.0,9.0,683.0,0.0,0.0,501.92860190584554,18.015582167075458,53595,550,988,0,11,DAVIS
660,110079,1172.0,2907.3673136134053,2.4806888341411306,338.0,11.0,0.0,327.0,403.041150388244,11.0,0.0,0.0,0.0,6.0,127.0,152.0,42.0,0.0,0.0,14.997866590812118,50.04328379743183,53532,0,0,2016,11,DAVIS
661,110080,2265.0,5182.372882052209,2.288023347484419,1181.0,43.0,1.0,1137.0,1599.041885429793,8.0,35.0,0.0,1.0,328.0,89.0,529.0,191.0,1.003427592116538,0.0,319.95448727065855,97.08397056701774,60401,0,0,0,11,DAVIS
662,110081,760.0,1734.3175673871472,2.2819967991936148,2664.0,43.0,4.0,2617.0,2707.026137130285,43.0,0.0,3.0,1.0,1071.0,85.0,207.0,1254.0,0.0,0.0,10.998435499928886,32.02770163035637,59130,0,0,0,11,DAVIS
663,110082,313.0,870.9005691679795,2.782429933444024,7823.0,429.0,5651.0,1743.0,7926.005592970996,327.0,102.0,5375.0,276.0,64.0,314.0,419.0,946.0,2.006855184233076,0.0,87.98748399943109,13.011253787332274,53084,0,0,0,11,DAVIS
664,110083,1022.0,2443.3859147870703,2.3907885663278576,402.0,56.0,24.0,322.0,447.0415173338566,15.0,41.0,24.0,0.0,10.0,24.0,119.0,169.0,1.003427592116538,0.0,0.0,44.03808974174001,40944,0,0,0,11,DAVIS
665,110084,987.0,3014.008199633974,3.0537063826078765,533.0,34.0,57.0,442.0,710.027867165339,10.0,24.0,9.0,48.0,16.0,51.0,33.0,342.0,3.010282776349614,0.0,131.98122599914663,42.03635838984273,60917,711,0,0,11,DAVIS
666,110085,1269.0,4419.984091642002,3.483044989473602,276.0,76.0,4.0,196.0,521.0195810909007,48.0,28.0,4.0,0.0,8.0,69.0,82.0,37.0,0.0,0.0,190.9728345896743,54.04674650122637,87488,0,0,0,11,DAVIS
667,110086,745.0,1964.437374063112,2.6368286900175995,446.0,157.0,11.0,278.0,955.9847057266726,102.0,55.0,7.0,4.0,14.0,35.0,73.0,156.0,7.023993144815766,0.0,470.93301095150053,32.02770163035637,94203,0,0,0,11,DAVIS
668,110087,1800.0,4470.498195546482,2.483610108636934,2654.0,1590.0,53.0,1011.0,2897.082315333052,672.0,918.0,39.0,14.0,125.0,186.0,81.0,619.0,11.03770351328192,0.0,154.97795477172522,77.06665704804502,97584,0,0,0,11,DAVIS
669,110088,1219.0,2945.7206147260663,2.416505836526716,2301.0,27.0,752.0,1522.0,2789.990001467114,3.0,24.0,542.0,210.0,158.0,313.0,1.0,1050.0,2.006855184233076,0.0,434.93813113355145,52.045015149329096,67768,748,0,2240,11,DAVIS
670,110089,1068.0,3210.451937040285,3.006041139550829,104.0,0.0,6.0,98.0,341.01979532210305,0.0,0.0,1.0,5.0,13.0,22.0,47.0,16.0,2.006855184233076,0.0,188.9731190442327,46.03982109363728,91175,0,0,0,11,DAVIS
671,110090,398.0,1161.8243898030405,2.919156758299096,148.0,38.0,38.0,72.0,175.0489924122922,5.0,33.0,0.0,38.0,9.0,3.0,54.0,6.0,10.03427592116538,0.0,0.0,17.01471649112682,97584,0,0,0,11,DAVIS
672,110091,404.0,1411.588570219636,3.49403111440504,47.0,5.0,4.0,38.0,77.01643735589306,5.0,0.0,0.0,4.0,21.0,3.0,12.0,2.0,1.003427592116538,0.0,11.998293272649695,17.01471649112682,87014,0,0,0,11,DAVIS
673,110092,290.0,924.221012178264,3.186969007511255,9.0,0.0,0.0,9.0,27.030953664082865,0.0,0.0,0.0,0.0,0.0,0.0,0.0,9.0,6.020565552699228,0.0,0.0,12.010388111383635,91175,0,0,0,11,DAVIS
674,110093,750.0,2121.5923639881607,2.828789818650881,882.0,504.0,11.0,367.0,916.0345568145895,400.0,104.0,9.0,2.0,45.0,111.0,59.0,152.0,2.006855184233076,0.0,0.0,32.02770163035637,97584,0,1318,0,11,DAVIS
675,110094,1083.0,3427.4754945558293,3.164797317226066,685.0,63.0,22.0,600.0,731.0398210936373,46.0,17.0,4.0,18.0,71.0,154.0,102.0,273.0,0.0,0.0,0.0,46.03982109363728,80015,1800,0,0,11,DAVIS
676,110095,127.0,412.53184855325344,3.2482822720728617,51.0,0.0,50.0,1.0,72.0591698536078,0.0,0.0,0.0,50.0,0.0,0.0,0.0,1.0,16.05484147386461,0.0,0.0,5.004328379743183,77899,0,0,0,11,DAVIS
677,110096,523.0,1672.5781070594494,3.1980460938039186,249.0,0.0,0.0,249.0,303.1287278185992,0.0,0.0,0.0,0.0,7.0,221.0,6.0,15.0,32.10968294772922,0.0,0.0,22.019044870870005,77899,929,0,0,11,DAVIS
678,110097,448.0,1436.845622171876,3.207244692347938,335.0,2.0,18.0,315.0,363.04729617207295,0.0,2.0,4.0,14.0,15.0,58.0,201.0,41.0,9.030848329048842,0.0,0.0,19.016447843024093,77899,0,0,0,11,DAVIS
679,110098,936.0,2841.886067811301,3.036203063900963,204.0,39.0,3.0,162.0,332.0328204955638,30.0,9.0,1.0,2.0,21.0,1.0,49.0,91.0,3.010282776349614,0.0,84.98791068126867,40.03462703794546,97356,0,0,0,11,DAVIS
680,110099,1322.0,3775.46154367558,2.855871061781831,500.0,187.0,15.0,298.0,558.0553330373567,148.0,39.0,11.0,4.0,55.0,86.0,31.0,126.0,2.006855184233076,0.0,0.0,56.04847785312364,96228,0,0,0,11,DAVIS
681,110100,889.0,2712.794468944297,3.05151233852002,464.0,180.0,45.0,239.0,506.12432327816475,114.0,66.0,6.0,39.0,14.0,74.0,6.0,145.0,1.003427592116538,3.088,0.0,38.032895686048185,122221,922,0,0,11,DAVIS
682,110101,726.0,2327.390565080487,3.205772128210037,33.0,0.0,10.0,23.0,101.02871318386907,0.0,0.0,2.0,8.0,7.0,1.0,3.0,12.0,2.006855184233076,0.0,34.995022045228275,31.026835954407733,98876,0,0,0,11,DAVIS
683,110102,49.0,164.6385608738608,3.359970630078792,0.0,0.0,0.0,0.0,33.10798670750995,0.0,0.0,0.0,0.0,0.0,0.0,0.0,0.0,31.10625535561268,0.0,0.0,2.001731351897273,77899,0,0,0,11,DAVIS
684,110103,292.0,810.0965552088833,2.7743032712632987,9.0,2.0,2.0,5.0,112.0866909138704,0.0,2.0,0.0,2.0,0.0,3.0,2.0,0.0,25.085689802913453,0.0,65.99061299957332,12.010388111383635,77899,0,0,0,11,DAVIS
685,110104,434.0,1262.8525976120004,2.9097986120092174,452.0,378.0,1.0,73.0,476.0335858036068,378.0,0.0,0.0,1.0,8.0,39.0,3.0,23.0,5.017137960582691,0.0,0.0,19.016447843024093,84343,0,0,0,11,DAVIS
686,110105,423.0,1351.7200026291412,3.195555561771019,30.0,0.0,1.0,29.0,48.01558216707546,0.0,0.0,0.0,1.0,11.0,1.0,9.0,8.0,0.0,0.0,0.0,18.015582167075458,100411,0,0,0,11,DAVIS
687,110106,616.0,2000.9197824385692,3.248246400062613,13.0,0.0,1.0,12.0,55.02737157698894,0.0,0.0,0.0,1.0,1.0,2.0,0.0,9.0,2.006855184233076,0.0,13.99800881809131,26.022507574664548,122221,0,0,0,11,DAVIS
688,110107,431.0,1357.33268084075,3.1492637606513925,1.0,0.0,0.0,1.0,19.015582167075458,0.0,0.0,0.0,0.0,1.0,0.0,0.0,0.0,0.0,0.0,0.0,18.015582167075458,77899,0,0,0,11,DAVIS
689,110108,0.0,0.0,0.0,0.0,0.0,0.0,0.0,56.19194515852613,0.0,0.0,0.0,0.0,0.0,0.0,0.0,0.0,56.19194515852613,0.0,0.0,0.0,77899,0,0,0,11,DAVIS
690,110109,913.0,2530.3824270670084,2.771503205987961,2489.0,442.0,106.0,1941.0,2546.0954580200946,79.0,363.0,86.0,20.0,311.0,238.0,886.0,506.0,18.061696658097684,0.0,0.0,39.03376136199682,72651,787,0,0,11,DAVIS
691,110110,608.0,1600.5487366771354,2.63248147479792,1161.0,75.0,545.0,541.0,1387.0583188679493,75.0,0.0,349.0,196.0,110.0,81.0,192.0,158.0,18.061696658097684,0.0,181.97411463518705,26.022507574664548,72651,0,0,0,11,DAVIS
692,110111,601.0,1927.0195193190525,3.206355273409405,518.0,44.0,33.0,441.0,544.0225075746646,44.0,0.0,0.0,33.0,312.0,25.0,5.0,99.0,0.0,0.0,0.0,26.022507574664548,110982,0,0,0,11,DAVIS
693,110112,3665.0,9253.435478205858,2.524811863084818,1953.0,534.0,42.0,1377.0,2168.1276619417426,465.0,69.0,18.0,24.0,114.0,195.0,403.0,665.0,0.0,0.0,57.99175081780686,157.13591112393593,59691,0,0,0,11,DAVIS
694,110113,1934.0,4370.405434106123,2.259775302019712,1583.0,408.0,156.0,1019.0,1668.07870628797,356.0,52.0,8.0,148.0,449.0,79.0,56.0,435.0,2.006855184233076,0.0,0.0,83.07185110373683,43124,516,0,0,11,DAVIS
695,110114,182.0,573.4286239527083,3.150706725014881,161.0,5.0,81.0,75.0,185.06176688145368,4.0,1.0,67.0,14.0,1.0,20.0,0.0,54.0,16.05484147386461,0.0,0.0,8.006925407589092,100295,0,0,0,11,DAVIS
696,110115,475.0,1331.1401825199086,2.802400384252439,483.0,209.0,26.0,248.0,552.0210538404796,91.0,118.0,20.0,6.0,66.0,17.0,13.0,152.0,3.010282776349614,0.0,45.99345754515716,20.01731351897273,100295,0,0,0,11,DAVIS
697,110116,711.0,2153.397540520611,3.0286885239389747,233.0,10.0,1.0,222.0,265.0328254626922,9.0,1.0,1.0,0.0,39.0,6.0,170.0,7.0,2.006855184233076,0.0,0.0,30.02597027845909,103987,0,0,0,11,DAVIS
698,110117,1016.0,3201.0974733542707,3.15068648952192,207.0,2.0,16.0,189.0,333.0254192016184,1.0,1.0,0.0,16.0,20.0,71.0,5.0,93.0,0.0,0.0,82.98819513582706,43.03722406579137,92507,576,0,0,11,DAVIS
699,110118,507.0,1615.515878574759,3.186421851232266,1.0,1.0,0.0,0.0,182.00714019166566,0.0,1.0,0.0,0.0,0.0,0.0,0.0,0.0,3.010282776349614,0.0,155.97781254444604,22.019044870870005,92898,0,0,0,11,DAVIS
700,110119,1382.0,3136.5516739207683,2.269574293719804,1890.0,332.0,1.0,1557.0,2036.0387011076798,117.0,215.0,1.0,0.0,391.0,111.0,786.0,269.0,0.0,0.0,86.98762622671029,59.05107488096955,60401,0,1107,0,11,DAVIS
701,110120,866.0,2326.455118711885,2.6864377814225,1625.0,59.0,104.0,1462.0,1755.0259425119261,46.0,13.0,23.0,81.0,139.0,207.0,193.0,923.0,2.006855184233076,0.0,90.98705731759352,37.032030010099554,61800,0,0,1868,11,DAVIS
702,110121,1335.0,3483.602276671918,2.6094399076194144,2295.0,204.0,43.0,2048.0,2582.016631254858,166.0,38.0,2.0,41.0,203.0,127.0,593.0,1125.0,0.0,0.0,229.9672877257858,57.04934352907228,61138,366,0,0,11,DAVIS
703,110122,1465.0,3569.6633425832547,2.436630267974918,5238.0,729.0,3.0,4506.0,5530.021967537829,600.0,129.0,2.0,1.0,37.0,201.0,3828.0,440.0,0.0,0.0,228.967429953065,63.0545375847641,42449,0,0,0,11,DAVIS
704,110123,3139.0,7951.294133112595,2.533065986974385,4152.0,1964.0,2.0,2186.0,4314.1120182133,528.0,1436.0,1.0,1.0,438.0,154.0,682.0,912.0,0.0,0.0,27.99601763618262,134.1160005771173,51122,0,0,0,11,DAVIS
705,110124,1905.0,5177.695650209202,2.717950472550762,1247.0,389.0,85.0,773.0,2531.906017746484,298.0,91.0,10.0,75.0,236.0,9.0,101.0,427.0,2.006855184233076,0.0,1201.829042810411,81.07011975183956,71934,0,0,0,11,DAVIS
706,110125,127.0,320.85810443030823,2.526441767167781,100.0,21.0,26.0,53.0,111.02489393244241,16.0,5.0,3.0,23.0,1.0,3.0,6.0,43.0,6.020565552699228,0.0,0.0,5.004328379743183,76224,0,0,0,11,DAVIS
707,110126,1057.0,3128.132656603355,2.9594443298044983,6.0,0.0,0.0,6.0,109.04498551307842,0.0,0.0,0.0,0.0,3.0,1.0,1.0,1.0,4.013710368466152,0.0,53.992319726923625,45.03895541768864,98407,0,0,0,11,DAVIS
708,110127,1121.0,4026.1611704607776,3.591579991490435,82.0,18.0,0.0,64.0,130.04155244553453,17.0,1.0,0.0,0.0,7.0,5.0,39.0,13.0,0.0,0.0,0.0,48.04155244553455,87834,0,0,0,11,DAVIS
709,110128,142.0,520.1081809424238,3.6627336686086185,893.0,161.0,122.0,610.0,904.0223320162745,161.0,0.0,70.0,52.0,86.0,74.0,200.0,250.0,5.017137960582691,0.0,0.0,6.005194055691819,65047,0,0,0,11,DAVIS
710,110129,1176.0,2731.503396316327,2.3227069696567404,3265.0,974.0,26.0,2265.0,3323.0421459791983,453.0,521.0,12.0,14.0,699.0,70.0,1052.0,444.0,0.0,0.0,7.998862181766463,50.04328379743183,50717,0,0,0,11,DAVIS
711,110130,1196.0,3023.362663319989,2.5278952034448072,1849.0,750.0,0.0,1099.0,2060.0213931087096,137.0,613.0,0.0,0.0,241.0,24.0,568.0,266.0,0.0,0.0,159.97724363532927,51.04414947338047,51122,0,0,0,11,DAVIS
712,110131,194.0,558.4614820550846,2.878667433273632,335.0,63.0,0.0,272.0,345.0137805918222,51.0,12.0,0.0,0.0,49.0,47.0,170.0,6.0,2.006855184233076,0.0,0.0,8.006925407589092,76224,523,0,0,11,DAVIS
713,110132,922.0,2715.600808050101,2.9453371020066177,84.0,6.0,16.0,62.0,124.03718895411336,5.0,1.0,0.0,16.0,4.0,1.0,23.0,34.0,1.003427592116538,0.0,0.0,39.03376136199682,77278,0,0,0,11,DAVIS
714,110133,784.0,2266.58655112139,2.8910542743895284,206.0,1.0,20.0,185.0,253.04085540197923,1.0,0.0,6.0,14.0,13.0,59.0,4.0,109.0,4.013710368466152,0.0,9.99857772720808,33.02856730630501,92042,641,0,0,11,DAVIS
715,110134,453.0,1358.2681272093516,2.998384386775611,11.0,1.0,0.0,10.0,59.012323251927526,1.0,0.0,0.0,0.0,4.0,0.0,0.0,6.0,0.0,0.0,28.99587540890343,19.016447843024093,92898,0,0,0,11,DAVIS
716,110135,208.0,661.3605826012476,3.179618185582921,98.0,19.0,0.0,79.0,110.01807385988734,13.0,6.0,0.0,0.0,1.0,0.0,75.0,3.0,3.010282776349614,0.0,0.0,9.007791083537729,122221,0,0,0,11,DAVIS
717,110136,468.0,1564.0663283016777,3.342022069020678,533.0,383.0,2.0,148.0,621.0397704385492,373.0,10.0,2.0,0.0,2.0,36.0,58.0,52.0,9.030848329048842,0.0,58.99160859052767,20.01731351897273,86386,0,0,0,11,DAVIS
718,110137,27.0,107.5763323891704,3.984308607006312,294.0,1.0,20.0,273.0,299.0145760444148,1.0,0.0,15.0,5.0,59.0,88.0,0.0,126.0,4.013710368466152,0.0,0.0,1.0008656759486363,104511,936,0,0,11,DAVIS
719,110138,0.0,0.0,0.0,970.0,108.0,436.0,426.0,980.808,106.0,2.0,108.0,328.0,171.0,31.0,0.0,224.0,0.0,10.808,0.0,0.0,75567,0,0,0,11,DAVIS
720,110139,3925.0,9679.063575919532,2.466003458833002,3402.0,1748.0,23.0,1631.0,3896.099067466354,1050.0,698.0,11.0,12.0,321.0,48.0,143.0,1119.0,0.0,0.0,325.9536339069834,168.14543355937093,45532,0,0,0,11,DAVIS
721,110140,726.0,1942.9221075852777,2.6762012501174626,735.0,67.0,285.0,383.0,936.002657316945,58.0,9.0,5.0,280.0,19.0,128.0,4.0,232.0,0.0,0.0,169.97582136253735,31.026835954407733,59699,377,995,0,11,DAVIS
722,110141,651.0,1656.6755187932242,2.54481646512016,1868.0,131.0,126.0,1611.0,1910.025817564049,54.0,77.0,32.0,94.0,237.0,523.0,83.0,768.0,1.003427592116538,0.0,12.998151045370502,28.02423892656182,28499,0,0,2051,11,DAVIS
723,110142,1461.0,3830.652879423068,2.6219390002895744,375.0,80.0,9.0,286.0,519.0420092719218,52.0,28.0,1.0,8.0,16.0,23.0,46.0,201.0,0.0,0.0,81.98833736310625,62.05367190881547,49587,379,0,0,11,DAVIS
724,110143,1403.0,3704.367619661868,2.640319044662771,425.0,149.0,12.0,264.0,492.07593370173396,110.0,39.0,7.0,5.0,56.0,7.0,27.0,174.0,7.023993144815766,0.0,0.0,60.05194055691819,80392,0,0,0,11,DAVIS
725,110144,218.0,688.4885272906906,3.158204253627021,715.0,1.0,25.0,689.0,724.0077910835378,1.0,0.0,0.0,25.0,46.0,259.0,1.0,383.0,0.0,0.0,0.0,9.007791083537729,122221,0,1165,0,11,DAVIS
726,110145,224.0,825.0636971065069,3.6833200763683354,237.0,1.0,4.0,232.0,251.02236712795252,1.0,0.0,0.0,4.0,13.0,100.0,0.0,119.0,4.013710368466152,0.0,0.0,10.008656759486366,86386,1004,0,0,11,DAVIS
727,110146,514.0,1463.0381204927176,2.846377666328244,0.0,0.0,0.0,0.0,23.022472462986542,0.0,0.0,0.0,0.0,0.0,0.0,0.0,0.0,1.003427592116538,0.0,0.0,22.019044870870005,86386,0,0,0,11,DAVIS
728,110147,420.0,1294.6577741444507,3.08251850986774,646.0,9.0,96.0,541.0,751.0389065877431,4.0,5.0,39.0,57.0,205.0,100.0,12.0,224.0,10.03427592116538,0.0,76.9890484995022,18.015582167075458,104511,742,262,0,11,DAVIS
729,110148,319.0,999.992168034984,3.134771686630044,2045.0,230.0,1377.0,438.0,2064.029257423864,227.0,3.0,230.0,1147.0,97.0,141.0,9.0,191.0,5.017137960582691,0.0,0.0,14.01211946328091,75567,0,0,0,11,DAVIS
730,110149,1092.0,3021.491770582786,2.7669338558450423,248.0,152.0,1.0,95.0,545.0336885049537,136.0,16.0,0.0,1.0,48.0,4.0,9.0,34.0,8.027420736932305,0.0,241.9655809984355,47.04068676958592,106475,0,0,0,11,DAVIS
731,110150,303.0,932.6400294956774,3.078019899325668,11.0,0.0,3.0,8.0,38.0592400769638,0.0,0.0,0.0,3.0,2.0,0.0,0.0,6.0,14.047986289631533,0.0,0.0,13.011253787332274,77899,0,0,0,11,DAVIS
732,110151,268.0,836.2890535297247,3.1204815430213606,0.0,0.0,0.0,0.0,91.03741226645268,0.0,0.0,0.0,0.0,0.0,0.0,0.0,0.0,11.03770351328192,0.0,68.99018631773575,11.009522435435002,77899,0,0,0,11,DAVIS
733,110152,323.0,985.9604725059618,3.0525092028048357,596.0,5.0,81.0,510.0,624.0458264753296,1.0,4.0,2.0,79.0,6.0,89.0,0.0,415.0,10.03427592116538,0.0,3.9994310908832316,14.01211946328091,104511,0,0,0,11,DAVIS
734,110153,375.0,1154.3408188542285,3.078242183611276,415.0,13.0,123.0,279.0,437.0344163678774,4.0,9.0,4.0,119.0,78.0,43.0,20.0,138.0,6.020565552699228,0.0,0.0,16.013850815178184,104511,0,0,0,11,DAVIS
735,110154,431.0,1378.847947318584,3.19918317243291,0.0,0.0,0.0,0.0,19.019009759191995,0.0,0.0,0.0,0.0,0.0,0.0,0.0,0.0,1.003427592116538,0.0,0.0,18.015582167075458,104511,0,0,0,11,DAVIS
736,110155,310.0,949.478064130504,3.062832464937109,18.0,0.0,2.0,16.0,35.02496415579843,0.0,0.0,0.0,2.0,6.0,0.0,0.0,10.0,4.013710368466152,0.0,0.0,13.011253787332274,76322,0,0,0,11,DAVIS
737,110156,1140.0,3044.877929797823,2.670945552454231,389.0,60.0,38.0,291.0,474.040867758828,9.0,51.0,37.0,1.0,49.0,31.0,6.0,205.0,1.003427592116538,0.0,34.995022045228275,49.04241812148319,57395,533,0,0,11,DAVIS
738,110157,434.0,1138.4382305880033,2.623129563566828,1233.0,452.0,14.0,767.0,2338.8618467905426,408.0,44.0,2.0,12.0,77.0,32.0,26.0,632.0,0.0,0.0,1086.845398947518,19.016447843024093,28499,0,0,0,11,DAVIS
739,110158,1702.0,4600.525240782087,2.7030113048073368,558.0,90.0,28.0,440.0,673.06079061792,66.0,24.0,3.0,25.0,20.0,9.0,124.0,287.0,1.003427592116538,0.0,40.99416868155313,73.06319434425046,86529,0,0,0,11,DAVIS
740,110159,108.0,340.50247817093936,3.152800723804994,0.0,0.0,0.0,0.0,76.12274374116683,0.0,0.0,0.0,0.0,0.0,0.0,0.0,0.0,36.12339331619537,0.0,34.995022045228275,5.004328379743183,86770,0,0,0,11,DAVIS
741,110160,177.0,603.3629077479558,3.408829987276586,0.0,0.0,0.0,0.0,8.006925407589092,0.0,0.0,0.0,0.0,0.0,0.0,0.0,0.0,0.0,0.0,0.0,8.006925407589092,136398,0,0,0,11,DAVIS
742,110161,347.0,936.3818149700832,2.6985066713835253,990.0,1.0,23.0,966.0,1005.0129851392295,1.0,0.0,1.0,22.0,4.0,113.0,790.0,59.0,0.0,0.0,0.0,15.012985139229547,71381,0,0,0,11,DAVIS
743,110162,728.0,2378.8401153535683,3.2676375210900663,255.0,30.0,26.0,199.0,302.5901214615942,30.0,0.0,0.0,26.0,26.0,108.0,4.0,61.0,6.020565552699228,1.5439999999999998,8.998719954487271,31.026835954407733,110061,905,1077,0,11,DAVIS
744,110163,1095.0,3274.997736473788,2.99086551276145,206.0,17.0,6.0,183.0,308.04357372741754,4.0,13.0,0.0,6.0,11.0,61.0,5.0,106.0,3.010282776349614,0.0,51.99260418148201,47.04068676958592,102528,697,0,0,11,DAVIS
745,110164,251.0,748.3570948811854,2.9815023700445638,3.0,2.0,0.0,1.0,23.015382028713734,2.0,0.0,0.0,0.0,0.0,0.0,0.0,1.0,2.006855184233076,0.0,6.999004409045655,11.009522435435002,95028,0,0,0,11,DAVIS
746,110165,151.0,479.8839870925602,3.178039649619604,0.0,0.0,0.0,0.0,211.9830348749697,0.0,0.0,0.0,0.0,0.0,0.0,0.0,0.0,2.006855184233076,0.0,203.9709856350448,6.005194055691819,104511,0,0,0,11,DAVIS
747,110166,852.0,2362.937527087343,2.7734008533889,1870.0,625.0,87.0,1158.0,2310.973562286078,585.0,40.0,51.0,36.0,186.0,220.0,140.0,612.0,0.0,0.0,404.9423979519272,36.03116433415092,42073,688,993,0,11,DAVIS
748,110167,476.0,1375.106161844178,2.8888784912692818,5.0,0.0,0.0,5.0,76.01719956652539,0.0,0.0,0.0,0.0,0.0,4.0,0.0,1.0,2.006855184233076,0.0,48.99303086331959,20.01731351897273,80137,0,0,0,11,DAVIS
749,110168,170.0,589.3312122189335,3.466654189523138,88.0,0.0,7.0,81.0,102.03005287645621,0.0,0.0,7.0,0.0,21.0,10.0,4.0,46.0,7.023993144815766,0.0,0.0,7.006059731640455,117985,0,0,0,11,DAVIS
750,110169,449.0,1567.8081137760837,3.491777536249629,467.0,301.0,2.0,164.0,626.9999636160538,223.0,78.0,0.0,2.0,26.0,15.0,12.0,111.0,1.003427592116538,0.0,139.9800881809131,19.016447843024093,142343,0,0,0,11,DAVIS
751,110170,210.0,560.3323747922876,2.668249403772798,3823.0,232.0,573.0,3018.0,3893.0026850389027,231.0,1.0,241.0,332.0,1932.0,381.0,93.0,612.0,1.003427592116538,0.0,59.99146636324847,9.007791083537729,126801,0,0,0,11,DAVIS
752,110171,133.0,362.01774464877343,2.721937929690026,1595.0,278.0,248.0,1069.0,2127.940949737745,66.0,212.0,202.0,46.0,78.0,57.0,647.0,287.0,3.010282776349614,0.0,523.9254729057034,6.005194055691819,42073,0,0,0,11,DAVIS
753,110172,1.0,1.870892737202964,1.870892737202964,0.0,0.0,0.0,0.0,17.058269065981147,0.0,0.0,0.0,0.0,0.0,0.0,0.0,0.0,17.058269065981147,0.0,0.0,0.0,117985,0,0,0,11,DAVIS
754,110173,456.0,1612.7095394689543,3.536643726905602,113.0,8.0,2.0,103.0,139.04044098783984,8.0,0.0,0.0,2.0,13.0,48.0,0.0,42.0,7.023993144815766,0.0,0.0,19.016447843024093,117985,0,0,0,11,DAVIS
755,110174,461.0,1579.0334701993013,3.4252352932739725,22.0,17.0,0.0,5.0,65.03903102732143,9.0,8.0,0.0,0.0,2.0,1.0,2.0,0.0,7.023993144815766,0.0,15.997724363532926,20.01731351897273,142343,0,0,0,11,DAVIS
756,110175,402.0,1420.9430339056507,3.5346841639444047,846.0,51.0,140.0,655.0,865.02157167536,51.0,0.0,23.0,117.0,91.0,106.0,36.0,422.0,2.006855184233076,0.0,0.0,17.01471649112682,126801,0,0,0,11,DAVIS
757,110176,750.0,2173.977360629844,2.8986364808397918,520.0,159.0,14.0,347.0,604.0203058118383,44.0,115.0,7.0,7.0,92.0,5.0,83.0,167.0,0.0,0.0,51.99260418148201,32.02770163035637,65523,0,0,0,11,DAVIS
758,110177,946.0,2581.83197734009,2.729209278372188,831.0,128.0,13.0,690.0,965.0212576737015,74.0,54.0,3.0,10.0,53.0,223.0,92.0,322.0,0.0,0.0,93.98663063575594,40.03462703794546,64608,1332,0,0,11,DAVIS
759,110178,300.0,999.992168034984,3.33330722678328,8.0,0.0,3.0,5.0,33.05238489273073,0.0,0.0,0.0,3.0,3.0,1.0,0.0,1.0,12.041131105398456,0.0,0.0,13.011253787332274,118349,0,0,0,11,DAVIS
760,110179,608.0,1954.1474640084955,3.2140583289613414,606.0,8.0,137.0,461.0,682.0475245852665,7.0,1.0,1.0,136.0,36.0,168.0,8.0,249.0,9.030848329048842,0.0,40.99416868155313,26.022507574664548,96452,601,1057,0,11,DAVIS
761,110180,390.0,1143.1154624310109,2.931065288284642,2311.0,4.0,408.0,1899.0,2328.014716491127,4.0,0.0,3.0,405.0,157.0,1024.0,12.0,706.0,0.0,0.0,0.0,17.01471649112682,85057,5,29,2765,11,DAVIS
762,110181,397.0,1356.3972344721485,3.416617719073422,1095.0,8.0,117.0,970.0,1126.0305744061968,3.0,5.0,2.0,115.0,178.0,322.0,9.0,461.0,5.017137960582691,0.0,8.998719954487271,17.01471649112682,141418,1239,946,0,11,DAVIS
763,110182,401.0,1371.3643763697723,3.419861287705168,4.0,1.0,2.0,1.0,38.01943826617202,1.0,0.0,0.0,2.0,0.0,1.0,0.0,0.0,2.006855184233076,0.0,14.997866590812118,17.01471649112682,126801,0,0,0,11,DAVIS
764,110183,1176.0,3684.723245921237,3.133268066259556,226.0,5.0,42.0,179.0,327.04673966438025,4.0,1.0,0.0,42.0,43.0,66.0,12.0,58.0,3.010282776349614,0.0,47.99317309059878,50.04328379743183,105493,604,0,0,11,DAVIS
765,110184,469.0,1489.230618813559,3.175331809837013,311.0,6.0,38.0,267.0,369.0190485211549,6.0,0.0,0.0,38.0,22.0,91.0,10.0,144.0,2.006855184233076,0.0,35.994879817949084,20.01731351897273,126765,890,0,0,11,DAVIS
766,110185,194.0,552.8488038434757,2.849736102285957,44.0,0.0,30.0,14.0,62.041201328754475,0.0,0.0,0.0,30.0,3.0,0.0,3.0,8.0,10.03427592116538,0.0,0.0,8.006925407589092,101962,0,0,0,11,DAVIS
767,110186,258.0,768.936914990418,2.980375639497744,74.0,17.0,5.0,52.0,97.01852516627189,17.0,0.0,0.0,5.0,1.0,3.0,2.0,46.0,3.010282776349614,0.0,8.998719954487271,11.009522435435002,97322,0,0,0,11,DAVIS
768,110187,538.0,1510.745885291393,2.808077853701474,4.0,0.0,0.0,4.0,74.01322586469661,0.0,0.0,0.0,0.0,0.0,0.0,0.0,4.0,0.0,0.0,46.99331531787797,23.01991054681864,113253,0,0,0,11,DAVIS
769,110188,593.0,1577.1625774620982,2.6596333515381083,260.0,7.0,0.0,253.0,285.0216418987159,5.0,2.0,0.0,0.0,1.0,1.0,2.0,249.0,0.0,0.0,0.0,25.021641898715917,70939,0,0,0,11,DAVIS
770,110189,702.0,2176.783699735648,3.100831481104912,85.0,1.0,0.0,84.0,115.02597027845908,1.0,0.0,0.0,0.0,17.0,16.0,3.0,48.0,0.0,0.0,0.0,30.02597027845909,101843,0,0,0,11,DAVIS
771,110190,584.0,1824.1204187728893,3.123493867761797,1237.0,49.0,1.0,1187.0,1296.0168061712234,39.0,10.0,0.0,1.0,648.0,31.0,130.0,378.0,0.0,0.0,33.995164272507466,25.021641898715917,96104,0,0,0,11,DAVIS
772,110191,350.0,1054.24805741387,3.012137306896771,0.0,0.0,0.0,0.0,56.007153820782676,0.0,0.0,0.0,0.0,0.0,0.0,0.0,0.0,0.0,0.0,40.99416868155313,15.012985139229547,130258,0,0,0,11,DAVIS
773,110192,534.0,1565.001774670279,2.930714933839474,16.0,10.0,0.0,6.0,138.00583004617863,10.0,0.0,0.0,0.0,2.0,0.0,3.0,1.0,0.0,0.0,98.98591949935998,23.01991054681864,124352,0,0,0,11,DAVIS
774,110193,309.0,908.3184239120388,2.9395418249580545,774.0,242.0,0.0,532.0,788.0146813794488,174.0,68.0,0.0,0.0,168.0,14.0,61.0,289.0,1.003427592116538,0.0,0.0,13.011253787332274,132619,0,0,0,11,DAVIS
775,110194,3592.0,9765.12464183087,2.7185759025141616,698.0,525.0,22.0,151.0,3858.7474665970803,153.0,372.0,22.0,0.0,25.0,8.0,78.0,40.0,12.041131105398456,0.0,2995.5738870715404,153.13244842014137,101962,0,0,0,11,DAVIS
776,110195,932.0,2626.7334030329607,2.8183834796490994,152.0,31.0,7.0,114.0,199.0336314469911,31.0,0.0,1.0,6.0,19.0,24.0,49.0,22.0,0.0,0.0,6.999004409045655,40.03462703794546,101962,0,0,0,11,DAVIS
777,110196,118.0,356.4050664371646,3.0203819189590217,1232.0,265.0,4.0,963.0,1266.0251925244165,186.0,79.0,1.0,3.0,294.0,129.0,110.0,430.0,7.023993144815766,0.0,21.996870999857773,5.004328379743183,124658,675,0,0,11,DAVIS
778,110197,898.0,2610.830814766736,2.9073839808092825,26.0,0.0,11.0,15.0,68.04660605451434,0.0,0.0,10.0,1.0,4.0,0.0,5.0,6.0,4.013710368466152,0.0,0.0,38.032895686048185,101962,0,0,0,11,DAVIS
779,110198,402.0,1272.207061298015,3.1646941823333714,8.0,0.0,1.0,7.0,37.013009763776516,0.0,0.0,0.0,1.0,2.0,0.0,0.0,5.0,0.0,0.0,11.998293272649695,17.01471649112682,123921,0,0,0,11,DAVIS
780,110199,1173.0,3231.96720351812,2.755300258753725,4375.0,1464.0,8.0,2903.0,8151.513202727883,647.0,817.0,8.0,0.0,347.0,850.0,1089.0,617.0,0.0,0.0,3726.469918930451,50.04328379743183,101962,0,0,0,11,DAVIS
781,110200,73.0,217.9590038841453,2.9857397792348666,2205.0,2.0,2.0,2201.0,2209.0060246199623,0.0,2.0,1.0,1.0,26.0,85.0,9.0,2081.0,1.003427592116538,0.0,0.0,3.0025970278459093,124658,0,0,0,11,DAVIS
782,110201,455.0,1392.8796428476064,3.06127394032441,35.0,0.0,2.0,33.0,74.01360329744026,0.0,0.0,2.0,0.0,10.0,6.0,3.0,14.0,0.0,0.0,19.99715545441616,19.016447843024093,77668,0,0,0,11,DAVIS
783,110202,114.0,348.9214954883527,3.0607148727048483,0.0,0.0,0.0,0.0,216.99559511292884,0.0,0.0,0.0,0.0,0.0,0.0,0.0,0.0,6.020565552699228,0.0,205.97070118048643,5.004328379743183,101962,0,0,0,11,DAVIS
784,110203,350.0,1007.4757389837958,2.8785021113822737,47.0,4.0,2.0,41.0,74.054116244628,4.0,0.0,2.0,0.0,5.0,26.0,5.0,5.0,12.041131105398456,0.0,0.0,15.012985139229547,101962,525,0,0,11,DAVIS
785,110204,652.0,1909.246038315624,2.92829146980924,2.0,0.0,0.0,2.0,249.01807988818885,0.0,0.0,0.0,0.0,0.0,2.0,0.0,0.0,7.023993144815766,0.0,211.96984781681127,28.02423892656182,101962,835,0,0,11,DAVIS
786,110205,380.0,1103.8267149497483,2.904807144604601,4217.0,49.0,149.0,4019.0,4249.036563914482,30.0,19.0,15.0,134.0,558.0,1541.0,128.0,1792.0,7.023993144815766,0.0,8.998719954487271,16.013850815178184,101962,321,139,1879,11,DAVIS
787,110206,367.0,1067.3443065742906,2.908295113281446,2831.0,24.0,95.0,2712.0,2913.0044638147515,11.0,13.0,70.0,25.0,244.0,2026.0,77.0,365.0,0.0,0.0,65.99061299957332,16.013850815178184,90151,524,1242,0,11,DAVIS
788,110207,256.0,764.2596831474107,2.985389387294573,272.0,1.0,61.0,210.0,298.0073890262471,1.0,0.0,0.0,61.0,2.0,60.0,106.0,42.0,0.0,0.0,14.997866590812118,11.009522435435002,101682,0,0,0,11,DAVIS
789,110208,528.0,1505.133207079784,2.8506310740147427,0.0,0.0,0.0,0.0,52.015785955722066,0.0,0.0,0.0,0.0,0.0,0.0,0.0,0.0,0.0,0.0,28.99587540890343,23.01991054681864,92158,0,0,0,11,DAVIS
790,110209,468.0,1442.4583003834848,3.0821758555202665,0.0,0.0,0.0,0.0,156.99782838172342,0.0,0.0,0.0,0.0,0.0,0.0,0.0,0.0,0.0,0.0,136.98051486275068,20.01731351897273,101784,0,0,0,11,DAVIS
791,110210,1.0,1.870892737202964,1.870892737202964,84.0,6.0,6.0,72.0,94.03427592116537,3.0,3.0,0.0,6.0,4.0,2.0,2.0,64.0,10.03427592116538,0.0,0.0,0.0,80062,0,0,0,11,DAVIS
792,110211,66.0,171.18668545407115,2.5937376583950176,138.0,77.0,38.0,23.0,144.01287980419553,15.0,62.0,5.0,33.0,6.0,10.0,5.0,2.0,3.010282776349614,0.0,0.0,3.0025970278459093,80062,0,0,0,11,DAVIS
793,110212,676.0,2073.884599189485,3.0678766260199484,1.0,0.0,0.0,1.0,82.02484842278393,0.0,0.0,0.0,0.0,0.0,0.0,1.0,0.0,2.006855184233076,0.0,49.9928886360404,29.02510460251046,110490,0,0,0,11,DAVIS
794,110213,21.0,89.80285138574226,4.276326256463917,1177.0,436.0,75.0,666.0,1209.1071210315613,406.0,30.0,23.0,52.0,130.0,111.0,304.0,121.0,31.10625535561268,0.0,0.0,1.0008656759486363,80062,0,0,0,11,DAVIS
795,110214,375.0,1109.4393931613574,2.9585050484302866,226.0,0.0,12.0,214.0,245.0241335915278,0.0,0.0,0.0,12.0,62.0,69.0,4.0,79.0,3.010282776349614,0.0,0.0,16.013850815178184,123864,504,0,0,11,DAVIS
796,110215,305.0,926.091904915467,3.036366901362187,14.0,4.0,0.0,10.0,37.02054097272754,0.0,4.0,0.0,0.0,2.0,0.0,0.0,8.0,3.010282776349614,0.0,6.999004409045655,13.011253787332274,110490,0,0,0,11,DAVIS
797,110216,441.0,1267.5298294550078,2.8742173003514915,21.0,6.0,0.0,15.0,40.016447843024096,6.0,0.0,0.0,0.0,0.0,0.0,4.0,11.0,0.0,0.0,0.0,19.016447843024093,107834,0,0,0,11,DAVIS
798,110217,393.0,1138.4382305880033,2.8967893908091686,207.0,0.0,15.0,192.0,224.01471649112682,0.0,0.0,0.0,15.0,28.0,63.0,2.0,99.0,0.0,0.0,0.0,17.01471649112682,107112,669,0,0,11,DAVIS
799,110218,500.0,1554.7118646156628,3.1094237292313256,45.0,5.0,0.0,40.0,106.01249010375369,5.0,0.0,0.0,0.0,12.0,0.0,12.0,16.0,0.0,0.0,39.99431090883232,21.01817919492137,90058,0,0,0,11,DAVIS
800,110219,0.0,0.0,0.0,84.0,76.0,0.0,8.0,91.02399314481576,75.0,1.0,0.0,0.0,0.0,6.0,1.0,1.0,7.023993144815766,0.0,0.0,0.0,80062,0,0,0,11,DAVIS
801,110220,23.0,42.09508658706668,1.830221155959421,682.0,94.0,344.0,244.0,683.0008656759486,93.0,1.0,208.0,136.0,73.0,24.0,0.0,147.0,0.0,0.0,0.0,1.0008656759486363,80062,0,0,0,11,DAVIS
802,110221,248.0,579.0413021643172,2.334843960339989,867.0,273.0,0.0,594.0,878.009522435435,27.0,246.0,0.0,0.0,351.0,17.0,19.0,207.0,0.0,0.0,0.0,11.009522435435002,77766,0,0,0,11,DAVIS
803,110222,629.0,1554.7118646156628,2.4717199755415944,360.0,207.0,2.0,151.0,387.0233732506132,92.0,115.0,0.0,2.0,53.0,6.0,6.0,86.0,0.0,0.0,0.0,27.023373250613187,77766,0,0,0,11,DAVIS
804,110223,250.0,648.2643334408269,2.593057333763308,0.0,0.0,0.0,0.0,20.008242389922273,0.0,0.0,0.0,0.0,0.0,0.0,0.0,0.0,0.0,0.0,8.998719954487271,11.009522435435002,77766,0,0,0,11,DAVIS
805,110224,739.0,2281.553693019014,3.0873527645724144,0.0,0.0,0.0,0.0,67.02629349498037,0.0,0.0,0.0,0.0,0.0,0.0,0.0,0.0,1.003427592116538,0.0,33.995164272507466,32.02770163035637,102651,0,0,0,11,DAVIS
806,110225,554.0,1480.8116014961456,2.6729451290544146,1441.0,35.0,316.0,1090.0,1535.0143901326198,26.0,9.0,244.0,72.0,734.0,93.0,16.0,247.0,1.003427592116538,0.0,68.99018631773575,24.020776222767275,80062,0,0,0,11,DAVIS
807,110226,200.0,521.0436273110254,2.605218136555127,1848.0,1083.0,7.0,758.0,1857.0077910835378,807.0,276.0,6.0,1.0,192.0,94.0,16.0,456.0,0.0,0.0,0.0,9.007791083537729,55206,0,0,0,11,DAVIS
808,110227,676.0,1645.4501623700064,2.434097873328412,1069.0,555.0,14.0,500.0,1178.013726420175,417.0,138.0,0.0,14.0,94.0,71.0,65.0,270.0,0.0,0.0,79.98862181766464,29.02510460251046,55206,0,0,0,11,DAVIS
809,110228,338.0,886.8031574342048,2.6236779805745702,434.0,86.0,73.0,275.0,469.00913269041786,80.0,6.0,6.0,67.0,36.0,86.0,54.0,99.0,0.0,0.0,20.997013227136964,14.01211946328091,55206,385,0,0,11,DAVIS
810,110229,308.0,740.8735239323736,2.4054335192609533,191.0,73.0,36.0,82.0,204.01125378733227,73.0,0.0,4.0,32.0,25.0,10.0,6.0,41.0,0.0,0.0,0.0,13.011253787332274,70467,0,0,0,11,DAVIS
811,110230,445.0,1079.50510936611,2.425854178350809,0.0,0.0,0.0,0.0,24.015736706628132,0.0,0.0,0.0,0.0,0.0,0.0,0.0,0.0,0.0,0.0,4.99928886360404,19.016447843024093,70467,0,0,0,11,DAVIS
812,110231,297.0,723.1000429289454,2.4346802792220386,619.0,2.0,173.0,444.0,640.0101159690987,2.0,0.0,1.0,172.0,57.0,168.0,1.0,218.0,0.0,0.0,7.998862181766463,13.011253787332274,70467,409,1011,0,11,DAVIS
813,110232,22.0,57.06222848469039,2.5937376583950176,6.0,0.0,2.0,4.0,11.01457604441479,0.0,0.0,0.0,2.0,1.0,0.0,0.0,3.0,4.013710368466152,0.0,0.0,1.0008656759486363,80062,0,0,0,11,DAVIS
814,110233,239.0,655.7479043896387,2.743715081128196,0.0,0.0,0.0,0.0,53.013250444668294,0.0,0.0,0.0,0.0,0.0,0.0,0.0,0.0,3.010282776349614,0.0,39.99431090883232,10.008656759486366,80062,0,0,0,11,DAVIS
815,110234,448.0,1356.3972344721485,3.0276723983753318,7.0,0.0,7.0,0.0,54.01246547920671,0.0,0.0,5.0,2.0,0.0,0.0,0.0,0.0,0.0,0.0,27.99601763618262,19.016447843024093,80062,0,0,0,11,DAVIS
816,110235,36.0,129.09159886700448,3.58587774630568,4.0,0.0,4.0,0.0,7.005158944013811,0.0,0.0,0.0,4.0,0.0,0.0,0.0,0.0,1.003427592116538,0.0,0.0,2.001731351897273,86612,0,0,0,11,DAVIS
817,110236,170.0,463.0459524577335,2.723799720339609,165.0,1.0,1.0,163.0,188.06090120550505,0.0,1.0,1.0,0.0,3.0,10.0,0.0,150.0,16.05484147386461,0.0,0.0,7.006059731640455,86612,0,0,0,11,DAVIS
818,110237,386.0,1058.9252892568777,2.7433297649141903,43.0,0.0,3.0,40.0,59.01385081517819,0.0,0.0,0.0,3.0,0.0,0.0,0.0,40.0,0.0,0.0,0.0,16.013850815178184,98096,0,0,0,11,DAVIS
819,110238,525.0,1502.3268679739797,2.861574986617104,601.0,8.0,30.0,563.0,624.0224724629866,8.0,0.0,0.0,30.0,193.0,125.0,1.0,244.0,1.003427592116538,0.0,0.0,22.019044870870005,98096,663,0,0,11,DAVIS
820,110239,40.0,111.31811786357632,2.7829529465894085,153.0,2.0,3.0,148.0,168.04629004941225,2.0,0.0,0.0,3.0,1.0,13.0,2.0,132.0,13.044558697514995,0.0,0.0,2.001731351897273,86612,0,0,0,11,DAVIS
821,110240,63.0,201.1209692493186,3.1923963372907718,392.0,139.0,47.0,206.0,403.0300177647782,137.0,2.0,6.0,41.0,19.0,15.0,0.0,172.0,8.027420736932305,0.0,0.0,3.0025970278459093,86612,0,0,0,11,DAVIS
822,110241,86.0,262.8604295770164,3.0565166229885623,168.0,0.0,160.0,8.0,176.63546270379456,0.0,0.0,160.0,0.0,0.0,0.0,0.0,8.0,0.0,4.632,0.0,4.003462703794546,86612,0,0,0,11,DAVIS
823,110242,103.0,285.31114242345194,2.770011091489825,307.0,88.0,3.0,216.0,313.0103178880276,87.0,1.0,1.0,2.0,57.0,0.0,7.0,152.0,2.006855184233076,0.0,0.0,4.003462703794546,86612,0,0,0,11,DAVIS
824,110243,0.0,0.0,0.0,1366.0,1016.0,29.0,321.0,1366.0,622.0,394.0,29.0,0.0,67.0,15.0,12.0,227.0,0.0,0.0,0.0,0.0,65803,0,0,0,11,DAVIS
825,110244,867.0,2246.0067310121576,2.590549862759121,846.0,226.0,71.0,549.0,883.0320300100996,116.0,110.0,60.0,11.0,33.0,71.0,102.0,343.0,0.0,0.0,0.0,37.032030010099554,65836,432,0,0,11,DAVIS
826,110245,800.0,1949.470232165488,2.43683779020686,2532.0,38.0,35.0,2459.0,2566.0294329822536,12.0,26.0,33.0,2.0,312.0,352.0,339.0,1456.0,0.0,0.0,0.0,34.02943298225364,64732,0,641,1455,11,DAVIS
827,110246,605.0,1539.744722718039,2.5450325995339487,640.0,123.0,49.0,468.0,667.0259351667811,32.0,91.0,3.0,46.0,115.0,67.0,27.0,259.0,1.003427592116538,0.0,0.0,26.022507574664548,56288,420,0,0,11,DAVIS
828,110247,721.0,2101.9479902475296,2.915323148748308,0.0,0.0,0.0,0.0,33.03369113864081,0.0,0.0,0.0,0.0,0.0,0.0,0.0,0.0,2.006855184233076,0.0,0.0,31.026835954407733,86966,0,0,0,11,DAVIS
829,110248,402.0,1243.2082238713692,3.092557770824301,0.0,0.0,0.0,0.0,17.01471649112682,0.0,0.0,0.0,0.0,0.0,0.0,0.0,0.0,0.0,0.0,0.0,17.01471649112682,98520,0,0,0,11,DAVIS
830,110249,787.0,1883.9889863633844,2.393886894997947,1116.0,382.0,44.0,690.0,1163.0275840276242,176.0,206.0,32.0,12.0,182.0,39.0,171.0,298.0,0.0,0.0,12.998151045370502,34.02943298225364,54513,0,0,0,11,DAVIS
831,110250,541.0,1318.043933359488,2.436310412864118,1312.0,169.0,138.0,1005.0,1416.3620968645546,79.0,90.0,53.0,85.0,266.0,105.0,97.0,537.0,0.0,12.352,68.99018631773575,23.01991054681864,56066,0,0,0,11,DAVIS
832,110251,778.0,1864.3446126227527,2.396329836276033,900.0,73.0,40.0,787.0,953.0257227607212,51.0,22.0,35.0,5.0,155.0,72.0,385.0,175.0,0.0,0.0,19.99715545441616,33.02856730630501,56292,0,0,0,11,DAVIS
833,110252,379.0,1109.4393931613574,2.927280720742368,1971.0,46.0,3.0,1922.0,2017.0095839968023,16.0,30.0,1.0,2.0,38.0,30.0,1796.0,58.0,0.0,0.0,29.995733181624235,16.013850815178184,55977,0,0,0,11,DAVIS
834,110253,361.0,1043.9581473592536,2.891850823709844,139.0,1.0,7.0,131.0,158.0124162301128,1.0,0.0,0.0,7.0,5.0,55.0,2.0,69.0,0.0,0.0,3.9994310908832316,15.012985139229547,98019,503,0,0,11,DAVIS
835,110254,589.0,1874.6345226773692,3.1827411250889126,148.0,0.0,11.0,137.0,182.0203618532032,0.0,0.0,0.0,11.0,29.0,58.0,9.0,41.0,0.0,0.0,8.998719954487271,25.021641898715917,109178,476,0,0,11,DAVIS
836,110255,321.0,804.4838769972744,2.5061803021721945,1050.0,326.0,92.0,632.0,1074.010697190489,148.0,178.0,5.0,87.0,149.0,89.0,20.0,374.0,0.0,0.0,9.99857772720808,14.01211946328091,64364,0,0,0,11,DAVIS
837,110256,440.0,1103.8267149497483,2.508697079431246,1216.0,293.0,5.0,918.0,1235.016447843024,117.0,176.0,2.0,3.0,118.0,55.0,53.0,692.0,0.0,0.0,0.0,19.016447843024093,52737,0,0,0,11,DAVIS
838,110257,599.0,1476.1343696531385,2.4643311680352893,2589.0,50.0,96.0,2443.0,2615.0225075746644,10.0,40.0,8.0,88.0,383.0,274.0,50.0,1736.0,0.0,0.0,0.0,26.022507574664548,49784,0,690,0,11,DAVIS
839,110258,319.0,980.3477942943528,3.073190577725244,782.0,10.0,17.0,755.0,796.0121194632809,10.0,0.0,4.0,13.0,32.0,214.0,28.0,481.0,0.0,0.0,0.0,14.01211946328091,116123,0,0,1440,11,DAVIS
840,110259,489.0,1313.3667015164804,2.685821475493825,246.0,10.0,9.0,227.0,280.01633024029184,9.0,1.0,1.0,8.0,9.0,62.0,22.0,134.0,0.0,0.0,12.998151045370502,21.01817919492137,67763,526,0,0,11,DAVIS
841,110260,398.0,1231.04742107955,3.093083972561684,41.0,0.0,0.0,41.0,58.01471649112682,0.0,0.0,0.0,0.0,0.0,41.0,0.0,0.0,0.0,0.0,0.0,17.01471649112682,96735,482,0,0,11,DAVIS
842,110261,539.0,1622.0640031549694,3.0093951821056946,0.0,0.0,0.0,0.0,35.01820381946833,0.0,0.0,0.0,0.0,0.0,0.0,0.0,0.0,0.0,0.0,11.998293272649695,23.01991054681864,126876,0,0,0,11,DAVIS
843,110262,203.0,660.4251362326461,3.253325794249488,0.0,0.0,0.0,0.0,9.007791083537729,0.0,0.0,0.0,0.0,0.0,0.0,0.0,0.0,0.0,0.0,0.0,9.007791083537729,130534,0,0,0,11,DAVIS
844,110263,594.0,1608.0323076259472,2.707125097013379,680.0,290.0,2.0,388.0,717.0199351713655,226.0,64.0,2.0,0.0,27.0,59.0,70.0,232.0,0.0,0.0,11.998293272649695,25.021641898715917,70250,0,1060,0,11,DAVIS
845,110264,113.0,259.11864410261046,2.2930853460408005,799.0,118.0,44.0,637.0,804.0043283797431,118.0,0.0,8.0,36.0,228.0,13.0,236.0,160.0,0.0,0.0,0.0,5.004328379743183,70250,0,0,0,11,DAVIS
846,110265,436.0,1136.5673378508004,2.6068058207587166,272.0,119.0,32.0,121.0,292.01987543514065,119.0,0.0,1.0,31.0,31.0,4.0,13.0,73.0,1.003427592116538,0.0,0.0,19.016447843024093,61472,0,0,0,11,DAVIS
847,110266,543.0,1544.4219545610465,2.8442393270000856,544.0,177.0,24.0,343.0,582.0177771376308,152.0,25.0,2.0,22.0,75.0,4.0,0.0,264.0,0.0,0.0,14.997866590812118,23.01991054681864,75541,0,0,0,11,DAVIS
848,110267,946.0,2685.6665242548543,2.838970955871939,68.0,0.0,0.0,68.0,108.03462703794546,0.0,0.0,0.0,0.0,1.0,1.0,5.0,61.0,0.0,0.0,0.0,40.03462703794546,98234,0,0,0,11,DAVIS
849,110268,176.0,499.5283608331912,2.8382293229158595,85.0,1.0,0.0,84.0,115.00379640744687,0.0,1.0,0.0,0.0,4.0,60.0,1.0,19.0,0.0,0.0,21.996870999857773,8.006925407589092,114098,0,1130,0,11,DAVIS
850,110269,357.0,1003.73395350939,2.811579701706975,192.0,3.0,29.0,160.0,207.01298513922956,2.0,1.0,0.0,29.0,44.0,66.0,0.0,50.0,0.0,0.0,0.0,15.012985139229547,82709,493,0,0,11,DAVIS
851,110270,208.0,560.3323747922876,2.6939056480398444,1.0,0.0,1.0,0.0,10.007791083537729,0.0,0.0,0.0,1.0,0.0,0.0,0.0,0.0,0.0,0.0,0.0,9.007791083537729,78307,0,0,0,11,DAVIS
852,110271,522.0,1496.7141897623708,2.8672685627631624,296.0,2.0,38.0,256.0,337.01634255256533,1.0,1.0,0.0,38.0,15.0,66.0,0.0,175.0,0.0,0.0,18.99729768169535,22.019044870870005,90295,723,0,0,11,DAVIS
853,110272,477.0,1485.488833339153,3.1142323550087063,0.0,0.0,0.0,0.0,313.97549869889025,0.0,0.0,0.0,0.0,0.0,0.0,0.0,0.0,0.0,0.0,293.9581851799175,20.01731351897273,130534,0,0,0,11,DAVIS
854,110273,318.0,811.0320015774847,2.5504150993002663,92.0,0.0,9.0,83.0,115.01083941776818,0.0,0.0,0.0,9.0,51.0,1.0,1.0,30.0,0.0,0.0,8.998719954487271,14.01211946328091,57827,0,0,0,11,DAVIS
855,110274,506.0,1333.0110752571115,2.6344092396385603,4889.0,1155.0,52.0,3682.0,4922.017480370799,829.0,326.0,51.0,1.0,865.0,72.0,66.0,2679.0,0.0,0.0,10.998435499928886,22.019044870870005,70250,0,0,0,11,DAVIS
856,110275,454.0,1405.0404456394256,3.094802743699175,170.0,6.0,33.0,131.0,213.01303438832346,0.0,6.0,1.0,32.0,2.0,7.0,24.0,98.0,0.0,0.0,23.99658654529939,19.016447843024093,80298,0,0,0,11,DAVIS
857,110276,696.0,2225.426910902925,3.1974524581938577,0.0,0.0,0.0,0.0,30.02597027845909,0.0,0.0,0.0,0.0,0.0,0.0,0.0,0.0,0.0,0.0,0.0,30.02597027845909,109542,0,0,0,11,DAVIS
858,110277,525.0,1550.9700791412567,2.9542287221738226,1.0,0.0,0.0,1.0,23.019044870870005,0.0,0.0,0.0,0.0,0.0,0.0,0.0,1.0,0.0,0.0,0.0,22.019044870870005,153361,0,0,0,11,DAVIS
859,110278,0.0,0.0,0.0,0.0,0.0,0.0,0.0,6.020565552699228,0.0,0.0,0.0,0.0,0.0,0.0,0.0,0.0,6.020565552699228,0.0,0.0,0.0,86612,0,0,0,11,DAVIS
860,110279,112.0,323.6644435361127,2.889861103001006,163.0,44.0,17.0,102.0,172.01803874820934,44.0,0.0,0.0,17.0,36.0,16.0,1.0,49.0,4.013710368466152,0.0,0.0,5.004328379743183,86612,0,0,0,11,DAVIS
861,110280,1.0,1.0,1.0,441.0,64.0,151.0,226.0,445.01371036846615,60.0,4.0,3.0,148.0,30.0,35.0,0.0,161.0,4.013710368466152,0.0,0.0,0.0,86612,0,0,0,11,DAVIS
862,110281,461.0,1316.1730406222848,2.8550391336709,572.0,139.0,180.0,253.0,609.0755825849538,120.0,19.0,7.0,173.0,22.0,24.0,0.0,207.0,17.058269065981147,0.0,0.0,20.01731351897273,91485,0,0,0,11,DAVIS
863,110282,262.0,756.7761121985988,2.888458443506102,164.0,2.0,147.0,15.0,209.0082565273382,2.0,0.0,70.0,77.0,2.0,6.0,1.0,6.0,1.003427592116538,0.0,32.99530649978666,11.009522435435002,75093,0,0,0,11,DAVIS
864,110283,459.0,1388.202411004599,3.0244061241930265,884.0,68.0,75.0,741.0,904.0173135189727,32.0,36.0,3.0,72.0,541.0,116.0,14.0,70.0,0.0,0.0,0.0,20.01731351897273,54577,561,0,0,11,DAVIS
865,110284,193.0,457.4332742461246,2.370120591948832,2021.0,259.0,170.0,1592.0,2029.006925407589,156.0,103.0,42.0,128.0,692.0,78.0,239.0,583.0,0.0,0.0,0.0,8.006925407589092,44001,0,0,0,11,DAVIS
866,110285,454.0,1251.6272411887826,2.756888196451063,437.0,1.0,225.0,211.0,456.0164478430241,1.0,0.0,29.0,196.0,7.0,41.0,2.0,161.0,0.0,0.0,0.0,19.016447843024093,86612,582,0,0,11,DAVIS
867,110286,3.0,4.677231843007409,1.5590772810024696,635.0,52.0,314.0,269.0,635.0,51.0,1.0,193.0,121.0,58.0,32.0,79.0,100.0,0.0,0.0,0.0,0.0,91485,0,0,0,11,DAVIS
868,110287,819.0,2407.838952780214,2.939974301318943,506.0,88.0,81.0,337.0,606.0281935238462,88.0,0.0,15.0,66.0,9.0,135.0,1.0,192.0,2.006855184233076,0.0,62.991039681410896,35.03029865820228,91485,0,0,0,11,DAVIS
869,110288,11.0,24.32160558363853,2.211055053058048,221.0,1.0,201.0,19.0,221.0,1.0,0.0,160.0,41.0,1.0,3.0,1.0,14.0,0.0,0.0,0.0,0.0,75093,0,0,0,11,DAVIS
870,110289,320.0,961.6388669223232,3.00512145913226,250.0,23.0,123.0,104.0,270.01126609960573,2.0,21.0,30.0,93.0,16.0,7.0,1.0,80.0,0.0,0.0,5.999146636324848,14.01211946328091,75093,0,0,0,11,DAVIS
871,110290,331.0,1039.2809155162463,3.1398214970279343,292.0,149.0,59.0,84.0,316.010697190489,1.0,148.0,3.0,56.0,18.0,53.0,3.0,10.0,0.0,0.0,9.99857772720808,14.01211946328091,66963,0,0,0,11,DAVIS
872,110291,394.0,1040.2163618848476,2.6401430504691565,1238.0,774.0,25.0,439.0,1302.0080318090047,547.0,227.0,4.0,21.0,107.0,108.0,21.0,203.0,0.0,0.0,46.99331531787797,17.01471649112682,44001,0,0,1512,11,DAVIS
873,110292,315.0,758.6470049358018,2.4084031902723866,54.0,13.0,9.0,32.0,67.01125378733228,13.0,0.0,0.0,9.0,8.0,0.0,5.0,19.0,0.0,0.0,0.0,13.011253787332274,64364,0,0,0,11,DAVIS
874,110293,1096.0,3043.9424834292217,2.77731978415075,119.0,54.0,15.0,50.0,166.04068676958593,2.0,52.0,4.0,11.0,13.0,1.0,8.0,28.0,0.0,0.0,0.0,47.04068676958592,85933,0,0,0,11,DAVIS
875,110294,0.0,0.0,0.0,0.0,0.0,0.0,0.0,0.0,0.0,0.0,0.0,0.0,0.0,0.0,0.0,0.0,0.0,0.0,0.0,0.0,86612,0,0,0,11,DAVIS
876,110295,1445.0,3964.42171013308,2.743544436078256,3185.0,250.0,428.0,2507.0,3284.0484094994854,179.0,71.0,138.0,290.0,1527.0,348.0,125.0,507.0,0.0,0.0,36.99473759066989,62.05367190881547,69182,1258,0,0,11,DAVIS
877,110296,0.0,0.0,0.0,1685.0,192.0,1124.0,369.0,1688.088,189.0,3.0,524.0,600.0,159.0,37.0,28.0,145.0,0.0,3.088,0.0,0.0,69182,0,0,0,11,DAVIS
878,110297,0.0,0.0,0.0,1125.0,1.0,915.0,209.0,1125.0,0.0,1.0,157.0,758.0,28.0,75.0,0.0,106.0,0.0,0.0,0.0,0.0,69182,0,0,0,11,DAVIS
879,110298,138.0,347.9860491197512,2.5216380370996463,930.0,14.0,642.0,274.0,998.7686216478083,6.0,8.0,355.0,287.0,30.0,35.0,9.0,200.0,1.003427592116538,61.76,0.0,6.005194055691819,69182,0,0,0,11,DAVIS
880,110299,587.0,1574.356238356294,2.6820378847637034,695.0,203.0,32.0,460.0,720.0216418987159,75.0,128.0,31.0,1.0,145.0,4.0,13.0,298.0,0.0,0.0,0.0,25.021641898715917,69182,0,0,0,11,DAVIS
881,110300,0.0,0.0,0.0,1938.0,59.0,1073.0,806.0,1938.0,37.0,22.0,581.0,492.0,67.0,44.0,6.0,689.0,0.0,0.0,0.0,0.0,69182,0,0,0,11,DAVIS
882,110301,0.0,0.0,0.0,1227.0,4.0,1071.0,152.0,1227.0,0.0,4.0,705.0,366.0,18.0,92.0,0.0,42.0,0.0,0.0,0.0,0.0,69182,0,0,0,11,DAVIS
883,110302,691.0,1918.6005020016391,2.776556442838841,134.0,59.0,11.0,64.0,243.0147343234029,52.0,7.0,5.0,6.0,13.0,2.0,2.0,47.0,0.0,0.0,78.98876404494382,30.02597027845909,58205,0,0,0,11,DAVIS
884,110303,693.0,1815.701401455476,2.6200597423599943,93.0,34.0,0.0,59.0,191.01629882347402,33.0,1.0,0.0,0.0,52.0,0.0,2.0,5.0,0.0,0.0,67.99032854501493,30.02597027845909,46701,727,0,0,11,DAVIS
885,110304,229.0,588.395765850332,2.5694138246739398,151.0,23.0,15.0,113.0,169.00751894125284,22.0,1.0,5.0,10.0,23.0,62.0,4.0,24.0,0.0,0.0,7.998862181766463,10.008656759486366,46701,470,0,0,11,DAVIS
886,110305,407.0,1057.0543965196744,2.597185249434089,0.0,0.0,0.0,0.0,17.01471649112682,0.0,0.0,0.0,0.0,0.0,0.0,0.0,0.0,0.0,0.0,0.0,17.01471649112682,106785,0,0,0,11,DAVIS
887,110306,334.0,985.9604725059618,2.9519774625927,7.0,1.0,0.0,6.0,28.011123872326564,1.0,0.0,0.0,0.0,1.0,0.0,1.0,4.0,0.0,0.0,6.999004409045655,14.01211946328091,152415,0,0,0,11,DAVIS
888,110307,0.0,0.0,0.0,305.0,1.0,176.0,128.0,305.0,1.0,0.0,111.0,65.0,50.0,36.0,0.0,42.0,0.0,0.0,0.0,0.0,69182,812,305,0,11,DAVIS
889,110308,282.0,759.5824513044032,2.6935547918595857,208.0,78.0,106.0,24.0,220.01038811138363,75.0,3.0,44.0,62.0,10.0,1.0,0.0,13.0,0.0,0.0,0.0,12.010388111383635,69182,0,0,0,11,DAVIS
890,110309,0.0,0.0,0.0,716.0,22.0,545.0,149.0,716.0,22.0,0.0,445.0,100.0,4.0,63.0,0.0,82.0,0.0,0.0,0.0,0.0,69182,0,0,0,11,DAVIS
891,110310,737.0,2007.46790701878,2.723837051585861,259.0,80.0,17.0,162.0,290.0268359544077,70.0,10.0,3.0,14.0,10.0,23.0,2.0,127.0,0.0,0.0,0.0,31.026835954407733,59059,0,0,0,11,DAVIS
892,110311,737.0,2111.3024539335443,2.8647251749437506,65.0,0.0,0.0,65.0,124.02285359059034,0.0,0.0,0.0,0.0,18.0,3.0,6.0,38.0,0.0,0.0,27.99601763618262,31.026835954407733,128611,0,0,0,11,DAVIS
893,110312,0.0,0.0,0.0,606.0,5.0,424.0,177.0,606.0,5.0,0.0,399.0,25.0,53.0,5.0,30.0,89.0,0.0,0.0,0.0,0.0,69182,0,0,0,11,DAVIS
894,110313,708.0,1934.5030902678643,2.7323489975534807,24.0,19.0,0.0,5.0,98.8019702784591,19.0,0.0,0.0,0.0,1.0,0.0,2.0,2.0,0.0,44.776,0.0,30.02597027845909,98984,0,0,0,11,DAVIS
895,110314,322.0,901.7702993318284,2.8005288799125108,98.0,43.0,0.0,55.0,112.01211946328091,43.0,0.0,0.0,0.0,2.0,3.0,3.0,47.0,0.0,0.0,0.0,14.01211946328091,153599,0,0,0,11,DAVIS
896,110315,459.0,1332.07562888851,2.9021255531340087,57.0,0.0,0.0,57.0,77.01731351897273,0.0,0.0,0.0,0.0,2.0,0.0,6.0,49.0,0.0,0.0,0.0,20.01731351897273,153518,0,0,0,11,DAVIS
897,110316,0.0,0.0,0.0,4.0,0.0,2.0,2.0,4.0,0.0,0.0,0.0,2.0,1.0,0.0,0.0,1.0,0.0,0.0,0.0,0.0,65562,0,0,0,11,DAVIS
898,110317,0.0,0.0,0.0,0.0,0.0,0.0,0.0,8.027420736932305,0.0,0.0,0.0,0.0,0.0,0.0,0.0,0.0,8.027420736932305,0.0,0.0,0.0,91175,0,0,0,11,DAVIS
899,110318,0.0,0.0,0.0,0.0,0.0,0.0,0.0,29.099400171379603,0.0,0.0,0.0,0.0,0.0,0.0,0.0,0.0,29.099400171379603,0.0,0.0,0.0,77899,0,0,0,11,DAVIS
900,110319,0.0,0.0,0.0,0.0,0.0,0.0,0.0,0.0,0.0,0.0,0.0,0.0,0.0,0.0,0.0,0.0,0.0,0.0,0.0,0.0,77899,0,0,0,11,DAVIS
901,110320,0.0,0.0,0.0,0.0,0.0,0.0,0.0,0.0,0.0,0.0,0.0,0.0,0.0,0.0,0.0,0.0,0.0,0.0,0.0,0.0,101962,0,0,0,11,DAVIS
902,110321,0.0,0.0,0.0,0.0,0.0,0.0,0.0,0.0,0.0,0.0,0.0,0.0,0.0,0.0,0.0,0.0,0.0,0.0,0.0,0.0,86612,0,0,0,11,DAVIS
903,110322,0.0,0.0,0.0,0.0,0.0,0.0,0.0,0.0,0.0,0.0,0.0,0.0,0.0,0.0,0.0,0.0,0.0,0.0,0.0,0.0,92898,0,0,0,11,DAVIS
904,110323,0.0,0.0,0.0,0.0,0.0,0.0,0.0,0.0,0.0,0.0,0.0,0.0,0.0,0.0,0.0,0.0,0.0,0.0,0.0,0.0,91692,0,0,0,11,DAVIS
905,110324,0.0,0.0,0.0,0.0,0.0,0.0,0.0,0.0,0.0,0.0,0.0,0.0,0.0,0.0,0.0,0.0,0.0,0.0,0.0,0.0,130534,0,0,0,11,DAVIS
906,350001,0.0,0.0,0.0,0.0,0.0,0.0,0.0,0.0,0.0,0.0,0.0,0.0,0.0,0.0,0.0,0.0,0.0,0.0,0.0,0.0,45129,0,0,0,35,SALT LAKE
907,350002,0.0,0.0,0.0,641.0,4.0,247.0,390.0,641.0,3.0,1.0,48.0,199.0,4.0,312.0,0.0,74.0,0.0,0.0,0.0,0.0,45129,0,0,0,35,SALT LAKE
908,350003,0.0,0.0,0.0,9433.0,360.0,2058.0,7015.0,9433.0,1.0,359.0,1959.0,99.0,89.0,5880.0,1.0,1045.0,0.0,0.0,0.0,0.0,45129,0,0,0,35,SALT LAKE
909,350004,0.0,0.0,0.0,159.0,1.0,112.0,46.0,159.0,1.0,0.0,60.0,52.0,0.0,38.0,0.0,8.0,0.0,0.0,0.0,0.0,45129,0,0,0,35,SALT LAKE
910,350005,0.0,0.0,0.0,0.0,0.0,0.0,0.0,0.0,0.0,0.0,0.0,0.0,0.0,0.0,0.0,0.0,0.0,0.0,0.0,0.0,79063,0,0,0,35,SALT LAKE
911,350006,0.0,0.0,0.0,703.0,3.0,268.0,432.0,703.0,3.0,0.0,37.0,231.0,2.0,345.0,0.0,85.0,0.0,0.0,0.0,0.0,79063,0,0,0,35,SALT LAKE
912,350007,0.0,0.0,0.0,0.0,0.0,0.0,0.0,0.0,0.0,0.0,0.0,0.0,0.0,0.0,0.0,0.0,0.0,0.0,0.0,0.0,79063,0,0,0,35,SALT LAKE
913,350008,0.0,0.0,0.0,0.0,0.0,0.0,0.0,0.0,0.0,0.0,0.0,0.0,0.0,0.0,0.0,0.0,0.0,0.0,0.0,0.0,79063,0,0,0,35,SALT LAKE
914,350009,0.0,0.0,0.0,14531.0,127.0,4153.0,10251.0,14531.0,8.0,119.0,2271.0,1882.0,278.0,6121.0,1.0,3851.0,0.0,0.0,0.0,0.0,79063,0,0,0,35,SALT LAKE
915,350010,0.0,0.0,0.0,0.0,0.0,0.0,0.0,0.0,0.0,0.0,0.0,0.0,0.0,0.0,0.0,0.0,0.0,0.0,0.0,0.0,79063,0,0,0,35,SALT LAKE
916,350011,0.0,0.0,0.0,0.0,0.0,0.0,0.0,0.0,0.0,0.0,0.0,0.0,0.0,0.0,0.0,0.0,0.0,0.0,0.0,0.0,79063,0,0,0,35,SALT LAKE
917,350012,0.0,0.0,0.0,0.0,0.0,0.0,0.0,0.0,0.0,0.0,0.0,0.0,0.0,0.0,0.0,0.0,0.0,0.0,0.0,0.0,79063,0,0,0,35,SALT LAKE
918,350013,0.0,0.0,0.0,0.0,0.0,0.0,0.0,0.0,0.0,0.0,0.0,0.0,0.0,0.0,0.0,0.0,0.0,0.0,0.0,0.0,79063,0,0,0,35,SALT LAKE
919,350014,0.0,0.0,0.0,0.0,0.0,0.0,0.0,0.0,0.0,0.0,0.0,0.0,0.0,0.0,0.0,0.0,0.0,0.0,0.0,0.0,79063,0,0,0,35,SALT LAKE
920,350015,0.0,0.0,0.0,0.0,0.0,0.0,0.0,0.0,0.0,0.0,0.0,0.0,0.0,0.0,0.0,0.0,0.0,0.0,0.0,0.0,79063,0,0,0,35,SALT LAKE
921,350016,0.0,0.0,0.0,88.0,0.0,0.0,88.0,105.19101123595506,0.0,0.0,0.0,0.0,2.0,4.0,0.0,82.0,17.191011235955056,0.0,0.0,0.0,79063,0,0,0,35,SALT LAKE
922,350017,0.0,0.0,0.0,108.0,1.0,28.0,79.0,108.0,1.0,0.0,0.0,28.0,12.0,16.0,0.0,51.0,0.0,0.0,0.0,0.0,79063,0,0,0,35,SALT LAKE
923,350018,0.0,0.0,0.0,20698.0,1582.0,2442.0,16674.0,20702.044943820223,1567.0,15.0,25.0,2417.0,1911.0,9299.0,9.0,5455.0,4.044943820224719,0.0,0.0,0.0,79063,0,0,0,35,SALT LAKE
924,350019,0.0,0.0,0.0,6.0,0.0,5.0,1.0,1848.489594974734,0.0,0.0,0.0,5.0,0.0,0.0,0.0,1.0,0.0,1842.489594974734,0.0,0.0,76192,0,0,0,35,SALT LAKE
925,350020,0.0,0.0,0.0,0.0,0.0,0.0,0.0,455.482406440583,0.0,0.0,0.0,0.0,0.0,0.0,0.0,0.0,0.0,455.482406440583,0.0,0.0,76192,0,0,0,35,SALT LAKE
926,350021,392.0,1175.5874295413057,2.9989475243400654,1520.0,673.0,232.0,615.0,1557.0027593264115,672.0,1.0,12.0,220.0,8.0,46.0,0.0,561.0,0.0,0.0,9.999875327265928,27.00288399914548,76192,0,0,0,35,SALT LAKE
927,350022,0.0,0.0,0.0,81.0,37.0,31.0,13.0,81.0,37.0,0.0,0.0,31.0,2.0,5.0,0.0,6.0,0.0,0.0,0.0,0.0,76192,0,0,0,35,SALT LAKE
928,350023,0.0,0.0,0.0,79.0,0.0,18.0,61.0,79.0,0.0,0.0,0.0,18.0,0.0,8.0,0.0,53.0,0.0,0.0,0.0,0.0,76192,0,0,0,35,SALT LAKE
929,350024,0.0,0.0,0.0,0.0,0.0,0.0,0.0,54.60674157303371,0.0,0.0,0.0,0.0,0.0,0.0,0.0,0.0,54.60674157303371,0.0,0.0,0.0,76192,0,0,0,35,SALT LAKE
930,350025,0.0,0.0,0.0,880.0,16.0,261.0,603.0,1097.9972821343972,15.0,1.0,1.0,260.0,3.0,99.0,0.0,501.0,0.0,0.0,217.9972821343972,0.0,76192,0,0,0,35,SALT LAKE
931,350026,112.0,323.1694527424307,2.885441542343131,595.0,22.0,165.0,408.0,681.4048252748047,8.0,14.0,30.0,135.0,2.0,56.0,2.0,348.0,36.40449438202247,0.0,41.999476374516895,8.000854518265328,102017,0,0,0,35,SALT LAKE
932,350027,36.0,99.29264345129754,2.758128984758265,249.0,36.0,81.0,132.0,303.5733541522147,34.0,2.0,3.0,78.0,1.0,20.0,8.0,103.0,51.57303370786517,0.0,0.0,3.000320444349498,102017,0,0,0,35,SALT LAKE
933,350028,252.0,752.1886102961502,2.984875437683136,79.0,12.0,19.0,48.0,127.33900131778239,4.0,8.0,6.0,13.0,0.0,1.0,2.0,45.0,30.337078651685395,0.0,0.0,18.001922666096988,102017,0,0,0,35,SALT LAKE
934,350029,157.0,487.0959867422144,3.102522208549136,0.0,0.0,0.0,0.0,13.023646872727186,0.0,0.0,0.0,0.0,0.0,0.0,0.0,0.0,2.02247191011236,0.0,0.0,11.001174962614826,102017,0,0,0,35,SALT LAKE
935,350030,0.0,0.0,0.0,0.0,0.0,0.0,0.0,0.0,0.0,0.0,0.0,0.0,0.0,0.0,0.0,0.0,0.0,0.0,0.0,0.0,102017,0,0,0,35,SALT LAKE
936,350031,76.0,231.37059370255184,3.0443499171388395,0.0,0.0,0.0,0.0,5.00053407391583,0.0,0.0,0.0,0.0,0.0,0.0,0.0,0.0,0.0,0.0,0.0,5.00053407391583,104129,0,0,0,35,SALT LAKE
937,350032,0.0,0.0,0.0,0.0,0.0,0.0,0.0,0.0,0.0,0.0,0.0,0.0,0.0,0.0,0.0,0.0,0.0,0.0,0.0,0.0,105293,0,0,0,35,SALT LAKE
938,350033,53.0,154.55930348551033,2.916213273311516,0.0,0.0,0.0,0.0,4.000427259132664,0.0,0.0,0.0,0.0,0.0,0.0,0.0,0.0,0.0,0.0,0.0,4.000427259132664,103174,0,0,0,35,SALT LAKE
939,350034,49.0,115.21693532556225,2.3513660270522903,544.0,5.0,399.0,140.0,571.2699833656978,5.0,0.0,1.0,398.0,1.0,20.0,0.0,119.0,24.269662921348317,0.0,0.0,3.000320444349498,64798,0,0,0,35,SALT LAKE
940,350035,0.0,0.0,0.0,14.0,0.0,0.0,14.0,14.0,0.0,0.0,0.0,0.0,0.0,12.0,0.0,2.0,0.0,0.0,0.0,0.0,56502,0,0,0,35,SALT LAKE
941,350036,237.0,686.6179966962368,2.897122348929269,98.0,0.0,0.0,98.0,116.01305180637,0.0,0.0,0.0,0.0,0.0,91.0,1.0,6.0,1.0112359550561798,0.0,0.0,17.001815851313822,64725,0,723,0,35,SALT LAKE
942,350037,0.0,0.0,0.0,1020.0,647.0,45.0,328.0,1020.0,0.0,647.0,45.0,0.0,162.0,137.0,26.0,3.0,0.0,0.0,0.0,0.0,45129,0,0,0,35,SALT LAKE
943,350038,1.0,1.0,1.0,1891.0,199.0,648.0,1044.0,1971.8988764044943,5.0,194.0,448.0,200.0,325.0,453.0,90.0,176.0,80.89887640449439,0.0,0.0,0.0,45129,0,0,0,35,SALT LAKE
944,350039,0.0,0.0,0.0,662.0,48.0,132.0,482.0,662.0,48.0,0.0,16.0,116.0,39.0,195.0,0.0,248.0,0.0,0.0,0.0,0.0,64798,0,0,0,35,SALT LAKE
945,350040,0.0,0.0,0.0,174.0,0.0,164.0,10.0,174.0,0.0,0.0,133.0,31.0,2.0,4.0,0.0,4.0,0.0,0.0,0.0,0.0,64798,0,0,0,35,SALT LAKE
946,350041,0.0,0.0,0.0,319.0,34.0,241.0,44.0,328.48921679985756,33.0,1.0,48.0,193.0,7.0,15.0,0.0,22.0,0.0,9.48921679985758,0.0,0.0,116535,0,0,0,35,SALT LAKE
947,350042,0.0,0.0,0.0,1914.0,1.0,712.0,1201.0,1914.0,0.0,1.0,0.0,712.0,6.0,44.0,0.0,1151.0,0.0,0.0,0.0,0.0,56502,0,0,0,35,SALT LAKE
948,350043,6.0,9.367230514273352,1.5612050857122253,601.0,68.0,79.0,454.0,602.0112359550562,68.0,0.0,4.0,75.0,0.0,100.0,0.0,354.0,1.0112359550561798,0.0,0.0,0.0,64798,0,0,0,35,SALT LAKE
949,350044,43.0,82.4316285256055,1.9170146168745463,592.0,61.0,351.0,180.0,595.0003204443495,29.0,32.0,0.0,351.0,66.0,23.0,0.0,91.0,0.0,0.0,0.0,3.000320444349498,52447,0,0,0,35,SALT LAKE
950,350045,0.0,0.0,0.0,1607.0,0.0,1195.0,412.0,1834.1658962638803,0.0,0.0,374.0,821.0,0.0,364.0,0.0,48.0,15.168539325842698,0.0,211.99735693803765,0.0,56502,0,0,0,35,SALT LAKE
951,350046,1361.0,4751.059316839444,3.4908591600583723,13.0,3.0,0.0,10.0,108.01014740440075,3.0,0.0,0.0,0.0,0.0,8.0,0.0,2.0,0.0,0.0,0.0,95.01014740440075,64689,487,0,0,35,SALT LAKE
952,350047,156.0,466.488079610813,2.9903082026334165,86.0,11.0,15.0,60.0,97.00117496261483,4.0,7.0,0.0,15.0,0.0,11.0,0.0,49.0,0.0,0.0,0.0,11.001174962614826,30068,0,0,0,35,SALT LAKE
953,350048,0.0,0.0,0.0,0.0,0.0,0.0,0.0,0.0,0.0,0.0,0.0,0.0,0.0,0.0,0.0,0.0,0.0,0.0,0.0,0.0,64798,285,0,0,35,SALT LAKE
954,350049,0.0,0.0,0.0,0.0,0.0,0.0,0.0,0.0,0.0,0.0,0.0,0.0,0.0,0.0,0.0,0.0,0.0,0.0,0.0,0.0,45129,0,0,0,35,SALT LAKE
955,350050,31.0,57.14010613706745,1.8432292302279825,2204.0,333.0,366.0,1505.0,2545.9959747566077,9.0,324.0,225.0,141.0,578.0,505.0,169.0,253.0,0.0,0.0,339.99576112704153,2.000213629566332,45129,0,0,0,35,SALT LAKE
956,350051,0.0,0.0,0.0,1878.0,87.0,578.0,1213.0,2105.604584734734,17.0,70.0,116.0,462.0,451.0,359.0,132.0,271.0,54.60674157303371,0.0,172.99784316170053,0.0,45129,0,0,0,35,SALT LAKE
957,350052,0.0,0.0,0.0,490.0,108.0,197.0,185.0,668.0315260923222,0.0,108.0,159.0,38.0,48.0,92.0,28.0,17.0,3.033707865168539,0.0,174.99781822715372,0.0,45129,0,0,0,35,SALT LAKE
958,350053,0.0,0.0,0.0,2514.0,0.0,2260.0,254.0,2535.2359550561796,0.0,0.0,0.0,2260.0,0.0,246.0,0.0,8.0,21.235955056179776,0.0,0.0,0.0,56502,0,0,0,35,SALT LAKE
959,350054,0.0,0.0,0.0,1302.0,15.0,792.0,495.0,1302.0,0.0,15.0,472.0,320.0,161.0,281.0,20.0,33.0,0.0,0.0,0.0,0.0,56502,0,0,0,35,SALT LAKE
960,350055,647.0,2283.730799379843,3.5297230284077945,1116.0,433.0,176.0,507.0,1161.0048066652425,407.0,26.0,2.0,174.0,3.0,214.0,0.0,290.0,0.0,0.0,0.0,45.00480666524247,53594,702,91,0,35,SALT LAKE
961,350056,714.0,1988.663038180233,2.785242350392483,56.0,2.0,0.0,54.0,106.0053407391583,0.0,2.0,0.0,0.0,1.0,45.0,5.0,3.0,0.0,0.0,0.0,50.0053407391583,61390,337,232,160,35,SALT LAKE
962,350057,480.0,1258.0190580669112,2.6208730376393983,63.0,2.0,1.0,60.0,96.00352488784448,0.0,2.0,0.0,1.0,0.0,0.0,16.0,44.0,0.0,0.0,0.0,33.00352488784448,64537,0,0,0,35,SALT LAKE
963,350058,0.0,0.0,0.0,2347.0,140.0,1356.0,851.0,2347.0,110.0,30.0,543.0,813.0,401.0,403.0,2.0,45.0,0.0,0.0,0.0,0.0,52447,0,0,0,35,SALT LAKE
964,350059,588.0,1381.6665008553196,2.3497729606382984,0.0,0.0,0.0,0.0,41.004379406109805,0.0,0.0,0.0,0.0,0.0,0.0,0.0,0.0,0.0,0.0,0.0,41.004379406109805,116535,0,0,0,35,SALT LAKE
965,350060,0.0,0.0,0.0,13591.0,3213.0,6643.0,3735.0,13591.0,176.0,3037.0,22.0,6621.0,221.0,1156.0,72.0,2286.0,0.0,0.0,0.0,0.0,56502,0,0,0,35,SALT LAKE
966,350061,210.0,606.9965373249132,2.890459701547206,36.0,12.0,0.0,24.0,51.00160222174749,8.0,4.0,0.0,0.0,13.0,0.0,8.0,3.0,0.0,0.0,0.0,15.00160222174749,30068,0,0,0,35,SALT LAKE
967,350062,361.0,1000.420218924394,2.7712471438348865,87.0,9.0,1.0,77.0,112.00267036957915,0.0,9.0,0.0,1.0,10.0,40.0,26.0,1.0,0.0,0.0,0.0,25.00267036957915,48811,0,0,0,35,SALT LAKE
968,350063,447.0,1169.9670912327415,2.617376043026268,24.0,18.0,0.0,6.0,55.003311258278146,1.0,17.0,0.0,0.0,0.0,0.0,0.0,6.0,0.0,0.0,0.0,31.003311258278146,49071,0,0,0,35,SALT LAKE
969,350064,359.0,960.1411277130186,2.6744878209276286,0.0,0.0,0.0,0.0,25.00267036957915,0.0,0.0,0.0,0.0,0.0,0.0,0.0,0.0,0.0,0.0,0.0,25.00267036957915,81295,326,0,0,35,SALT LAKE
970,350065,755.0,1979.2958076659595,2.6215838512131917,54.0,5.0,0.0,49.0,107.0056611835078,5.0,0.0,0.0,0.0,0.0,1.0,0.0,48.0,0.0,0.0,0.0,53.0056611835078,45921,0,0,0,35,SALT LAKE
971,350066,524.0,951.7106202501726,1.8162416416988028,292.0,6.0,69.0,217.0,329.00395214697716,6.0,0.0,44.0,25.0,25.0,13.0,1.0,178.0,0.0,0.0,0.0,37.00395214697714,59977,0,0,0,35,SALT LAKE
972,350067,221.0,464.6146335079583,2.102328658407051,772.0,44.0,104.0,624.0,806.0013653435527,31.0,13.0,62.0,42.0,141.0,31.0,192.0,260.0,0.0,0.0,18.999763121805263,15.00160222174749,52447,0,0,0,35,SALT LAKE
973,350068,684.0,1135.3083383299304,1.6598075121782607,0.0,0.0,0.0,0.0,48.00512710959197,0.0,0.0,0.0,0.0,0.0,0.0,0.0,0.0,0.0,0.0,0.0,48.00512710959197,60090,0,0,0,35,SALT LAKE
974,350069,899.0,2300.5918143055355,2.559056523142976,56.0,7.0,1.0,48.0,119.00672933133946,0.0,7.0,0.0,1.0,19.0,15.0,3.0,11.0,0.0,0.0,0.0,63.00672933133946,171320,349,0,0,35,SALT LAKE
975,350070,1.0,1.8734461028546705,1.8734461028546705,461.0,40.0,64.0,357.0,461.0,1.0,39.0,63.0,1.0,57.0,179.0,117.0,4.0,0.0,0.0,0.0,0.0,45129,0,0,0,35,SALT LAKE
976,350071,0.0,0.0,0.0,0.0,0.0,0.0,0.0,0.0,0.0,0.0,0.0,0.0,0.0,0.0,0.0,0.0,0.0,0.0,0.0,0.0,45129,0,0,0,35,SALT LAKE
977,350072,0.0,0.0,0.0,2891.0,18.0,2622.0,251.0,2892.0112359550562,14.0,4.0,2291.0,331.0,18.0,205.0,0.0,28.0,1.0112359550561798,0.0,0.0,0.0,45129,0,0,0,35,SALT LAKE
978,350073,0.0,0.0,0.0,15189.0,795.0,4113.0,10281.0,15230.999476374516,218.0,577.0,2888.0,1225.0,3200.0,2531.0,0.0,4550.0,0.0,0.0,41.999476374516895,0.0,56502,0,0,0,35,SALT LAKE
979,350074,0.0,0.0,0.0,2694.0,150.0,1351.0,1193.0,2879.330814397215,3.0,147.0,1237.0,114.0,158.0,188.0,178.0,669.0,0.0,74.33219826456315,110.99861613265179,0.0,56502,0,0,0,35,SALT LAKE
980,350075,688.0,1967.118407997404,2.8591837325543663,164.0,78.0,3.0,83.0,269.00441647500776,19.0,59.0,3.0,0.0,3.0,6.0,25.0,49.0,0.0,0.0,56.999289365415784,48.00512710959197,38829,0,0,0,35,SALT LAKE
981,350076,511.0,1293.61453402115,2.5315352916265166,353.0,5.0,69.0,279.0,389.003845332194,2.0,3.0,3.0,66.0,6.0,21.0,3.0,249.0,0.0,0.0,0.0,36.003845332193976,60653,452,0,0,35,SALT LAKE
982,350077,325.0,850.5445306960204,2.6170600944492937,19.0,18.0,0.0,1.0,42.00245674001282,16.0,2.0,0.0,0.0,0.0,0.0,0.0,1.0,0.0,0.0,0.0,23.002456740012818,57237,0,0,0,35,SALT LAKE
983,350078,275.0,757.8089486047143,2.755668904017143,0.0,0.0,0.0,0.0,52.00161806085772,0.0,0.0,0.0,0.0,0.0,0.0,0.0,0.0,0.0,0.0,32.99958857997756,19.002029480880157,211467,0,0,0,35,SALT LAKE
984,350079,1638.0,4329.533943697144,2.643183115810222,2624.0,156.0,36.0,2432.0,2738.012176885281,91.0,65.0,4.0,32.0,88.0,2212.0,6.0,126.0,0.0,0.0,0.0,114.01217688528092,40069,410,0,0,35,SALT LAKE
985,350080,975.0,2460.7714560996096,2.523868160102164,935.0,69.0,15.0,851.0,1229.0044458014654,18.0,51.0,0.0,15.0,2.0,817.0,6.0,26.0,0.0,0.0,225.99718239620995,68.00726340525529,38845,0,0,0,35,SALT LAKE
986,350081,143.0,326.91634494814,2.2861282863506296,825.0,22.0,54.0,749.0,862.0007315314497,9.0,13.0,5.0,49.0,7.0,110.0,0.0,632.0,0.0,0.0,26.999663383618003,10.00106814783166,46352,0,0,0,35,SALT LAKE
987,350082,498.0,1254.272165861202,2.518618806950205,0.0,0.0,0.0,0.0,35.00373851741081,0.0,0.0,0.0,0.0,0.0,0.0,0.0,0.0,0.0,0.0,0.0,35.00373851741081,35544,0,0,0,35,SALT LAKE
988,350083,171.0,427.1457114508649,2.497928137139561,390.0,165.0,2.0,223.0,437.0008454228287,83.0,82.0,1.0,1.0,3.0,44.0,1.0,175.0,0.0,0.0,34.99956364543075,12.001281777397992,46352,434,0,0,35,SALT LAKE
989,350084,406.0,1006.9772802843854,2.4802396066117867,65.0,1.0,1.0,63.0,93.00299081392865,1.0,0.0,0.0,1.0,10.0,3.0,46.0,4.0,0.0,0.0,0.0,28.002990813928648,34137,0,0,0,35,SALT LAKE
990,350085,432.0,936.7230514273352,2.1683403968225354,353.0,103.0,43.0,207.0,383.00320444349495,98.0,5.0,21.0,22.0,27.0,12.0,120.0,48.0,0.0,0.0,0.0,30.00320444349498,51230,0,0,0,35,SALT LAKE
991,350086,359.0,791.5309784560983,2.2048216670086305,308.0,8.0,238.0,62.0,421.0015732495193,8.0,0.0,4.0,234.0,7.0,4.0,10.0,41.0,0.0,0.0,87.99890287994016,25.00267036957915,51326,0,0,0,35,SALT LAKE
992,350087,1052.0,2140.412172511461,2.034612331284659,830.0,117.0,69.0,644.0,903.0077974791711,109.0,8.0,54.0,15.0,376.0,93.0,22.0,153.0,0.0,0.0,0.0,73.00779747917112,51230,0,0,0,35,SALT LAKE
993,350088,257.0,579.8315688335205,2.2561539643327646,176.0,27.0,133.0,16.0,194.001922666097,27.0,0.0,40.0,93.0,6.0,2.0,0.0,8.0,0.0,0.0,0.0,18.001922666096988,51230,0,0,0,35,SALT LAKE
994,350089,488.0,1080.0416782957177,2.213200160442044,388.0,27.0,30.0,331.0,455.0032202826052,25.0,2.0,9.0,21.0,10.0,227.0,13.0,81.0,0.0,0.0,32.99958857997756,34.003631702627644,51390,0,948,1903,35,SALT LAKE
995,350090,1215.0,2189.1217711856825,1.801746313733072,109.0,64.0,0.0,45.0,194.00907925656912,23.0,41.0,0.0,0.0,9.0,0.0,9.0,27.0,0.0,0.0,0.0,85.00907925656911,48532,0,0,0,35,SALT LAKE
996,350091,456.0,796.214593713235,1.7460846353360415,365.0,22.0,19.0,324.0,401.0033682039677,20.0,2.0,6.0,13.0,92.0,69.0,15.0,148.0,0.0,0.0,3.9999501309063707,32.00341807306131,27015,262,0,0,35,SALT LAKE
997,350092,511.0,905.8111907302332,1.7726246393938028,0.0,0.0,0.0,0.0,59.003558584905605,0.0,0.0,0.0,0.0,0.0,0.0,0.0,0.0,0.0,0.0,22.999713252711633,36.003845332193976,66900,0,0,0,35,SALT LAKE
998,350093,506.0,878.6462222388404,1.73645498466174,228.0,6.0,45.0,177.0,263.0037385174108,0.0,6.0,0.0,45.0,107.0,0.0,0.0,70.0,0.0,0.0,0.0,35.00373851741081,54299,0,0,0,35,SALT LAKE
999,350094,0.0,0.0,0.0,2158.0,54.0,0.0,2104.0,2158.0,19.0,35.0,0.0,0.0,2.0,1649.0,1.0,452.0,0.0,0.0,0.0,0.0,66900,0,0,0,35,SALT LAKE
1000,350095,274.0,536.7423084678632,1.958913534554245,2054.0,31.0,5.0,2018.0,2073.00202948088,0.0,31.0,0.0,5.0,56.0,204.0,1749.0,9.0,0.0,0.0,0.0,19.002029480880157,100099,0,0,0,35,SALT LAKE
1001,350096,537.0,826.1897313589097,1.5385283637968523,355.0,164.0,0.0,191.0,392.00395214697716,160.0,4.0,0.0,0.0,4.0,38.0,1.0,148.0,0.0,0.0,0.0,37.00395214697714,58481,0,0,0,35,SALT LAKE
1002,350097,434.0,838.367131027465,1.9317215000632837,0.0,0.0,0.0,0.0,30.00320444349498,0.0,0.0,0.0,0.0,0.0,0.0,0.0,0.0,0.0,0.0,0.0,30.00320444349498,100099,0,0,0,35,SALT LAKE
1003,350098,624.0,1111.890262044247,1.7818754199427036,17.0,2.0,0.0,15.0,61.0046998504593,2.0,0.0,0.0,0.0,4.0,0.0,5.0,6.0,0.0,0.0,0.0,44.0046998504593,45319,0,0,0,35,SALT LAKE
1004,350099,411.0,810.265439484645,1.9714487578701825,22.0,10.0,0.0,12.0,51.003097628711814,1.0,9.0,0.0,0.0,10.0,0.0,1.0,1.0,0.0,0.0,0.0,29.003097628711814,79338,0,0,0,35,SALT LAKE
1005,350100,46.0,83.36835157703284,1.8123554690659316,0.0,0.0,0.0,0.0,3.000320444349498,0.0,0.0,0.0,0.0,0.0,0.0,0.0,0.0,0.0,0.0,0.0,3.000320444349498,131360,0,0,0,35,SALT LAKE
1006,350101,392.0,1001.3569419758214,2.554481994836279,356.0,3.0,7.0,346.0,383.00288399914547,0.0,3.0,0.0,7.0,6.0,5.0,246.0,89.0,0.0,0.0,0.0,27.00288399914548,183906,0,0,0,35,SALT LAKE
1007,350102,0.0,0.0,0.0,13122.0,8.0,8.0,13106.0,13122.0,0.0,8.0,1.0,7.0,1096.0,636.0,11332.0,42.0,0.0,0.0,0.0,0.0,22017,0,0,0,35,SALT LAKE
1008,350103,0.0,0.0,0.0,6925.0,588.0,851.0,5486.0,6925.0,20.0,568.0,370.0,481.0,1898.0,2834.0,139.0,615.0,0.0,0.0,0.0,0.0,45129,0,0,0,35,SALT LAKE
1009,350104,0.0,0.0,0.0,858.0,70.0,357.0,431.0,1055.9975314798653,10.0,60.0,46.0,311.0,98.0,296.0,10.0,27.0,0.0,0.0,197.99753147986536,0.0,45129,0,0,0,35,SALT LAKE
1010,350105,1.0,1.0,1.0,300.0,15.0,224.0,61.0,300.0,15.0,0.0,21.0,203.0,2.0,54.0,0.0,5.0,0.0,0.0,0.0,0.0,45129,0,0,0,35,SALT LAKE
1011,350106,1.0,1.0,1.0,2319.0,36.0,1103.0,1180.0,2326.078651685393,7.0,29.0,118.0,985.0,117.0,478.0,0.0,585.0,7.078651685393258,0.0,0.0,0.0,69745,0,0,0,35,SALT LAKE
1012,350107,0.0,0.0,0.0,503.0,6.0,130.0,367.0,503.0,6.0,0.0,48.0,82.0,41.0,128.0,0.0,198.0,0.0,0.0,0.0,0.0,69745,0,0,0,35,SALT LAKE
1013,350108,0.0,0.0,0.0,0.0,0.0,0.0,0.0,0.0,0.0,0.0,0.0,0.0,0.0,0.0,0.0,0.0,0.0,0.0,0.0,0.0,56502,0,0,0,35,SALT LAKE
1014,350109,0.0,0.0,0.0,0.0,0.0,0.0,0.0,0.0,0.0,0.0,0.0,0.0,0.0,0.0,0.0,0.0,0.0,0.0,0.0,0.0,56502,0,0,0,35,SALT LAKE
1015,350110,0.0,0.0,0.0,11.0,0.0,1.0,10.0,11.0,0.0,0.0,0.0,1.0,0.0,0.0,0.0,10.0,0.0,0.0,0.0,0.0,56502,0,0,0,35,SALT LAKE
1016,350111,784.0,2030.8155754944628,2.590325989151101,562.0,129.0,129.0,304.0,617.0058748130741,95.0,34.0,69.0,60.0,88.0,30.0,7.0,179.0,0.0,0.0,0.0,55.00587481307413,38960,0,0,0,35,SALT LAKE
1017,350112,316.0,736.2643184218855,2.3299503747528023,1795.0,86.0,437.0,1272.0,1894.0013899451774,41.0,45.0,4.0,433.0,155.0,488.0,0.0,629.0,0.0,0.0,76.99904001994764,22.00234992522965,35043,0,0,0,35,SALT LAKE
1018,350113,4.0,6.0,1.5,268.0,0.0,164.0,104.0,268.0,0.0,0.0,66.0,98.0,5.0,39.0,0.0,60.0,0.0,0.0,0.0,0.0,35043,0,0,0,35,SALT LAKE
1019,350114,101.0,285.70053068533724,2.8287181255973985,1480.0,57.0,467.0,956.0,1494.0006604325683,46.0,11.0,20.0,447.0,468.0,344.0,0.0,144.0,0.0,0.0,6.999912729086149,7.000747703482162,32095,0,0,0,35,SALT LAKE
1020,350115,232.0,565.7807230621105,2.438710013198752,493.0,52.0,249.0,192.0,1429.9902266777224,34.0,18.0,214.0,35.0,24.0,68.0,0.0,100.0,0.0,0.0,920.9885176411918,16.001709036530656,32095,0,0,0,35,SALT LAKE
1021,350116,81.0,223.87680929113316,2.763911225816458,343.0,17.0,141.0,185.0,369.0003915432309,12.0,5.0,16.0,125.0,43.0,25.0,77.0,40.0,0.0,0.0,19.999750654531855,6.000640888698996,32095,0,0,0,35,SALT LAKE
1022,350117,130.0,349.397698182396,2.6876746014030464,466.0,135.0,48.0,283.0,487.0008117257676,46.0,89.0,25.0,23.0,33.0,39.0,16.0,195.0,0.0,0.0,11.999850392719113,9.000961333048494,32095,0,0,0,35,SALT LAKE
1023,350118,1515.0,3592.332902223831,2.3711768331510434,363.0,4.0,63.0,296.0,469.0113223670156,0.0,4.0,14.0,49.0,31.0,6.0,1.0,258.0,0.0,0.0,0.0,106.0113223670156,42543,0,0,0,35,SALT LAKE
1024,350119,3161.0,7353.275953704581,2.3262499062652897,629.0,23.0,90.0,516.0,850.0236060670798,4.0,19.0,78.0,12.0,207.0,1.0,25.0,283.0,0.0,0.0,0.0,221.0236060670797,42543,0,0,0,35,SALT LAKE
1025,350120,1039.0,1994.2833764887969,1.919425771404039,82.0,25.0,7.0,50.0,154.00769066438795,1.0,24.0,7.0,0.0,26.0,0.0,23.0,1.0,0.0,0.0,0.0,72.00769066438795,42543,0,0,0,35,SALT LAKE
1026,350121,1651.0,3403.114845835509,2.061244606805275,363.0,15.0,46.0,302.0,478.0122837000641,8.0,7.0,35.0,11.0,160.0,0.0,14.0,128.0,0.0,0.0,0.0,115.01228370006407,42543,0,0,0,35,SALT LAKE
1027,350122,1650.0,3424.659476018337,2.0755511975868712,3944.0,457.0,409.0,3078.0,4081.153789568374,0.0,457.0,261.0,148.0,1292.0,336.0,538.0,912.0,0.0,22.141505868310155,0.0,115.01228370006407,42543,0,0,0,35,SALT LAKE
1028,350123,1216.0,2863.562368213364,2.3549032633333584,0.0,0.0,0.0,0.0,85.00907925656911,0.0,0.0,0.0,0.0,0.0,0.0,0.0,0.0,0.0,0.0,0.0,85.00907925656911,42543,0,0,0,35,SALT LAKE
1029,350124,419.0,1019.1546799529408,2.432350071486732,1791.0,132.0,84.0,1575.0,1820.0030976287119,0.0,132.0,84.0,0.0,993.0,257.0,313.0,12.0,0.0,0.0,0.0,29.003097628711814,42543,0,0,0,35,SALT LAKE
1030,350125,562.0,1265.51284247833,2.2518022108155336,1058.0,113.0,68.0,877.0,1097.0041657765435,1.0,112.0,68.0,0.0,223.0,104.0,0.0,550.0,0.0,0.0,0.0,39.00416577654347,42543,0,0,0,35,SALT LAKE
1031,350126,319.0,789.6575323532436,2.4754154619223936,551.0,199.0,18.0,334.0,573.0023499252296,0.0,199.0,17.0,1.0,250.0,3.0,17.0,64.0,0.0,0.0,0.0,22.00234992522965,42543,0,0,0,35,SALT LAKE
1032,350127,2674.0,6334.121273751641,2.3687813290021094,0.0,0.0,0.0,0.0,187.01997436445205,0.0,0.0,0.0,0.0,0.0,0.0,0.0,0.0,0.0,0.0,0.0,187.01997436445205,42543,0,0,0,35,SALT LAKE
1033,350128,563.0,1184.0179370041517,2.1030513978759355,107.0,23.0,2.0,82.0,146.00416577654346,0.0,23.0,0.0,2.0,36.0,0.0,0.0,46.0,0.0,0.0,0.0,39.00416577654347,43489,0,0,0,35,SALT LAKE
1034,350129,474.0,798.0880398160897,1.6837300418060963,3186.0,1145.0,0.0,2041.0,3219.0035248878444,728.0,417.0,0.0,0.0,1478.0,41.0,3.0,519.0,0.0,0.0,0.0,33.00352488784448,50921,0,0,0,35,SALT LAKE
1035,350130,159.0,406.5378043194635,2.556841536600399,5335.0,466.0,3.0,4866.0,5346.001174962615,1.0,465.0,2.0,1.0,4188.0,186.0,25.0,467.0,0.0,0.0,0.0,11.001174962614826,54475,0,0,0,35,SALT LAKE
1036,350131,844.0,1865.0155953918245,2.2097341177628254,5720.0,502.0,0.0,5218.0,5779.006302072206,0.0,502.0,0.0,0.0,4349.0,98.0,5.0,766.0,0.0,0.0,0.0,59.00630207220679,50921,0,0,0,35,SALT LAKE
1037,350132,477.0,1065.05410947288,2.2328178395657865,2702.0,189.0,0.0,2513.0,2735.0035248878444,0.0,189.0,0.0,0.0,1732.0,95.0,122.0,564.0,0.0,0.0,0.0,33.00352488784448,50921,0,0,0,35,SALT LAKE
1038,350133,1267.0,2217.2234627285025,1.749979055034335,0.0,0.0,0.0,0.0,88.0093997009186,0.0,0.0,0.0,0.0,0.0,0.0,0.0,0.0,0.0,0.0,0.0,88.0093997009186,37315,0,0,0,35,SALT LAKE
1039,350134,742.0,1273.0066268897483,1.7156423542988524,254.0,1.0,1.0,252.0,313.00546709781077,1.0,0.0,1.0,0.0,92.0,45.0,19.0,96.0,0.0,0.0,6.999912729086149,52.00555436872463,51794,0,0,0,35,SALT LAKE
1040,350135,743.0,1799.444981791911,2.421864040096785,620.0,18.0,0.0,602.0,672.0055543687247,0.0,18.0,0.0,0.0,480.0,0.0,97.0,25.0,0.0,0.0,0.0,52.00555436872463,39970,0,0,0,35,SALT LAKE
1041,350136,410.0,714.7196882390568,1.7432187518025777,355.0,1.0,0.0,354.0,384.0030976287118,0.0,1.0,0.0,0.0,147.0,19.0,40.0,148.0,0.0,0.0,0.0,29.003097628711814,39970,0,0,0,35,SALT LAKE
1042,350137,233.0,399.0440199080449,1.7126352785752998,1257.0,16.0,14.0,1227.0,1299.001384887422,12.0,4.0,10.0,4.0,334.0,46.0,154.0,693.0,0.0,0.0,25.99967585089141,16.001709036530656,25840,0,0,0,35,SALT LAKE
1043,350138,607.0,912.3682520902246,1.503077845288673,596.0,110.0,6.0,480.0,638.004486220893,5.0,105.0,6.0,0.0,190.0,30.0,65.0,195.0,0.0,0.0,0.0,42.00448622089297,43385,276,47,0,35,SALT LAKE
1044,350139,283.0,582.6417379878026,2.058804727872094,3161.0,28.0,16.0,3117.0,3181.002136295663,1.0,27.0,16.0,0.0,1725.0,299.0,105.0,988.0,0.0,0.0,0.0,20.00213629566332,25840,0,0,0,35,SALT LAKE
1045,350140,666.0,1179.334321747015,1.770772254875398,492.0,8.0,3.0,481.0,538.0049134800256,8.0,0.0,3.0,0.0,169.0,17.0,46.0,249.0,0.0,0.0,0.0,46.00491348002564,43554,0,0,0,35,SALT LAKE
1046,350141,490.0,875.8360530845584,1.7874205164990988,664.0,37.0,36.0,591.0,698.0036317026277,31.0,6.0,18.0,18.0,126.0,59.0,156.0,250.0,0.0,0.0,0.0,34.003631702627644,47503,0,426,0,35,SALT LAKE
1047,350142,453.0,799.9614859189443,1.7659193949645569,101.0,36.0,0.0,65.0,133.0034180730613,8.0,28.0,0.0,0.0,9.0,1.0,24.0,31.0,0.0,0.0,0.0,32.00341807306131,70463,0,0,0,35,SALT LAKE
1048,350143,454.0,837.4304079760377,1.8445603699912725,1232.0,97.0,1.0,1134.0,1264.0034180730613,86.0,11.0,0.0,1.0,27.0,10.0,969.0,128.0,0.0,0.0,0.0,32.00341807306131,41532,0,0,0,35,SALT LAKE
1049,350144,370.0,666.0100895648353,1.8000272690941497,34.0,0.0,0.0,34.0,60.002777184362316,0.0,0.0,0.0,0.0,4.0,8.0,0.0,22.0,0.0,0.0,0.0,26.00277718436232,131360,444,0,0,35,SALT LAKE
1050,350145,438.0,855.2281459531571,1.9525756756921395,28.0,12.0,0.0,16.0,63.003261389184516,11.0,1.0,0.0,0.0,1.0,0.0,2.0,13.0,0.0,0.0,3.9999501309063707,31.003311258278146,24327,0,0,0,35,SALT LAKE
1051,350146,0.0,0.0,0.0,22648.0,180.0,8.0,22460.0,22648.0,33.0,147.0,1.0,7.0,29.0,21824.0,214.0,393.0,0.0,0.0,0.0,0.0,22017,0,0,0,35,SALT LAKE
1052,350147,0.0,0.0,0.0,2983.0,1652.0,801.0,530.0,2983.0,8.0,1644.0,14.0,787.0,9.0,91.0,67.0,363.0,0.0,0.0,0.0,0.0,22017,0,0,0,35,SALT LAKE
1053,350148,0.0,0.0,0.0,5794.0,129.0,958.0,4707.0,5794.0,72.0,57.0,126.0,832.0,1439.0,2102.0,15.0,1151.0,0.0,0.0,0.0,0.0,45129,0,0,0,35,SALT LAKE
1054,350149,0.0,0.0,0.0,4505.0,1509.0,2172.0,824.0,4505.0,6.0,1503.0,125.0,2047.0,70.0,697.0,28.0,29.0,0.0,0.0,0.0,0.0,45129,0,0,0,35,SALT LAKE
1055,350150,0.0,0.0,0.0,2066.0,0.0,1608.0,458.0,2066.0,0.0,0.0,63.0,1545.0,6.0,221.0,0.0,231.0,0.0,0.0,0.0,0.0,45129,0,0,0,35,SALT LAKE
1056,350151,0.0,0.0,0.0,1371.0,5.0,725.0,641.0,1378.9076806667456,5.0,0.0,400.0,325.0,37.0,202.0,0.0,402.0,0.0,7.907680666745563,0.0,0.0,69745,0,0,0,35,SALT LAKE
1057,350152,0.0,0.0,0.0,625.0,6.0,473.0,146.0,629.999937663633,6.0,0.0,106.0,367.0,12.0,63.0,0.0,71.0,0.0,0.0,4.999937663632964,0.0,69745,0,0,0,35,SALT LAKE
1058,350153,0.0,0.0,0.0,765.0,1.0,455.0,309.0,765.0,1.0,0.0,370.0,85.0,18.0,82.0,0.0,209.0,0.0,0.0,0.0,0.0,69745,0,0,0,35,SALT LAKE
1059,350154,5.0,6.0,1.2,921.0,5.0,191.0,725.0,921.0,0.0,5.0,51.0,140.0,37.0,48.0,247.0,393.0,0.0,0.0,0.0,0.0,69745,0,0,0,35,SALT LAKE
1060,350155,469.0,1396.654069678157,2.9779404470749613,0.0,0.0,0.0,0.0,33.00352488784448,0.0,0.0,0.0,0.0,0.0,0.0,0.0,0.0,0.0,0.0,0.0,33.00352488784448,39712,0,0,0,35,SALT LAKE
1061,350156,438.0,1360.1218706724908,3.105301074594728,455.0,1.0,66.0,388.0,486.00331125827813,1.0,0.0,20.0,46.0,3.0,79.0,97.0,209.0,0.0,0.0,0.0,31.003311258278146,46000,408,0,0,35,SALT LAKE
1062,350157,254.0,818.695946947491,3.2232123895570512,21.0,13.0,2.0,6.0,61.001648386082024,5.0,8.0,0.0,2.0,1.0,0.0,1.0,4.0,0.0,0.0,21.99972571998504,18.001922666096988,42301,0,0,0,35,SALT LAKE
1063,350158,249.0,776.5434096332609,3.118648231458879,41.0,1.0,14.0,26.0,58.00181585131382,0.0,1.0,0.0,14.0,0.0,1.0,12.0,13.0,0.0,0.0,0.0,17.001815851313822,50879,0,0,0,35,SALT LAKE
1064,350159,279.0,799.9614859189443,2.867245469243528,293.0,2.0,173.0,118.0,312.00202948088014,2.0,0.0,0.0,173.0,15.0,66.0,1.0,36.0,0.0,0.0,0.0,19.002029480880157,43890,394,0,0,35,SALT LAKE
1065,350160,1481.0,3480.862859103978,2.350346292440228,15.0,0.0,1.0,14.0,118.0110019226661,0.0,0.0,0.0,1.0,4.0,0.0,1.0,9.0,0.0,0.0,0.0,103.0110019226661,42543,0,0,0,35,SALT LAKE
1066,350161,1427.0,3063.084378167386,2.146520236977846,874.0,103.0,11.0,760.0,974.0106814783167,0.0,103.0,9.0,2.0,476.0,12.0,149.0,123.0,0.0,0.0,0.0,100.0106814783166,42543,0,0,0,35,SALT LAKE
1067,350162,542.0,1160.5998607184683,2.141328156307137,5051.0,2582.0,721.0,1748.0,5089.00405896176,53.0,2529.0,721.0,0.0,376.0,128.0,810.0,434.0,0.0,0.0,0.0,38.00405896176031,42543,0,0,0,35,SALT LAKE
1068,350163,776.0,1945.5737778145756,2.507182703369298,0.0,0.0,0.0,0.0,54.00576799829096,0.0,0.0,0.0,0.0,0.0,0.0,0.0,0.0,0.0,0.0,0.0,54.00576799829096,42543,0,0,0,35,SALT LAKE
1069,350164,591.0,1378.8563317010376,2.333090239764869,766.0,308.0,33.0,425.0,808.5859155392218,12.0,296.0,33.0,0.0,104.0,0.0,283.0,38.0,0.0,1.581536133112017,0.0,41.004379406109805,42543,0,0,0,35,SALT LAKE
1070,350165,610.0,1472.528636843771,2.4139813718750345,1458.0,279.0,317.0,862.0,1501.0045930356762,1.0,278.0,317.0,0.0,714.0,19.0,118.0,11.0,0.0,0.0,0.0,43.00459303567614,42543,0,0,0,35,SALT LAKE
1071,350166,520.0,1028.5219104672142,1.9779267508984888,1476.0,434.0,0.0,1042.0,1512.003845332194,0.0,434.0,0.0,0.0,812.0,2.0,42.0,186.0,0.0,0.0,0.0,36.003845332193976,42543,0,0,0,35,SALT LAKE
1072,350167,769.0,1645.822401357828,2.140211185120713,898.0,340.0,0.0,558.0,952.0057679982909,2.0,338.0,0.0,0.0,435.0,0.0,65.0,58.0,0.0,0.0,0.0,54.00576799829096,42543,0,0,0,35,SALT LAKE
1073,350168,892.0,2028.942129391608,2.274598799766377,652.0,111.0,70.0,471.0,714.0066225165563,1.0,110.0,70.0,0.0,379.0,2.0,53.0,37.0,0.0,0.0,0.0,62.00662251655629,42543,0,0,0,35,SALT LAKE
1074,350169,274.0,662.263197359126,2.417018968463964,4024.0,1761.0,1.0,2262.0,4043.00202948088,1.0,1760.0,0.0,1.0,1829.0,1.0,376.0,56.0,0.0,0.0,0.0,19.002029480880157,42543,0,0,0,35,SALT LAKE
1075,350170,585.0,1405.084577141003,2.401853978018808,820.0,359.0,4.0,457.0,861.0043794061098,0.0,359.0,1.0,3.0,381.0,4.0,29.0,43.0,0.0,0.0,0.0,41.004379406109805,42543,0,0,0,35,SALT LAKE
1076,350171,647.0,1483.769313460899,2.293306512304326,1764.0,172.0,2.0,1590.0,1809.0048066652425,34.0,138.0,0.0,2.0,857.0,277.0,46.0,410.0,0.0,0.0,0.0,45.00480666524247,50921,0,0,0,35,SALT LAKE
1077,350172,505.0,909.5580829359424,1.8011051147246386,4074.0,1059.0,0.0,3015.0,4109.003738517411,22.0,1037.0,0.0,0.0,1344.0,18.0,171.0,1482.0,0.0,0.0,0.0,35.00373851741081,50921,0,0,0,35,SALT LAKE
1078,350173,609.0,1465.0348524323524,2.405640151777262,1457.0,353.0,0.0,1104.0,1499.0044862208929,40.0,313.0,0.0,0.0,730.0,8.0,105.0,261.0,0.0,0.0,0.0,42.00448622089297,50921,0,0,0,35,SALT LAKE
1079,350174,369.0,844.9241923874564,2.2897674590445973,2313.0,453.0,0.0,1860.0,2676.9985632459507,116.0,337.0,0.0,0.0,1182.0,195.0,92.0,391.0,0.0,0.0,337.9957860615883,26.00277718436232,50921,0,0,0,35,SALT LAKE
1080,350175,351.0,831.8100696674737,2.369829258311891,3779.0,642.0,0.0,3137.0,3803.002563554796,0.0,642.0,0.0,0.0,1477.0,9.0,154.0,1497.0,0.0,0.0,0.0,24.002563554795984,50921,0,0,0,35,SALT LAKE
1081,350176,533.0,1271.133180786894,2.3848652547596507,1102.0,206.0,0.0,896.0,1139.003952146977,20.0,186.0,0.0,0.0,380.0,152.0,22.0,342.0,0.0,0.0,0.0,37.00395214697714,50921,0,0,0,35,SALT LAKE
1082,350177,598.0,1394.780623575302,2.3324090695239166,1598.0,76.0,1.0,1521.0,1684.287497957513,0.0,76.0,0.0,1.0,1031.0,310.0,0.0,180.0,0.0,44.28301173662031,0.0,42.00448622089297,50921,0,0,0,35,SALT LAKE
1083,350178,344.0,835.556961873183,2.42894465660809,1864.0,204.0,0.0,1660.0,1888.0025635547959,41.0,163.0,0.0,0.0,1034.0,4.0,61.0,561.0,0.0,0.0,0.0,24.002563554795984,50921,0,0,0,35,SALT LAKE
1084,350179,861.0,1960.5613466374127,2.277074734770514,1119.0,288.0,0.0,831.0,1179.00640888699,185.0,103.0,0.0,0.0,371.0,355.0,50.0,55.0,0.0,0.0,0.0,60.00640888698996,50921,0,0,0,35,SALT LAKE
1085,350180,808.0,1707.6461227520322,2.1134234192475647,48.0,7.0,0.0,41.0,132.0056325442019,0.0,7.0,0.0,0.0,24.0,13.0,3.0,1.0,0.0,0.0,27.999650916344596,56.005981627857295,39970,0,0,0,35,SALT LAKE
1086,350181,886.0,1802.255150946193,2.034148025898637,2513.0,227.0,2.0,2284.0,2575.0066225165565,2.0,225.0,2.0,0.0,1739.0,20.0,339.0,186.0,0.0,0.0,0.0,62.00662251655629,39970,0,0,0,35,SALT LAKE
1087,350182,522.0,991.0529884101207,1.8985689433144075,1237.0,99.0,0.0,1138.0,2431.989395762315,21.0,78.0,0.0,0.0,478.0,12.0,273.0,375.0,0.0,0.0,1158.9855504301208,36.003845332193976,39970,0,0,0,35,SALT LAKE
1088,350183,412.0,685.6812736448094,1.664274936031091,143.0,3.0,3.0,137.0,172.00309762871183,1.0,2.0,3.0,0.0,40.0,1.0,49.0,47.0,0.0,0.0,0.0,29.003097628711814,39970,0,0,0,35,SALT LAKE
1089,350184,340.0,678.1874892333907,1.994669085980561,112.0,9.0,1.0,102.0,136.00256355479598,7.0,2.0,1.0,0.0,45.0,4.0,6.0,47.0,0.0,0.0,0.0,24.002563554795984,39970,0,0,0,35,SALT LAKE
1090,350185,447.0,765.302733016133,1.712086651042803,349.0,32.0,0.0,317.0,380.00331125827813,7.0,25.0,0.0,0.0,94.0,0.0,57.0,166.0,0.0,0.0,0.0,31.003311258278146,39970,0,0,0,35,SALT LAKE
1091,350186,346.0,598.5660298620672,1.729959623878807,197.0,47.0,3.0,147.0,221.00256355479598,13.0,34.0,0.0,3.0,62.0,4.0,14.0,67.0,0.0,0.0,0.0,24.002563554795984,56384,0,0,0,35,SALT LAKE
1092,350187,357.0,663.1999204105533,1.8577028582928663,875.0,164.0,3.0,708.0,931.0022838841036,130.0,34.0,3.0,0.0,319.0,41.0,97.0,251.0,0.0,0.0,30.999613514524373,25.00267036957915,56384,0,0,0,35,SALT LAKE
1093,350188,304.0,581.7050149363752,1.9135033386064968,285.0,3.0,0.0,282.0,345.0017568867836,0.0,3.0,0.0,0.0,20.0,189.0,58.0,15.0,0.0,0.0,38.99951377633712,21.00224311044649,25840,0,0,0,35,SALT LAKE
1094,350189,818.0,1525.921850775129,1.8654301354219185,281.0,70.0,2.0,209.0,338.0060884426405,11.0,59.0,0.0,2.0,101.0,0.0,23.0,85.0,0.0,0.0,0.0,57.00608844264046,56384,0,0,0,35,SALT LAKE
1095,350190,338.0,685.6812736448094,2.0286428214343477,747.0,96.0,2.0,649.0,771.002563554796,62.0,34.0,2.0,0.0,198.0,23.0,41.0,387.0,0.0,0.0,0.0,24.002563554795984,56384,0,0,0,35,SALT LAKE
1096,350191,513.0,914.2416981930792,1.7821475598305636,1823.0,56.0,8.0,1759.0,1859.003845332194,7.0,49.0,8.0,0.0,827.0,75.0,93.0,764.0,0.0,0.0,0.0,36.003845332193976,25840,0,75,73,35,SALT LAKE
1097,350192,537.0,916.115144295934,1.7059872333257613,1117.0,76.0,7.0,1034.0,1157.167024413201,33.0,43.0,7.0,0.0,29.0,22.0,430.0,553.0,0.0,3.163072266224034,0.0,37.00395214697714,60033,0,0,0,35,SALT LAKE
1098,350193,617.0,1073.4846169357263,1.7398454083237056,243.0,42.0,1.0,200.0,286.0045930356761,8.0,34.0,0.0,1.0,8.0,0.0,175.0,17.0,0.0,0.0,0.0,43.00459303567614,41753,0,0,0,35,SALT LAKE
1099,350194,576.0,970.4450812787192,1.6848004883311098,269.0,23.0,10.0,236.0,309.00427259132664,23.0,0.0,0.0,10.0,16.0,47.0,116.0,57.0,0.0,0.0,0.0,40.00427259132664,47503,0,0,0,35,SALT LAKE
1100,350195,459.0,884.2665605474044,1.9265066678592688,108.0,12.0,7.0,89.0,140.0034180730613,11.0,1.0,0.0,7.0,6.0,7.0,32.0,44.0,0.0,0.0,0.0,32.00341807306131,40464,0,0,0,35,SALT LAKE
1101,350196,281.0,492.7163250507783,1.7534388791842646,406.0,356.0,0.0,50.0,438.00198668838243,141.0,215.0,0.0,0.0,1.0,2.0,10.0,37.0,0.0,0.0,11.999850392719113,20.00213629566332,30252,0,0,0,35,SALT LAKE
1102,350197,372.0,837.4304079760377,2.251157010688273,9555.0,435.0,126.0,8994.0,9581.002777184362,0.0,435.0,111.0,15.0,2717.0,712.0,5341.0,224.0,0.0,0.0,0.0,26.00277718436232,31535,0,0,0,35,SALT LAKE
1103,350198,0.0,0.0,0.0,0.0,0.0,0.0,0.0,0.0,0.0,0.0,0.0,0.0,0.0,0.0,0.0,0.0,0.0,0.0,0.0,0.0,45129,0,0,0,35,SALT LAKE
1104,350199,0.0,0.0,0.0,700.0,625.0,37.0,38.0,700.0,625.0,0.0,8.0,29.0,13.0,9.0,0.0,16.0,0.0,0.0,0.0,0.0,69745,0,0,0,35,SALT LAKE
1105,350200,0.0,0.0,0.0,2243.0,243.0,1777.0,223.0,2243.0,243.0,0.0,238.0,1539.0,133.0,9.0,0.0,81.0,0.0,0.0,0.0,0.0,69745,0,0,0,35,SALT LAKE
1106,350201,1.0,1.0,1.0,1675.0,178.0,1092.0,405.0,1675.0,178.0,0.0,228.0,864.0,18.0,86.0,0.0,301.0,0.0,0.0,0.0,0.0,69745,0,0,0,35,SALT LAKE
1107,350202,0.0,0.0,0.0,711.0,0.0,587.0,124.0,711.0,0.0,0.0,309.0,278.0,1.0,1.0,0.0,122.0,0.0,0.0,0.0,0.0,69745,0,0,0,35,SALT LAKE
1108,350203,796.0,2377.403104522577,2.986687317239418,25.0,10.0,1.0,14.0,81.0059816278573,4.0,6.0,0.0,1.0,1.0,1.0,3.0,9.0,0.0,0.0,0.0,56.005981627857295,38757,0,0,0,35,SALT LAKE
1109,350204,354.0,1058.497048112889,2.990104655686127,15.0,0.0,1.0,14.0,40.00267036957915,0.0,0.0,0.0,1.0,0.0,0.0,0.0,14.0,0.0,0.0,0.0,25.00267036957915,54400,0,0,0,35,SALT LAKE
1110,350205,229.0,672.5671509248267,2.936974458187016,66.0,0.0,1.0,65.0,90.0016092983434,0.0,0.0,0.0,1.0,0.0,2.0,62.0,1.0,0.0,0.0,7.9999002618127415,16.001709036530656,37920,0,0,0,35,SALT LAKE
1111,350206,250.0,841.177300181747,3.364709200726988,174.0,9.0,0.0,165.0,191.00181585131384,6.0,3.0,0.0,0.0,2.0,158.0,0.0,5.0,0.0,0.0,0.0,17.001815851313822,32294,0,0,0,35,SALT LAKE
1112,350207,119.0,365.3219900566608,3.069932689551771,84.0,14.0,9.0,61.0,105.00069244371103,14.0,0.0,0.0,9.0,1.0,7.0,32.0,21.0,0.0,0.0,12.999837925445705,8.000854518265328,32294,0,0,0,35,SALT LAKE
1113,350208,79.0,218.2564709825691,2.7627401390198623,15.0,0.0,0.0,15.0,21.000640888698996,0.0,0.0,0.0,0.0,12.0,0.0,3.0,0.0,0.0,0.0,0.0,6.000640888698996,34270,0,0,0,35,SALT LAKE
1114,350209,2976.0,6948.611595487973,2.334882928591389,6003.0,51.0,331.0,5621.0,6227.0220179985245,35.0,16.0,22.0,309.0,3508.0,2.0,122.0,1989.0,0.0,0.0,15.999800523625483,208.02221747489853,50921,0,0,0,35,SALT LAKE
1115,350210,1219.0,2941.310381481833,2.4128879257439158,35.0,1.0,30.0,4.0,397.0056258218353,0.0,1.0,16.0,14.0,3.0,0.0,0.0,1.0,0.0,0.0,276.99654656526616,85.00907925656911,50921,0,0,0,35,SALT LAKE
1116,350211,426.0,873.0258839302764,2.0493565350475973,102.0,0.0,81.0,21.0,132.00320444349498,0.0,0.0,58.0,23.0,0.0,2.0,1.0,18.0,0.0,0.0,0.0,30.00320444349498,50921,0,0,0,35,SALT LAKE
1117,350212,159.0,428.0824345022922,2.6923423553603283,125.0,3.0,1.0,121.0,136.0011749626148,0.0,3.0,1.0,0.0,91.0,0.0,21.0,9.0,0.0,0.0,0.0,11.001174962614826,50921,0,0,0,35,SALT LAKE
1118,350213,278.0,666.9468126162627,2.3990892540153337,3474.0,61.0,18.0,3395.0,3493.00202948088,7.0,54.0,16.0,2.0,2069.0,1.0,388.0,937.0,0.0,0.0,0.0,19.002029480880157,50921,0,0,0,35,SALT LAKE
1119,350214,333.0,782.1637479418249,2.348840083909384,3406.0,109.0,11.0,3286.0,3429.002456740013,1.0,108.0,9.0,2.0,2388.0,0.0,527.0,371.0,0.0,0.0,0.0,23.002456740012818,50921,0,0,0,35,SALT LAKE
1120,350215,201.0,458.9942951993943,2.283553707459673,392.0,35.0,119.0,238.0,533.9998995959681,35.0,0.0,87.0,32.0,31.0,8.0,0.0,199.0,0.0,0.0,127.99840418900386,14.001495406964324,50921,0,0,0,35,SALT LAKE
1121,350216,84.0,207.01579436544108,2.464473742445727,694.0,45.0,15.0,634.0,700.000640888699,0.0,45.0,14.0,1.0,552.0,0.0,42.0,40.0,0.0,0.0,0.0,6.000640888698996,50921,0,0,0,35,SALT LAKE
1122,350217,708.0,1651.442739666392,2.3325462424666554,0.0,0.0,0.0,0.0,49.00523392437513,0.0,0.0,0.0,0.0,0.0,0.0,0.0,0.0,0.0,0.0,0.0,49.00523392437513,50921,0,0,0,35,SALT LAKE
1123,350218,557.0,1360.1218706724908,2.4418705039003425,1166.0,154.0,3.0,1009.0,1205.0041657765435,8.0,146.0,2.0,1.0,688.0,12.0,72.0,237.0,0.0,0.0,0.0,39.00416577654347,50921,0,0,0,35,SALT LAKE
1124,350219,555.0,1194.3218905698525,2.1519313343600945,78.0,9.0,2.0,67.0,336.0014354436672,6.0,3.0,1.0,1.0,26.0,0.0,5.0,36.0,0.0,0.0,218.9972696671238,39.00416577654347,50921,0,0,0,35,SALT LAKE
1125,350220,291.0,592.9456915535033,2.037614060321317,257.0,35.0,11.0,211.0,277.0021362956633,2.0,33.0,0.0,11.0,27.0,0.0,3.0,181.0,0.0,0.0,0.0,20.00213629566332,50921,0,0,0,35,SALT LAKE
1126,350221,623.0,1539.972696546539,2.4718662865915557,654.0,225.0,0.0,429.0,697.0045930356762,3.0,222.0,0.0,0.0,352.0,0.0,12.0,65.0,0.0,0.0,0.0,43.00459303567614,50921,0,0,0,35,SALT LAKE
1127,350222,468.0,1170.9038142841691,2.5019312271029257,2127.0,439.0,0.0,1688.0,2160.0035248878444,0.0,439.0,0.0,0.0,1156.0,0.0,74.0,458.0,0.0,0.0,0.0,33.00352488784448,50921,0,0,0,35,SALT LAKE
1128,350223,627.0,1306.728656741133,2.084096741213928,170.0,39.0,1.0,130.0,214.0046998504593,31.0,8.0,1.0,0.0,47.0,0.0,22.0,61.0,0.0,0.0,0.0,44.0046998504593,50921,0,0,0,35,SALT LAKE
1129,350224,124.0,286.6372537367646,2.31159075594165,781.0,175.0,0.0,606.0,790.0009613330485,14.0,161.0,0.0,0.0,85.0,3.0,0.0,518.0,0.0,0.0,0.0,9.000961333048494,50921,0,0,0,35,SALT LAKE
1130,350225,673.0,1413.515084603849,2.1003195907932377,131.0,44.0,0.0,87.0,1531.9881396066155,0.0,44.0,0.0,0.0,68.0,0.0,4.0,15.0,0.0,0.0,1353.9831193118066,47.0050202948088,50921,0,0,0,35,SALT LAKE
1131,350226,631.0,1588.6822952207606,2.517721545516261,1261.0,511.0,1.0,749.0,1305.0046998504592,0.0,511.0,1.0,0.0,527.0,0.0,75.0,147.0,0.0,0.0,0.0,44.0046998504593,50921,0,0,0,35,SALT LAKE
1132,350227,1115.0,2684.648265390743,2.407756291830262,2565.0,472.0,7.0,2086.0,2643.008331553087,18.0,454.0,4.0,3.0,928.0,1.0,711.0,446.0,0.0,0.0,0.0,78.00833155308695,50921,0,0,0,35,SALT LAKE
1133,350228,474.0,1233.6642587298006,2.602667212510128,2255.0,886.0,0.0,1369.0,2288.0035248878444,5.0,881.0,0.0,0.0,588.0,0.0,48.0,733.0,0.0,0.0,0.0,33.00352488784448,50921,0,0,0,35,SALT LAKE
1134,350229,0.0,0.0,0.0,2921.0,1754.0,0.0,1167.0,2921.0,211.0,1543.0,0.0,0.0,66.0,6.0,2.0,1093.0,0.0,0.0,0.0,0.0,50921,0,0,0,35,SALT LAKE
1135,350230,712.0,1639.2653399978367,2.302338960671119,0.0,0.0,0.0,0.0,50.0053407391583,0.0,0.0,0.0,0.0,0.0,0.0,0.0,0.0,0.0,0.0,0.0,50.0053407391583,50921,0,0,0,35,SALT LAKE
1136,350231,1300.0,3049.033532395976,2.3454104095353663,1972.0,539.0,1.0,1432.0,2063.009720145268,32.0,507.0,1.0,0.0,415.0,0.0,382.0,635.0,0.0,0.0,0.0,91.0097201452681,50921,0,0,0,35,SALT LAKE
1137,350232,722.0,1509.0608358494371,2.090111961010301,598.0,187.0,0.0,411.0,648.0053407391583,6.0,181.0,0.0,0.0,145.0,0.0,55.0,211.0,0.0,0.0,0.0,50.0053407391583,50921,0,0,0,35,SALT LAKE
1138,350233,691.0,1714.2031841120236,2.480757140538384,0.0,0.0,0.0,0.0,48.00512710959197,0.0,0.0,0.0,0.0,0.0,0.0,0.0,0.0,0.0,0.0,0.0,48.00512710959197,50921,0,0,0,35,SALT LAKE
1139,350234,367.0,928.2925439644893,2.529407476742477,1403.0,6.0,1.0,1396.0,1429.0027771843622,1.0,5.0,1.0,0.0,401.0,122.0,5.0,868.0,0.0,0.0,0.0,26.00277718436232,50921,0,0,0,35,SALT LAKE
1140,350235,597.0,1332.0201791296706,2.231189579781693,946.0,83.0,33.0,830.0,988.004486220893,50.0,33.0,31.0,2.0,52.0,93.0,44.0,641.0,0.0,0.0,0.0,42.00448622089297,22976,0,408,0,35,SALT LAKE
1141,350236,665.0,1539.972696546539,2.315748415859457,147.0,33.0,0.0,114.0,193.00491348002564,17.0,16.0,0.0,0.0,15.0,0.0,6.0,93.0,0.0,0.0,0.0,46.00491348002564,22976,0,0,0,35,SALT LAKE
1142,350237,452.0,1108.1433698385376,2.451644623536588,2315.0,570.0,0.0,1745.0,2347.0034180730613,2.0,568.0,0.0,0.0,1318.0,0.0,323.0,104.0,0.0,0.0,0.0,32.00341807306131,22976,0,0,0,35,SALT LAKE
1143,350238,0.0,0.0,0.0,490.0,6.0,0.0,484.0,490.0,0.0,6.0,0.0,0.0,117.0,357.0,0.0,10.0,0.0,0.0,0.0,0.0,50921,0,0,0,35,SALT LAKE
1144,350239,171.0,269.7762388110726,1.5776388234565648,173.0,28.0,37.0,108.0,185.001281777398,24.0,4.0,3.0,34.0,32.0,1.0,0.0,75.0,0.0,0.0,0.0,12.001281777397992,33167,0,0,0,35,SALT LAKE
1145,350240,248.0,399.0440199080449,1.6090484673711485,569.0,3.0,0.0,566.0,586.0018158513138,3.0,0.0,0.0,0.0,38.0,118.0,74.0,336.0,0.0,0.0,0.0,17.001815851313822,22976,0,0,0,35,SALT LAKE
1146,350241,633.0,1225.2337512669544,1.9355983432337351,2391.0,70.0,1.0,2320.0,2435.0046998504595,2.0,68.0,1.0,0.0,1295.0,1.0,633.0,391.0,0.0,0.0,0.0,44.0046998504593,22976,0,0,0,35,SALT LAKE
1147,350242,0.0,0.0,0.0,801.0,3.0,0.0,798.0,801.0,0.0,3.0,0.0,0.0,563.0,17.0,0.0,218.0,0.0,0.0,0.0,0.0,22976,0,0,0,35,SALT LAKE
1148,350243,476.0,801.834932021799,1.6845271681130232,44.0,8.0,2.0,34.0,77.00352488784448,8.0,0.0,2.0,0.0,3.0,0.0,0.0,31.0,0.0,0.0,0.0,33.00352488784448,40130,0,0,0,35,SALT LAKE
1149,350244,90.0,133.95139635410894,1.4883488483789882,1.0,0.0,0.0,1.0,7.000640888698996,0.0,0.0,0.0,0.0,1.0,0.0,0.0,0.0,0.0,0.0,0.0,6.000640888698996,40130,0,0,0,35,SALT LAKE
1150,350245,388.0,639.78184412487,1.6489222786723452,100.0,1.0,0.0,99.0,127.00288399914548,0.0,1.0,0.0,0.0,83.0,16.0,0.0,0.0,0.0,0.0,0.0,27.00288399914548,22976,0,0,0,35,SALT LAKE
1151,350246,77.0,210.76268657115045,2.7371777476772783,504.0,108.0,180.0,216.0,509.00053407391584,0.0,108.0,2.0,178.0,22.0,190.0,1.0,3.0,0.0,0.0,0.0,5.00053407391583,22976,0,0,0,35,SALT LAKE
1152,350247,289.0,485.2225406393597,1.6789707288559157,39.0,11.0,7.0,21.0,59.00213629566332,4.0,7.0,0.0,7.0,0.0,0.0,0.0,21.0,0.0,0.0,0.0,20.00213629566332,28852,0,0,0,35,SALT LAKE
1153,350248,416.0,735.3275953704582,1.767614411948217,57.0,8.0,1.0,48.0,86.00309762871181,8.0,0.0,0.0,1.0,12.0,1.0,0.0,35.0,0.0,0.0,0.0,29.003097628711814,46301,0,0,0,35,SALT LAKE
1154,350249,195.0,366.2587131080881,1.878249810810708,325.0,11.0,0.0,314.0,401.0007224360131,1.0,10.0,0.0,0.0,235.0,7.0,2.0,70.0,0.0,0.0,61.99922702904875,14.001495406964324,46301,0,0,0,35,SALT LAKE
1155,350250,216.0,398.1072968566175,1.843089337299155,739.0,16.0,0.0,723.0,754.0016022217475,0.0,16.0,0.0,0.0,406.0,10.0,11.0,296.0,0.0,0.0,0.0,15.00160222174749,46301,0,0,0,35,SALT LAKE
1156,350251,505.0,885.2032835988318,1.7528777893046177,59.0,48.0,0.0,11.0,94.00373851741081,11.0,37.0,0.0,0.0,0.0,0.0,8.0,3.0,0.0,0.0,0.0,35.00373851741081,43390,0,0,0,35,SALT LAKE
1157,350252,283.0,536.7423084678632,1.8966159309818489,105.0,63.0,0.0,42.0,1853.9805803799422,1.0,62.0,0.0,0.0,39.0,0.0,1.0,2.0,0.0,0.0,1728.9784440842789,20.00213629566332,46301,0,0,0,35,SALT LAKE
1158,350253,319.0,797.1513167646623,2.498906949105524,797.0,281.0,10.0,506.0,819.0023499252296,197.0,84.0,0.0,10.0,242.0,18.0,36.0,210.0,0.0,0.0,0.0,22.00234992522965,46301,0,0,0,35,SALT LAKE
1159,350254,630.0,1158.7264146156135,1.8392482771676408,448.0,258.0,20.0,170.0,671.0024682085193,169.0,89.0,20.0,0.0,37.0,0.0,35.0,98.0,0.0,0.0,178.99776835806009,44.0046998504593,47798,0,0,0,35,SALT LAKE
1160,350255,559.0,1033.2055257243508,1.848310421689357,535.0,30.0,4.0,501.0,574.0041657765435,1.0,29.0,0.0,4.0,89.0,16.0,243.0,153.0,0.0,0.0,0.0,39.00416577654347,34196,0,0,0,35,SALT LAKE
1161,350256,482.0,883.3298374959771,1.8326345176265089,927.0,454.0,57.0,416.0,1021.0028836662233,237.0,217.0,53.0,4.0,9.0,34.0,245.0,128.0,0.0,0.0,59.99925196359556,34.003631702627644,34196,188,0,0,35,SALT LAKE
1162,350257,419.0,795.2778706618076,1.898037877474481,623.0,213.0,14.0,396.0,652.0030976287118,180.0,33.0,12.0,2.0,6.0,239.0,6.0,145.0,0.0,0.0,0.0,29.003097628711814,59246,0,0,0,35,SALT LAKE
1163,350258,644.0,1242.0947661926466,1.9287185810444825,8.0,0.0,0.0,8.0,53.00480666524247,0.0,0.0,0.0,0.0,1.0,0.0,0.0,7.0,0.0,0.0,0.0,45.00480666524247,35273,0,0,0,35,SALT LAKE
1164,350259,422.0,806.5185472789357,1.9111813916562457,21.0,11.0,0.0,10.0,56.584571425456794,0.0,11.0,0.0,0.0,3.0,0.0,0.0,7.0,0.0,1.581536133112017,4.999937663632964,29.003097628711814,39092,0,0,0,35,SALT LAKE
1165,350260,377.0,712.8462421362021,1.8908388385575652,239.0,11.0,1.0,227.0,276.00264004435485,10.0,1.0,0.0,1.0,5.0,203.0,7.0,12.0,0.0,0.0,10.99986285999252,26.00277718436232,61652,0,0,1956,35,SALT LAKE
1166,350261,219.0,419.6519270394462,1.916218844928978,2296.0,45.0,204.0,2047.0,2311.0016022217474,13.0,32.0,0.0,204.0,39.0,528.0,103.0,1377.0,0.0,0.0,0.0,15.00160222174749,27416,0,0,0,35,SALT LAKE
1167,350262,0.0,0.0,0.0,3596.0,50.0,1.0,3545.0,3596.0,0.0,50.0,0.0,1.0,64.0,756.0,2629.0,96.0,0.0,0.0,0.0,0.0,25693,0,0,0,35,SALT LAKE
1168,350263,565.0,1293.61453402115,2.2895832460551326,0.0,0.0,0.0,0.0,39.00416577654347,0.0,0.0,0.0,0.0,0.0,0.0,0.0,0.0,0.0,0.0,0.0,39.00416577654347,25693,0,0,0,35,SALT LAKE
1169,350264,0.0,0.0,0.0,213.0,0.0,0.0,213.0,220.07865168539325,0.0,0.0,0.0,0.0,1.0,6.0,2.0,204.0,7.078651685393258,0.0,0.0,0.0,31535,0,0,0,35,SALT LAKE
1170,350265,0.0,0.0,0.0,57.0,3.0,6.0,48.0,57.0,3.0,0.0,3.0,3.0,0.0,22.0,0.0,26.0,0.0,0.0,0.0,0.0,45129,0,0,0,35,SALT LAKE
1171,350266,0.0,0.0,0.0,451.0,48.0,264.0,139.0,451.0,48.0,0.0,228.0,36.0,18.0,50.0,0.0,71.0,0.0,0.0,0.0,0.0,45129,0,0,0,35,SALT LAKE
1172,350267,1.0,1.8734461028546705,1.8734461028546705,542.0,134.0,286.0,122.0,542.0,134.0,0.0,41.0,245.0,6.0,8.0,1.0,107.0,0.0,0.0,0.0,0.0,69745,0,0,0,35,SALT LAKE
1173,350268,0.0,0.0,0.0,2095.0,248.0,1044.0,803.0,2095.0,245.0,3.0,558.0,486.0,87.0,409.0,0.0,307.0,0.0,0.0,0.0,0.0,69745,0,0,0,35,SALT LAKE
1174,350269,0.0,0.0,0.0,2144.0,129.0,1531.0,484.0,2144.0,129.0,0.0,738.0,793.0,101.0,128.0,0.0,255.0,0.0,0.0,0.0,0.0,69745,0,0,0,35,SALT LAKE
1175,350270,0.0,0.0,0.0,1209.0,45.0,922.0,242.0,1209.0,42.0,3.0,454.0,468.0,48.0,106.0,0.0,88.0,0.0,0.0,0.0,0.0,69745,0,0,0,35,SALT LAKE
1176,350271,0.0,0.0,0.0,333.0,0.0,330.0,3.0,333.0,0.0,0.0,325.0,5.0,0.0,0.0,0.0,3.0,0.0,0.0,0.0,0.0,69745,0,0,0,35,SALT LAKE
1177,350272,0.0,0.0,0.0,1123.0,94.0,366.0,663.0,1123.0,42.0,52.0,195.0,171.0,84.0,158.0,0.0,421.0,0.0,0.0,0.0,0.0,69745,574,129,0,35,SALT LAKE
1178,350273,479.0,1593.3659104778972,3.3264424018327707,451.0,38.0,80.0,333.0,500.00332541147,38.0,0.0,47.0,33.0,57.0,92.0,5.0,179.0,0.0,0.0,15.999800523625483,33.00352488784448,47029,391,84,0,35,SALT LAKE
1179,350274,388.0,1243.9682122955012,3.2061036399368588,76.0,8.0,43.0,25.0,103.00288399914548,8.0,0.0,2.0,41.0,1.0,3.0,0.0,21.0,0.0,0.0,0.0,27.00288399914548,44639,0,0,0,35,SALT LAKE
1180,350275,542.0,1778.8370746605096,3.2819872226208666,0.0,0.0,0.0,0.0,38.00405896176031,0.0,0.0,0.0,0.0,0.0,0.0,0.0,0.0,0.0,0.0,0.0,38.00405896176031,59421,0,0,0,35,SALT LAKE
1181,350276,176.0,502.0835555650517,2.85274747480143,218.0,1.0,25.0,192.0,234.00123190830436,1.0,0.0,1.0,24.0,0.0,115.0,0.0,77.0,0.0,0.0,3.9999501309063707,12.001281777397992,56172,284,0,0,35,SALT LAKE
1182,350277,79.0,244.4847164225345,3.094743245854867,30.0,25.0,3.0,2.0,53.00042894505107,25.0,0.0,0.0,3.0,0.0,1.0,0.0,1.0,0.0,0.0,16.999788056352077,6.000640888698996,34780,0,0,0,35,SALT LAKE
1183,350278,128.0,450.56378773654825,3.520029591691783,378.0,4.0,234.0,140.0,397.00083666031446,4.0,0.0,134.0,100.0,75.0,58.0,1.0,6.0,0.0,0.0,9.999875327265928,9.000961333048494,48701,0,0,0,35,SALT LAKE
1184,350279,120.0,303.4982686624566,2.529152238853805,135.0,27.0,79.0,29.0,143.00085451826533,9.0,18.0,38.0,41.0,3.0,4.0,0.0,22.0,0.0,0.0,0.0,8.000854518265328,32294,0,0,0,35,SALT LAKE
1185,350280,0.0,0.0,0.0,426.0,0.0,329.0,97.0,426.0,0.0,0.0,230.0,99.0,0.0,13.0,0.0,84.0,0.0,0.0,0.0,0.0,48701,0,0,0,35,SALT LAKE
1186,350281,443.0,1071.6111708328715,2.41898684160919,181.0,24.0,61.0,96.0,690.997339434316,23.0,1.0,60.0,1.0,8.0,5.0,1.0,82.0,0.0,0.0,478.9940281760379,31.003311258278146,19046,0,0,0,35,SALT LAKE
1187,350282,0.0,0.0,0.0,610.0,58.0,203.0,349.0,610.0,58.0,0.0,114.0,89.0,38.0,58.0,0.0,253.0,0.0,0.0,0.0,0.0,48701,0,0,0,35,SALT LAKE
1188,350283,132.0,339.09374461669535,2.5688920046719343,961.0,354.0,98.0,509.0,982.0008117257677,324.0,30.0,83.0,15.0,5.0,55.0,90.0,359.0,0.0,0.0,11.999850392719113,9.000961333048494,19046,0,0,0,35,SALT LAKE
1189,350284,114.0,267.9027927082179,2.350024497440508,602.0,13.0,126.0,463.0,659.3264629591423,12.0,1.0,75.0,51.0,4.0,16.0,24.0,419.0,0.0,6.326144533633547,42.99946390724349,8.000854518265328,19046,0,0,0,35,SALT LAKE
1190,350285,336.0,739.0744875761675,2.199626451119546,197.0,37.0,50.0,110.0,220.0024567400128,15.0,22.0,50.0,0.0,28.0,1.0,3.0,78.0,0.0,0.0,0.0,23.002456740012818,19046,0,0,0,35,SALT LAKE
1191,350286,409.0,873.9626069817037,2.136827889930816,80.0,21.0,7.0,52.0,120.00296048870433,21.0,0.0,4.0,3.0,14.0,0.0,10.0,28.0,0.0,0.0,10.99986285999252,29.003097628711814,19046,0,0,0,35,SALT LAKE
1192,350287,255.0,512.3875091307524,2.0093627809049117,1438.0,327.0,94.0,1017.0,1512.0012244987863,302.0,25.0,22.0,72.0,271.0,272.0,16.0,458.0,0.0,0.0,55.99930183268919,18.001922666096988,19046,0,0,258,35,SALT LAKE
1193,350288,298.0,601.3761990163492,2.0180409362964737,940.0,348.0,61.0,531.0,1015.0015698776824,294.0,54.0,61.0,0.0,50.0,24.0,16.0,441.0,0.0,0.0,53.999326767236006,21.00224311044649,19046,0,0,0,35,SALT LAKE
1194,350289,600.0,1450.047283609515,2.4167454726825253,877.0,208.0,17.0,652.0,929.004361548159,140.0,68.0,15.0,2.0,39.0,83.0,7.0,523.0,0.0,0.0,9.999875327265928,42.00448622089297,70218,404,0,0,35,SALT LAKE
1195,350290,653.0,1623.341048123572,2.48597404000547,210.0,62.0,21.0,127.0,256.00491348002566,16.0,46.0,0.0,21.0,14.0,5.0,77.0,31.0,0.0,0.0,0.0,46.00491348002564,76177,0,0,0,35,SALT LAKE
1196,350291,0.0,0.0,0.0,0.0,0.0,0.0,0.0,0.0,0.0,0.0,0.0,0.0,0.0,0.0,0.0,0.0,0.0,0.0,0.0,0.0,76177,0,0,0,35,SALT LAKE
1197,350292,645.0,1355.4382554153542,2.1014546595586885,196.0,117.0,0.0,79.0,241.00480666524248,19.0,98.0,0.0,0.0,11.0,0.0,1.0,67.0,0.0,0.0,0.0,45.00480666524247,68454,0,0,0,35,SALT LAKE
1198,350293,556.0,1129.6880000213664,2.0318129496787165,196.0,78.0,4.0,114.0,235.00416577654346,17.0,61.0,2.0,2.0,35.0,1.0,43.0,35.0,0.0,0.0,0.0,39.00416577654347,79868,0,0,0,35,SALT LAKE
1199,350294,218.0,478.6654792793683,2.195713207703524,4.0,0.0,0.0,4.0,58.00111599808461,0.0,0.0,0.0,0.0,2.0,0.0,0.0,2.0,0.0,0.0,38.99951377633712,15.00160222174749,126214,0,0,0,35,SALT LAKE
1200,350295,299.0,791.5309784560983,2.6472607975120344,5.0,0.0,0.0,5.0,248.99946290847666,0.0,0.0,0.0,0.0,4.0,0.0,0.0,1.0,0.0,0.0,222.99721979803016,21.00224311044649,124089,0,0,0,35,SALT LAKE
1201,350296,293.0,756.8722255532869,2.5831816571784536,246.0,21.0,10.0,215.0,266.0021362956633,0.0,21.0,2.0,8.0,8.0,73.0,1.0,133.0,0.0,0.0,0.0,20.00213629566332,117066,470,0,0,35,SALT LAKE
1202,350297,137.0,353.14459038810537,2.5776977400591634,0.0,0.0,0.0,0.0,10.00106814783166,0.0,0.0,0.0,0.0,0.0,0.0,0.0,0.0,0.0,0.0,0.0,10.00106814783166,117066,0,0,0,35,SALT LAKE
1203,350298,494.0,1217.7399668555358,2.4650606616508823,43.0,19.0,0.0,24.0,77.00363170262764,0.0,19.0,0.0,0.0,8.0,0.0,0.0,16.0,0.0,0.0,0.0,34.003631702627644,114574,0,0,0,35,SALT LAKE
1204,350299,585.0,1403.211131038148,2.3986515060481164,305.0,24.0,24.0,257.0,346.0043794061098,15.0,9.0,1.0,23.0,32.0,54.0,4.0,167.0,0.0,0.0,0.0,41.004379406109805,85173,485,0,0,35,SALT LAKE
1205,350300,212.0,511.450786079325,2.4125037079213447,482.0,201.0,0.0,281.0,497.0016022217475,0.0,201.0,0.0,0.0,4.0,29.0,2.0,246.0,0.0,0.0,0.0,15.00160222174749,142362,0,0,0,35,SALT LAKE
1206,350301,922.0,2032.6890215973176,2.20465186724221,0.0,0.0,0.0,0.0,64.00683614612262,0.0,0.0,0.0,0.0,0.0,0.0,0.0,0.0,0.0,0.0,0.0,64.00683614612262,143431,0,0,0,35,SALT LAKE
1207,350302,1.0,1.0,1.0,963.0,7.0,94.0,862.0,963.0,3.0,4.0,16.0,78.0,0.0,96.0,0.0,766.0,0.0,0.0,0.0,0.0,45129,0,0,0,35,SALT LAKE
1208,350303,0.0,0.0,0.0,0.0,0.0,0.0,0.0,0.0,0.0,0.0,0.0,0.0,0.0,0.0,0.0,0.0,0.0,0.0,0.0,0.0,45129,0,0,0,35,SALT LAKE
1209,350304,0.0,0.0,0.0,15.0,0.0,7.0,8.0,15.0,0.0,0.0,0.0,7.0,0.0,7.0,0.0,1.0,0.0,0.0,0.0,0.0,45129,0,0,0,35,SALT LAKE
1210,350305,0.0,0.0,0.0,683.0,1.0,457.0,225.0,683.0,1.0,0.0,80.0,377.0,0.0,203.0,0.0,22.0,0.0,0.0,0.0,0.0,45129,0,0,0,35,SALT LAKE
1211,350306,0.0,0.0,0.0,3351.0,26.0,2989.0,336.0,3351.0,25.0,1.0,635.0,2354.0,0.0,244.0,0.0,92.0,0.0,0.0,0.0,0.0,69745,0,0,0,35,SALT LAKE
1212,350307,0.0,0.0,0.0,5472.0,183.0,2969.0,2320.0,5472.0,161.0,22.0,959.0,2010.0,262.0,260.0,76.0,1722.0,0.0,0.0,0.0,0.0,69745,0,0,0,35,SALT LAKE
1213,350308,0.0,0.0,0.0,6574.0,478.0,3182.0,2914.0,6574.0,153.0,325.0,1958.0,1224.0,187.0,218.0,27.0,2482.0,0.0,0.0,0.0,0.0,69745,0,0,0,35,SALT LAKE
1214,350309,0.0,0.0,0.0,2764.0,138.0,2032.0,594.0,2764.0,131.0,7.0,1150.0,882.0,135.0,313.0,0.0,146.0,0.0,0.0,0.0,0.0,69745,0,0,0,35,SALT LAKE
1215,350310,0.0,0.0,0.0,1230.0,11.0,816.0,403.0,2044.4911086297448,11.0,0.0,577.0,239.0,46.0,72.0,39.0,246.0,0.0,814.4911086297449,0.0,0.0,69745,0,0,0,35,SALT LAKE
1216,350311,0.0,0.0,0.0,2322.0,506.0,743.0,1073.0,2322.0,498.0,8.0,362.0,381.0,256.0,257.0,42.0,518.0,0.0,0.0,0.0,0.0,69745,0,0,0,35,SALT LAKE
1217,350312,310.0,999.4834958729668,3.2241403092676344,1286.0,247.0,109.0,930.0,1312.7469583257512,119.0,128.0,35.0,74.0,57.0,70.0,213.0,590.0,0.0,4.74460840052153,0.0,22.00234992522965,64668,0,0,0,35,SALT LAKE
1218,350313,289.0,1038.8258640329148,3.5945531627436496,385.0,10.0,47.0,328.0,413.00203655747606,10.0,0.0,2.0,45.0,7.0,238.0,11.0,72.0,0.0,0.0,7.9999002618127415,20.00213629566332,66746,570,820,0,35,SALT LAKE
1219,350314,355.0,1273.0066268897483,3.5859341602528128,36.0,14.0,1.0,21.0,61.00267036957915,10.0,4.0,1.0,0.0,15.0,0.0,0.0,6.0,0.0,0.0,0.0,25.00267036957915,72182,0,0,0,35,SALT LAKE
1220,350315,281.0,1015.4077877472314,3.6135508460755568,94.0,32.0,2.0,60.0,114.00213629566332,9.0,23.0,1.0,1.0,42.0,5.0,2.0,11.0,0.0,0.0,0.0,20.00213629566332,37499,0,0,0,35,SALT LAKE
1221,350316,57.0,159.242918742647,2.7937354165376664,10.0,0.0,0.0,10.0,14.000427259132664,0.0,0.0,0.0,0.0,1.0,0.0,0.0,9.0,0.0,0.0,0.0,4.000427259132664,48701,0,0,0,35,SALT LAKE
1222,350317,30.0,122.71071973698092,4.090357324566031,841.0,62.0,298.0,481.0,843.0002136295664,56.0,6.0,196.0,102.0,69.0,198.0,26.0,188.0,0.0,0.0,0.0,2.000213629566332,37499,279,0,0,35,SALT LAKE
1223,350318,223.0,746.5682719875862,3.347839784697696,53.0,0.0,3.0,50.0,74.00164670016362,0.0,0.0,0.0,3.0,27.0,3.0,0.0,20.0,0.0,0.0,4.999937663632964,16.001709036530656,48701,0,0,0,35,SALT LAKE
1224,350319,0.0,0.0,0.0,658.0,112.0,355.0,191.0,658.0,112.0,0.0,252.0,103.0,1.0,96.0,0.0,94.0,0.0,0.0,0.0,0.0,37499,0,0,0,35,SALT LAKE
1225,350320,0.0,0.0,0.0,1158.0,137.0,20.0,1001.0,1158.0,137.0,0.0,20.0,0.0,4.0,174.0,0.0,823.0,0.0,0.0,0.0,0.0,37499,0,0,0,35,SALT LAKE
1226,350321,118.0,337.2202985138407,2.8577991399478027,2652.0,553.0,363.0,1736.0,2672.0007049109845,455.0,98.0,176.0,187.0,8.0,148.0,2.0,1578.0,0.0,0.0,11.999850392719113,8.000854518265328,52826,0,0,0,35,SALT LAKE
1227,350322,424.0,971.3818043301468,2.290994821533365,563.0,125.0,264.0,174.0,988.9982674032257,110.0,15.0,176.0,88.0,2.0,16.0,54.0,102.0,0.0,0.0,395.9950629597307,30.00320444349498,52826,0,0,0,35,SALT LAKE
1228,350323,516.0,1077.2315091414357,2.0876579634523944,556.0,85.0,282.0,189.0,610.0036209212726,39.0,46.0,22.0,260.0,6.0,11.0,6.0,166.0,0.0,0.0,17.99977558907867,36.003845332193976,52826,0,0,0,35,SALT LAKE
1229,350324,361.0,799.9614859189443,2.2159597947893195,319.0,92.0,3.0,224.0,461.0012116985905,12.0,80.0,2.0,1.0,54.0,22.0,69.0,79.0,0.0,0.0,116.99854132901135,25.00267036957915,52826,0,0,0,35,SALT LAKE
1230,350325,250.0,581.7050149363752,2.3268200597455007,1190.0,178.0,93.0,919.0,1292.0007561330742,67.0,111.0,51.0,42.0,117.0,77.0,2.0,723.0,0.0,0.0,84.99894028176038,17.001815851313822,52826,0,0,0,35,SALT LAKE
1231,350326,576.0,1172.7772603870235,2.036071632616361,1696.0,86.0,55.0,1555.0,1755.004035713132,8.0,78.0,8.0,47.0,43.0,774.0,86.0,652.0,0.0,0.0,18.999763121805263,40.00427259132664,25539,560,0,318,35,SALT LAKE
1232,350327,687.0,1462.2246832780704,2.1284202085561432,57.0,9.0,6.0,42.0,105.00512710959197,7.0,2.0,2.0,4.0,28.0,2.0,1.0,11.0,0.0,0.0,0.0,48.00512710959197,72818,0,0,0,35,SALT LAKE
1233,350328,551.0,1162.4733068213231,2.109751918006031,319.0,73.0,83.0,163.0,357.0040589617603,24.0,49.0,0.0,83.0,19.0,46.0,21.0,77.0,0.0,0.0,0.0,38.00405896176031,61505,413,0,0,35,SALT LAKE
1234,350329,545.0,1156.852968512759,2.1226659972711173,150.0,69.0,1.0,80.0,188.0040589617603,65.0,4.0,0.0,1.0,40.0,0.0,17.0,23.0,0.0,0.0,0.0,38.00405896176031,80460,0,0,0,35,SALT LAKE
1235,350330,642.0,1337.6405174382348,2.0835522078477178,359.0,92.0,29.0,238.0,417.0046445906882,23.0,69.0,12.0,17.0,49.0,59.0,45.0,85.0,0.0,0.0,12.999837925445705,45.00480666524247,68937,596,0,0,35,SALT LAKE
1236,350331,556.0,1181.2077678498697,2.1244744026076794,426.0,45.0,103.0,278.0,469.00411590744983,29.0,16.0,4.0,99.0,85.0,24.0,43.0,126.0,0.0,0.0,3.9999501309063707,39.00416577654347,76947,0,0,0,35,SALT LAKE
1237,350332,171.0,361.5750978509514,2.1144742564383123,41.0,33.0,1.0,7.0,53.00128177739799,2.0,31.0,1.0,0.0,4.0,2.0,0.0,1.0,0.0,0.0,0.0,12.001281777397992,126214,0,0,0,35,SALT LAKE
1238,350333,559.0,1299.234872329714,2.3242126517526187,59.0,35.0,0.0,24.0,98.00416577654347,2.0,33.0,0.0,0.0,5.0,1.0,0.0,18.0,0.0,0.0,0.0,39.00416577654347,95967,0,0,0,35,SALT LAKE
1239,350334,184.0,471.1716948679496,2.560715732977987,0.0,0.0,0.0,0.0,13.001388592181158,0.0,0.0,0.0,0.0,0.0,0.0,0.0,0.0,0.0,0.0,0.0,13.001388592181158,124089,0,0,0,35,SALT LAKE
1240,350335,465.0,1072.547893884299,2.306554610503869,132.0,44.0,0.0,88.0,164.0034180730613,28.0,16.0,0.0,0.0,59.0,0.0,8.0,21.0,0.0,0.0,0.0,32.00341807306131,117451,0,0,0,35,SALT LAKE
1241,350336,335.0,910.49480598737,2.7178949432458803,238.0,139.0,2.0,97.0,261.0024567400128,139.0,0.0,0.0,2.0,22.0,71.0,2.0,2.0,0.0,0.0,0.0,23.002456740012818,151429,0,755,0,35,SALT LAKE
1242,350337,403.0,1040.6993101357696,2.582380422173125,153.0,22.0,1.0,130.0,181.00299081392865,20.0,2.0,0.0,1.0,27.0,9.0,10.0,84.0,0.0,0.0,0.0,28.002990813928648,107916,0,0,0,35,SALT LAKE
1243,350338,461.0,1241.1580431412192,2.692316796401777,1871.0,361.0,11.0,1499.0,1917.0032435312337,225.0,136.0,7.0,4.0,76.0,419.0,37.0,967.0,0.0,0.0,13.999825458172298,32.00341807306131,79751,0,0,0,35,SALT LAKE
1244,350339,300.0,715.6564112904841,2.3855213709682803,525.0,197.0,10.0,318.0,546.0022431104464,14.0,183.0,0.0,10.0,9.0,23.0,31.0,255.0,0.0,0.0,0.0,21.00224311044649,115751,0,0,0,35,SALT LAKE
1245,350340,496.0,1135.3083383299304,2.288928101471634,56.0,1.0,0.0,55.0,91.00373851741081,1.0,0.0,0.0,0.0,11.0,32.0,10.0,2.0,0.0,0.0,0.0,35.00373851741081,156479,418,0,0,35,SALT LAKE
1246,350341,0.0,0.0,0.0,1885.0,176.0,589.0,1120.0,1885.0,176.0,0.0,336.0,253.0,305.0,241.0,0.0,574.0,0.0,0.0,0.0,0.0,69745,0,0,0,35,SALT LAKE
1247,350342,0.0,0.0,0.0,2494.0,290.0,1741.0,463.0,2494.0,241.0,49.0,93.0,1648.0,58.0,176.0,0.0,229.0,0.0,0.0,0.0,0.0,69745,0,0,0,35,SALT LAKE
1248,350343,0.0,0.0,0.0,21.0,0.0,2.0,19.0,21.0,0.0,0.0,0.0,2.0,0.0,0.0,0.0,19.0,0.0,0.0,0.0,0.0,64668,0,0,0,35,SALT LAKE
1249,350344,17.0,58.076829188494784,3.416284069911458,1818.0,78.0,925.0,815.0,1889.9992216383712,77.0,1.0,683.0,242.0,88.0,94.0,0.0,633.0,0.0,0.0,70.99911482358809,1.000106814783166,37499,0,0,0,35,SALT LAKE
1250,350345,1.0,1.0,1.0,1248.0,337.0,606.0,305.0,1289.999476374517,306.0,31.0,92.0,514.0,6.0,142.0,0.0,157.0,0.0,0.0,41.999476374516895,0.0,37499,0,0,0,35,SALT LAKE
1251,350346,13.0,28.101691542820056,2.1616685802169275,227.0,42.0,126.0,59.0,228.00010681478318,42.0,0.0,23.0,103.0,1.0,49.0,0.0,9.0,0.0,0.0,0.0,1.000106814783166,37499,0,0,0,35,SALT LAKE
1252,350347,0.0,0.0,0.0,458.0,12.0,168.0,278.0,458.0,12.0,0.0,12.0,156.0,0.0,44.0,0.0,234.0,0.0,0.0,0.0,0.0,37499,0,0,0,35,SALT LAKE
1253,350348,6.0,13.114122719982694,2.1856871199971155,1504.0,1068.0,193.0,243.0,1524.9997381872583,885.0,183.0,64.0,129.0,73.0,49.0,7.0,114.0,0.0,0.0,20.999738187258448,0.0,34686,0,0,0,35,SALT LAKE
1254,350349,33.0,73.06439801133214,2.2140726670100648,689.0,262.0,324.0,103.0,691.0002136295664,255.0,7.0,286.0,38.0,4.0,40.0,1.0,58.0,0.0,0.0,0.0,2.000213629566332,34686,0,0,0,35,SALT LAKE
1255,350350,388.0,741.8846567304495,1.9120738575527048,471.0,12.0,150.0,309.0,506.0027842609582,12.0,0.0,8.0,142.0,40.0,100.0,20.0,149.0,0.0,0.0,7.9999002618127415,27.00288399914548,34686,0,0,0,35,SALT LAKE
1256,350351,420.0,823.3795622046276,1.9604275290586373,241.0,42.0,23.0,176.0,277.00301035779796,6.0,36.0,15.0,8.0,34.0,1.0,7.0,134.0,0.0,0.0,6.999912729086149,29.003097628711814,34686,0,0,0,35,SALT LAKE
1257,350352,67.0,131.14122719982694,1.9573317492511484,2343.0,129.0,866.0,1348.0,2348.000534073916,32.0,97.0,793.0,73.0,916.0,229.0,6.0,197.0,0.0,0.0,0.0,5.00053407391583,34686,0,0,0,35,SALT LAKE
1258,350353,906.0,1622.4043250721447,1.7907332506315063,6860.0,92.0,16.0,6752.0,6923.00672933134,71.0,21.0,1.0,15.0,33.0,6564.0,6.0,149.0,0.0,0.0,0.0,63.00672933133946,27074,0,0,0,35,SALT LAKE
1259,350354,651.0,1105.3332006842556,1.697900461880577,1373.0,19.0,5.0,1349.0,1418.0048066652425,9.0,10.0,3.0,2.0,33.0,171.0,314.0,831.0,0.0,0.0,0.0,45.00480666524247,60370,0,0,0,35,SALT LAKE
1260,350355,596.0,1017.281233850086,1.7068477078021578,503.0,160.0,4.0,339.0,545.004486220893,59.0,101.0,3.0,1.0,68.0,20.0,10.0,241.0,0.0,0.0,0.0,42.00448622089297,67318,0,0,0,35,SALT LAKE
1261,350356,670.0,1312.348995049697,1.958729843357756,606.0,109.0,12.0,485.0,653.0050202948088,31.0,78.0,11.0,1.0,140.0,8.0,144.0,193.0,0.0,0.0,0.0,47.0050202948088,54863,0,0,0,35,SALT LAKE
1262,350357,458.0,861.7852073131485,1.881627090203381,216.0,1.0,1.0,214.0,267.00318119486656,0.0,1.0,1.0,0.0,46.0,20.0,10.0,138.0,0.0,0.0,18.999763121805263,32.00341807306131,59906,0,0,0,35,SALT LAKE
1263,350358,244.0,479.6022023307957,1.965582796437687,703.0,24.0,0.0,679.0,720.0018158513138,0.0,24.0,0.0,0.0,7.0,631.0,2.0,39.0,0.0,0.0,0.0,17.001815851313822,60405,0,0,0,35,SALT LAKE
1264,350359,484.0,1103.4597545814008,2.2798755259946297,404.0,157.0,2.0,245.0,442.003581833534,28.0,129.0,1.0,1.0,23.0,4.0,150.0,68.0,0.0,0.0,3.9999501309063707,34.003631702627644,92591,0,0,0,35,SALT LAKE
1265,350360,504.0,1119.3840464556656,2.22100009217394,39.0,6.0,0.0,33.0,74.00373851741081,4.0,2.0,0.0,0.0,4.0,18.0,1.0,10.0,0.0,0.0,0.0,35.00373851741081,116830,0,0,0,35,SALT LAKE
1266,350361,487.0,1249.5885506040652,2.565890247646951,3.0,0.0,0.0,3.0,37.003631702627644,0.0,0.0,0.0,0.0,3.0,0.0,0.0,0.0,0.0,0.0,0.0,34.003631702627644,94432,0,0,0,35,SALT LAKE
1267,350362,462.0,1152.1693532556224,2.4938730589948537,62.0,2.0,2.0,58.0,94.00341807306131,1.0,1.0,1.0,1.0,17.0,11.0,10.0,20.0,0.0,0.0,0.0,32.00341807306131,86636,0,0,0,35,SALT LAKE
1268,350363,544.0,1396.654069678157,2.5673788045554358,242.0,106.0,0.0,136.0,280.0040589617603,71.0,35.0,0.0,0.0,24.0,49.0,1.0,62.0,0.0,0.0,0.0,38.00405896176031,76455,556,0,0,35,SALT LAKE
1269,350364,494.0,1115.6371542499562,2.2583748061740003,524.0,31.0,42.0,451.0,558.0036317026277,0.0,31.0,2.0,40.0,11.0,224.0,4.0,212.0,0.0,0.0,0.0,34.003631702627644,99958,501,591,0,35,SALT LAKE
1270,350365,405.0,916.115144295934,2.262012701965269,10.0,4.0,0.0,6.0,38.00299081392865,0.0,4.0,0.0,0.0,3.0,0.0,0.0,3.0,0.0,0.0,0.0,28.002990813928648,107730,0,0,0,35,SALT LAKE
1271,350366,302.0,625.73099835346,2.071956948190265,471.0,199.0,25.0,247.0,492.0022431104465,115.0,84.0,2.0,23.0,12.0,7.0,59.0,169.0,0.0,0.0,0.0,21.00224311044649,67016,0,0,0,35,SALT LAKE
1272,350367,512.0,1167.1569220784595,2.279603363434492,291.0,135.0,14.0,142.0,327.003845332194,45.0,90.0,14.0,0.0,34.0,2.0,22.0,84.0,0.0,0.0,0.0,36.003845332193976,63303,0,0,0,35,SALT LAKE
1273,350368,1205.0,2466.3917944081736,2.0467981696333397,800.0,414.0,2.0,384.0,903.0087355635912,257.0,157.0,2.0,0.0,158.0,8.0,24.0,194.0,0.0,0.0,18.999763121805263,84.00897244178594,63303,0,0,0,35,SALT LAKE
1274,350369,400.0,796.214593713235,1.9905364842830875,708.0,220.0,5.0,483.0,736.0029908139286,96.0,124.0,5.0,0.0,108.0,52.0,39.0,284.0,0.0,0.0,0.0,28.002990813928648,59906,0,0,0,35,SALT LAKE
1275,350370,534.0,1233.6642587298006,2.310232694250563,1913.0,452.0,37.0,1424.0,1964.2377773437997,321.0,131.0,4.0,33.0,507.0,32.0,5.0,880.0,0.0,14.233825196822671,0.0,37.00395214697714,63303,0,0,0,35,SALT LAKE
1276,350371,741.0,1456.6043449695064,1.9657278609574984,303.0,55.0,8.0,240.0,405.0049310050543,16.0,39.0,0.0,8.0,106.0,10.0,25.0,99.0,0.0,0.0,49.999376636329636,52.00555436872463,60405,0,0,0,35,SALT LAKE
1277,350372,0.0,0.0,0.0,23.0,6.0,0.0,17.0,23.0,0.0,6.0,0.0,0.0,0.0,17.0,0.0,0.0,0.0,0.0,0.0,0.0,83576,0,0,1832,35,SALT LAKE
1278,350373,517.0,1110.0168159413922,2.147034460234801,29.0,0.0,1.0,28.0,78.00368325763968,0.0,0.0,0.0,1.0,9.0,8.0,4.0,7.0,0.0,0.0,12.999837925445705,36.003845332193976,83576,0,0,0,35,SALT LAKE
1279,350374,299.0,771.8597943761242,2.5814708842010843,73.0,27.0,1.0,45.0,94.00224311044649,24.0,3.0,0.0,1.0,30.0,0.0,6.0,9.0,0.0,0.0,0.0,21.00224311044649,157449,0,0,0,35,SALT LAKE
1280,350375,766.0,1754.4822753233989,2.2904468346258477,681.0,28.0,2.0,651.0,734.0056611835078,3.0,25.0,0.0,2.0,154.0,70.0,22.0,405.0,0.0,0.0,0.0,53.0056611835078,72786,0,0,0,35,SALT LAKE
1281,350376,515.0,1199.005505826989,2.3281660307320178,284.0,36.0,1.0,247.0,324.7484537327155,0.0,36.0,0.0,1.0,70.0,8.0,149.0,20.0,0.0,4.74460840052153,0.0,36.003845332193976,109244,0,0,0,35,SALT LAKE
1282,350377,338.0,696.9219502619375,2.0618992611299927,47.0,32.0,0.0,15.0,88.00235161114806,29.0,3.0,0.0,0.0,11.0,0.0,0.0,4.0,0.0,0.0,16.999788056352077,24.002563554795984,48050,0,0,0,35,SALT LAKE
1283,350378,274.0,588.2620762963666,2.146941884293309,32.0,1.0,28.0,3.0,51.002029480880154,1.0,0.0,0.0,28.0,1.0,0.0,1.0,1.0,0.0,0.0,0.0,19.002029480880157,67016,0,0,0,35,SALT LAKE
1284,350379,542.0,1169.9670912327415,2.1586108694331028,42.0,3.0,0.0,39.0,80.00405896176031,3.0,0.0,0.0,0.0,2.0,0.0,35.0,2.0,0.0,0.0,0.0,38.00405896176031,55325,0,0,0,35,SALT LAKE
1285,350380,195.0,409.3479734737455,2.0992203767884385,7.0,0.0,1.0,6.0,21.001495406964324,0.0,0.0,0.0,1.0,0.0,0.0,0.0,6.0,0.0,0.0,0.0,14.001495406964324,63303,0,0,0,35,SALT LAKE
1286,350381,524.0,1154.9795224099043,2.204159393912031,94.0,22.0,4.0,68.0,141.00382747424305,16.0,6.0,0.0,4.0,18.0,0.0,1.0,49.0,0.0,0.0,9.999875327265928,37.00395214697714,73323,0,0,0,35,SALT LAKE
1287,350382,178.0,440.2598341708476,2.473369854892402,85.0,28.0,4.0,53.0,300.99873845362293,25.0,3.0,3.0,1.0,2.0,0.0,7.0,44.0,0.0,0.0,203.9974566762249,12.001281777397992,63303,0,0,0,35,SALT LAKE
1288,350383,631.0,1509.0608358494371,2.391538567114797,499.0,121.0,2.0,376.0,732.0023435357853,60.0,61.0,0.0,2.0,213.0,0.0,63.0,100.0,0.0,0.0,188.997643685326,44.0046998504593,63303,0,0,0,35,SALT LAKE
1289,350384,172.0,373.7524975195068,2.1729796367413186,34.0,0.0,0.0,34.0,46.00128177739799,0.0,0.0,0.0,0.0,8.0,0.0,0.0,26.0,0.0,0.0,0.0,12.001281777397992,73323,0,0,0,35,SALT LAKE
1290,350385,727.0,1702.0257844434682,2.341163389880974,106.0,38.0,0.0,68.0,192.00501119937223,1.0,37.0,0.0,0.0,22.0,11.0,17.0,18.0,0.0,0.0,34.99956364543075,51.005447553941465,90891,0,0,0,35,SALT LAKE
1291,350386,413.0,956.3942355073092,2.3157245411799257,393.0,15.0,6.0,372.0,422.0030976287118,14.0,1.0,1.0,5.0,7.0,63.0,12.0,290.0,0.0,0.0,0.0,29.003097628711814,71658,0,0,0,35,SALT LAKE
1292,350387,354.0,928.2925439644893,2.6222953219335854,120.0,15.0,0.0,105.0,145.00267036957916,2.0,13.0,0.0,0.0,4.0,6.0,1.0,94.0,0.0,0.0,0.0,25.00267036957915,122892,0,0,0,35,SALT LAKE
1293,350388,39.0,74.93784411418682,1.921483182415047,1089.0,223.0,1.0,865.0,1092.0003204443494,185.0,38.0,1.0,0.0,92.0,165.0,121.0,487.0,0.0,0.0,0.0,3.000320444349498,72786,0,0,0,35,SALT LAKE
1294,350389,0.0,0.0,0.0,0.0,0.0,0.0,0.0,0.0,0.0,0.0,0.0,0.0,0.0,0.0,0.0,0.0,0.0,0.0,0.0,0.0,47674,0,0,0,35,SALT LAKE
1295,350390,179.0,441.1965572222749,2.464785235878631,0.0,0.0,0.0,0.0,12.001281777397992,0.0,0.0,0.0,0.0,0.0,0.0,0.0,0.0,0.0,0.0,0.0,12.001281777397992,74666,361,67,0,35,SALT LAKE
1296,350391,398.0,977.0021426387108,2.454779252861082,18.0,0.0,0.0,18.0,46.00299081392865,0.0,0.0,0.0,0.0,2.0,0.0,3.0,13.0,0.0,0.0,0.0,28.002990813928648,76749,0,0,0,35,SALT LAKE
1297,350392,468.0,1100.6495854271188,2.35181535347675,369.0,80.0,4.0,285.0,402.0035248878445,45.0,35.0,0.0,4.0,39.0,32.0,70.0,144.0,0.0,0.0,0.0,33.00352488784448,70057,0,0,0,35,SALT LAKE
1298,350393,704.0,1694.5320000320494,2.4070056818637067,168.0,66.0,7.0,95.0,217.00523392437515,35.0,31.0,1.0,6.0,16.0,22.0,2.0,55.0,0.0,0.0,0.0,49.00523392437513,84114,0,0,0,35,SALT LAKE
1299,350394,337.0,855.2281459531571,2.537768979089487,77.0,1.0,2.0,74.0,101.00256355479598,1.0,0.0,0.0,2.0,3.0,53.0,0.0,18.0,0.0,0.0,0.0,24.002563554795984,81276,628,0,0,35,SALT LAKE
1300,350395,165.0,396.2338507537628,2.401417277295532,218.0,19.0,19.0,180.0,230.001281777398,2.0,17.0,0.0,19.0,59.0,34.0,10.0,77.0,0.0,0.0,0.0,12.001281777397992,71658,0,0,0,35,SALT LAKE
1301,350396,422.0,850.5445306960204,2.0155083665782474,1444.0,511.0,5.0,928.0,1501.0027485450564,480.0,31.0,0.0,5.0,129.0,42.0,37.0,720.0,0.0,0.0,27.999650916344596,29.003097628711814,47989,0,0,0,35,SALT LAKE
1302,350397,4.0,4.0,1.0,145.0,4.0,130.0,11.0,149.04494382022472,4.0,0.0,65.0,65.0,0.0,4.0,0.0,7.0,4.044943820224719,0.0,0.0,0.0,45129,0,0,0,35,SALT LAKE
1303,350398,1028.0,2654.673127745068,2.5823668557831403,358.0,17.0,56.0,285.0,485.0407502313393,12.0,5.0,1.0,55.0,1.0,94.0,6.0,184.0,3.033707865168539,0.0,51.99935170178282,72.00769066438795,45129,0,0,0,35,SALT LAKE
1304,350399,801.0,2283.730799379843,2.8510996246939366,3.0,1.0,0.0,2.0,61.028453537969654,1.0,0.0,0.0,0.0,0.0,1.0,0.0,1.0,2.02247191011236,0.0,0.0,56.005981627857295,51401,0,0,0,35,SALT LAKE
1305,350400,2.0,6.557061359991347,3.278530679995673,48.0,0.0,4.0,44.0,109.16796583126597,0.0,0.0,0.0,4.0,0.0,6.0,0.0,38.0,15.168539325842698,0.0,45.999426505423266,0.0,82805,0,0,0,35,SALT LAKE
1306,350401,1355.0,3506.154381492516,2.5875678092195686,509.0,60.0,13.0,436.0,637.0097359843783,14.0,46.0,7.0,6.0,30.0,352.0,22.0,32.0,0.0,0.0,32.99958857997756,95.01014740440075,47499,608,0,2581,35,SALT LAKE
1307,350402,421.0,1180.2710447984423,2.803494168167322,130.0,8.0,0.0,122.0,231.01344840735607,8.0,0.0,0.0,0.0,0.0,41.0,79.0,2.0,1.0112359550561798,0.0,70.99911482358809,29.003097628711814,51401,448,0,0,35,SALT LAKE
1308,350403,663.0,2030.8155754944628,3.0630702496145745,0.0,0.0,0.0,0.0,47.01614943508182,0.0,0.0,0.0,0.0,0.0,0.0,0.0,0.0,1.0112359550561798,0.0,0.0,46.00491348002564,82805,0,0,0,35,SALT LAKE
1309,350404,664.0,1941.826885608866,2.924438080736244,33.0,0.0,0.0,33.0,124.03809771971106,0.0,0.0,0.0,0.0,0.0,33.0,0.0,0.0,3.033707865168539,0.0,41.999476374516895,46.00491348002564,82805,378,102,0,35,SALT LAKE
1310,350405,947.0,3062.147655115959,3.23352445102002,23.0,3.0,1.0,19.0,104.00686276658784,0.0,3.0,0.0,1.0,1.0,1.0,0.0,17.0,0.0,0.0,14.99981299089889,66.00704977568896,56753,0,0,0,35,SALT LAKE
1311,350406,746.0,2204.10934000852,2.9545701608693293,131.0,56.0,10.0,65.0,217.00513048142878,27.0,29.0,0.0,10.0,0.0,3.0,37.0,25.0,0.0,0.0,33.999576112704155,52.00555436872463,56215,0,0,0,35,SALT LAKE
1312,350407,1088.0,3200.7826667272047,2.941895833388975,133.0,36.0,15.0,82.0,219.01924167311614,32.0,4.0,4.0,11.0,5.0,58.0,1.0,18.0,1.0112359550561798,0.0,8.999887794539335,76.00811792352062,67131,478,0,0,35,SALT LAKE
1313,350408,0.0,0.0,0.0,13.0,0.0,11.0,2.0,27.157303370786515,0.0,0.0,0.0,11.0,0.0,1.0,0.0,1.0,14.157303370786517,0.0,0.0,0.0,79063,0,0,0,35,SALT LAKE
1314,350409,645.0,2025.1952371858988,3.1398375770324014,220.0,91.0,21.0,108.0,265.0048066652425,8.0,83.0,14.0,7.0,2.0,76.0,1.0,29.0,0.0,0.0,0.0,45.00480666524247,79063,706,0,0,35,SALT LAKE
1315,350410,337.0,1070.674447781444,3.1770755127045818,822.0,413.0,1.0,408.0,846.002563554796,265.0,148.0,0.0,1.0,26.0,4.0,59.0,319.0,0.0,0.0,0.0,24.002563554795984,67744,0,0,0,35,SALT LAKE
1316,350411,1016.0,3569.8515489895744,3.5136334143598176,799.0,240.0,118.0,441.0,946.0066363368259,240.0,0.0,6.0,112.0,5.0,278.0,46.0,112.0,0.0,0.0,75.99905248722105,71.00758384960479,55950,492,1202,0,35,SALT LAKE
1317,350412,80.0,236.99093201111583,2.962386650138948,94.0,33.0,11.0,50.0,120.07913049953795,33.0,0.0,4.0,7.0,1.0,3.0,0.0,46.0,7.078651685393258,0.0,12.999837925445705,6.000640888698996,67744,0,0,0,35,SALT LAKE
1318,350413,326.0,1128.751276969939,3.462427229969138,0.0,0.0,0.0,0.0,23.002456740012818,0.0,0.0,0.0,0.0,0.0,0.0,0.0,0.0,0.0,0.0,0.0,23.002456740012818,67744,0,0,0,35,SALT LAKE
1319,350414,0.0,0.0,0.0,154.0,0.0,154.0,0.0,154.0,0.0,0.0,154.0,0.0,0.0,0.0,0.0,0.0,0.0,0.0,0.0,0.0,75048,0,0,0,35,SALT LAKE
1320,350415,443.0,1556.8337114722312,3.5142973170930727,8.0,0.0,0.0,8.0,44.00324892191111,0.0,0.0,0.0,0.0,0.0,0.0,0.0,8.0,0.0,0.0,4.999937663632964,31.003311258278146,75048,0,0,0,35,SALT LAKE
1321,350416,0.0,0.0,0.0,292.0,17.0,254.0,21.0,292.0,17.0,0.0,2.0,252.0,0.0,5.0,0.0,16.0,0.0,0.0,0.0,0.0,76219,0,0,0,35,SALT LAKE
1322,350417,0.0,0.0,0.0,267.0,10.0,94.0,163.0,273.0674157303371,7.0,3.0,1.0,93.0,0.0,38.0,0.0,125.0,6.067415730337078,0.0,0.0,0.0,76219,0,0,0,35,SALT LAKE
1323,350418,0.0,0.0,0.0,57.0,0.0,9.0,48.0,57.0,0.0,0.0,0.0,9.0,0.0,12.0,0.0,36.0,0.0,0.0,0.0,0.0,76219,0,0,0,35,SALT LAKE
1324,350419,0.0,0.0,0.0,2345.0,19.0,1493.0,833.0,2345.0,19.0,0.0,25.0,1468.0,5.0,9.0,0.0,819.0,0.0,0.0,0.0,0.0,69745,0,0,0,35,SALT LAKE
1325,350420,0.0,0.0,0.0,1795.0,119.0,1340.0,336.0,1801.3261445336336,119.0,0.0,137.0,1203.0,211.0,54.0,0.0,71.0,0.0,6.326144533633547,0.0,0.0,69745,0,0,0,35,SALT LAKE
1326,350421,0.0,0.0,0.0,3355.0,314.0,2297.0,744.0,3355.0,314.0,0.0,1722.0,575.0,145.0,13.0,83.0,503.0,0.0,0.0,0.0,0.0,69745,0,0,0,35,SALT LAKE
1327,350422,337.0,1062.243940318598,3.152059170084861,3596.0,57.0,1665.0,1874.0,3620.002563554796,13.0,44.0,873.0,792.0,95.0,149.0,35.0,1595.0,0.0,0.0,0.0,24.002563554795984,44002,220,78,342,35,SALT LAKE
1328,350423,0.0,0.0,0.0,3138.0,130.0,2581.0,427.0,3138.0,74.0,56.0,255.0,2326.0,362.0,4.0,0.0,61.0,0.0,0.0,0.0,0.0,44002,0,0,0,35,SALT LAKE
1329,350424,0.0,0.0,0.0,989.0,19.0,615.0,355.0,989.0,13.0,6.0,355.0,260.0,92.0,109.0,0.0,154.0,0.0,0.0,0.0,0.0,44002,0,0,0,35,SALT LAKE
1330,350425,0.0,0.0,0.0,5046.0,206.0,2563.0,2277.0,5046.0,132.0,74.0,1388.0,1175.0,396.0,671.0,47.0,1163.0,0.0,0.0,0.0,0.0,37336,0,0,0,35,SALT LAKE
1331,350426,863.0,2315.5793831283727,2.6831742562321814,3856.0,142.0,348.0,3366.0,3972.0282075643386,107.0,35.0,140.0,208.0,528.0,283.0,1064.0,1491.0,2.02247191011236,0.0,53.999326767236006,60.00640888698996,42499,0,0,197,35,SALT LAKE
1332,350427,48.0,126.45761194269026,2.6345335821393805,533.0,18.0,388.0,127.0,550.0001459025218,18.0,0.0,359.0,29.0,1.0,124.0,0.0,2.0,0.0,0.0,13.999825458172298,3.000320444349498,76219,0,0,0,35,SALT LAKE
1333,350428,8.0,24.35479933711072,3.0443499171388395,270.0,86.0,24.0,160.0,282.12370232040115,81.0,5.0,0.0,24.0,5.0,0.0,1.0,154.0,11.123595505617978,0.0,0.0,1.000106814783166,76219,0,0,0,35,SALT LAKE
1334,350429,360.0,1036.9524179300602,2.880423383139056,248.0,134.0,38.0,76.0,273.00267036957916,92.0,42.0,1.0,37.0,3.0,1.0,16.0,56.0,0.0,0.0,0.0,25.00267036957915,76219,0,0,0,35,SALT LAKE
1335,350430,32.0,102.10281260557954,3.1907128939243607,2670.0,1006.0,702.0,962.0,2674.0226855396786,613.0,393.0,73.0,629.0,52.0,374.0,1.0,535.0,2.02247191011236,0.0,0.0,2.000213629566332,69745,0,0,0,35,SALT LAKE
1336,350431,11.0,28.101691542820056,2.5546992311654595,1805.0,0.0,0.0,1805.0,1942.9983987983262,0.0,0.0,0.0,0.0,1628.0,24.0,41.0,112.0,0.0,0.0,136.9982919835432,1.000106814783166,69745,0,0,0,35,SALT LAKE
1337,350432,0.0,0.0,0.0,5360.0,62.0,2.0,5296.0,5360.0,0.0,62.0,0.0,2.0,1117.0,93.0,8.0,4078.0,0.0,0.0,0.0,0.0,69745,0,0,0,35,SALT LAKE
1338,350433,498.0,1532.4789121351205,3.077266891837591,92.0,0.0,0.0,92.0,128.01497447246697,0.0,0.0,0.0,0.0,26.0,59.0,0.0,7.0,1.0112359550561798,0.0,0.0,35.00373851741081,76219,706,0,0,35,SALT LAKE
1339,350434,257.0,742.8213797818769,2.8903555633536064,0.0,0.0,0.0,0.0,18.001922666096988,0.0,0.0,0.0,0.0,0.0,0.0,0.0,0.0,0.0,0.0,0.0,18.001922666096988,76219,0,0,0,35,SALT LAKE
1340,350435,360.0,1110.0168159413922,3.083380044281645,0.0,0.0,0.0,0.0,25.00267036957915,0.0,0.0,0.0,0.0,0.0,0.0,0.0,0.0,0.0,0.0,0.0,25.00267036957915,78784,0,0,0,35,SALT LAKE
1341,350436,223.0,611.6801525820499,2.7429603254800443,772.0,326.0,15.0,431.0,788.0017090365307,188.0,138.0,1.0,14.0,13.0,37.0,83.0,298.0,0.0,0.0,0.0,16.001709036530656,78784,0,0,0,35,SALT LAKE
1342,350437,1039.0,3308.505817641348,3.1843174375758885,1352.0,603.0,18.0,731.0,1424.007690664388,318.0,285.0,9.0,9.0,44.0,300.0,54.0,333.0,0.0,0.0,0.0,72.00769066438795,69745,1825,131,0,35,SALT LAKE
1343,350438,0.0,0.0,0.0,1388.0,2.0,0.0,1386.0,1388.0,2.0,0.0,0.0,0.0,587.0,10.0,0.0,789.0,0.0,0.0,0.0,0.0,69745,0,0,0,35,SALT LAKE
1344,350439,0.0,0.0,0.0,951.0,11.0,92.0,848.0,955.0449438202247,4.0,7.0,3.0,89.0,277.0,170.0,48.0,353.0,4.044943820224719,0.0,0.0,0.0,69745,0,0,0,35,SALT LAKE
1345,350440,285.0,910.49480598737,3.1947186174995434,0.0,0.0,0.0,0.0,42.001862015648356,0.0,0.0,0.0,0.0,0.0,0.0,0.0,0.0,0.0,0.0,21.99972571998504,20.00213629566332,69845,0,0,0,35,SALT LAKE
1346,350441,0.0,0.0,0.0,659.0,81.0,281.0,297.0,659.0,79.0,2.0,21.0,260.0,3.0,178.0,0.0,116.0,0.0,0.0,0.0,0.0,69745,738,592,303,35,SALT LAKE
1347,350442,790.0,2301.5285373569627,2.913327262477168,297.0,34.0,171.0,92.0,352.0058748130741,12.0,22.0,96.0,75.0,2.0,3.0,0.0,87.0,0.0,0.0,0.0,55.00587481307413,54846,0,0,0,35,SALT LAKE
1348,350443,621.0,1875.3195489575253,3.0198382430878024,357.0,25.0,69.0,263.0,400.0045930356761,25.0,0.0,6.0,63.0,1.0,107.0,9.0,146.0,0.0,0.0,0.0,43.00459303567614,52889,848,0,0,35,SALT LAKE
1349,350444,412.0,1196.195336672707,2.9033867394968618,6.0,1.0,0.0,5.0,35.003097628711814,0.0,1.0,0.0,0.0,0.0,0.0,0.0,5.0,0.0,0.0,0.0,29.003097628711814,53656,0,0,0,35,SALT LAKE
1350,350445,339.0,928.2925439644893,2.738326088390824,1368.0,86.0,57.0,1225.0,1392.0025635547959,15.0,71.0,35.0,22.0,610.0,315.0,36.0,264.0,0.0,0.0,0.0,24.002563554795984,37336,343,244,224,35,SALT LAKE
1351,350446,267.0,672.5671509248267,2.5189780933514108,2032.0,19.0,312.0,1701.0,2051.00202948088,15.0,4.0,151.0,161.0,646.0,146.0,239.0,670.0,0.0,0.0,0.0,19.002029480880157,37336,0,0,0,35,SALT LAKE
1352,350447,207.0,595.7558607077852,2.878047636269494,811.0,44.0,113.0,654.0,825.0014954069643,44.0,0.0,80.0,33.0,94.0,191.0,41.0,328.0,0.0,0.0,0.0,14.001495406964324,37336,569,0,0,35,SALT LAKE
1353,350448,250.0,711.9095190847748,2.8476380763391,197.0,18.0,33.0,146.0,216.0242877614262,15.0,3.0,8.0,25.0,8.0,21.0,7.0,110.0,2.02247191011236,0.0,0.0,17.001815851313822,41116,0,0,0,35,SALT LAKE
1354,350449,1073.0,3276.6572338928186,3.053734607542236,43.0,32.0,5.0,6.0,118.00801110873745,1.0,31.0,1.0,4.0,4.0,2.0,0.0,0.0,0.0,0.0,0.0,75.00801110873745,76219,0,0,0,35,SALT LAKE
1355,350450,697.0,2171.324033208563,3.115242515363792,5.0,1.0,1.0,3.0,59.06141369965603,1.0,0.0,0.0,1.0,0.0,1.0,0.0,2.0,5.056179775280899,0.0,0.0,49.00523392437513,84164,685,0,0,35,SALT LAKE
1356,350451,124.0,317.54911443386663,2.560879955111828,964.0,635.0,0.0,329.0,973.0009613330485,443.0,192.0,0.0,0.0,6.0,162.0,12.0,149.0,0.0,0.0,0.0,9.000961333048494,84164,0,0,0,35,SALT LAKE
1357,350452,228.0,811.2021625360724,3.5579042216494403,312.0,235.0,1.0,76.0,410.0006867201113,90.0,145.0,1.0,0.0,11.0,14.0,24.0,27.0,0.0,0.0,81.9989776835806,16.001709036530656,79849,0,0,0,35,SALT LAKE
1358,350453,542.0,2057.0438209344284,3.7952838024620448,503.0,62.0,76.0,365.0,548.0039716908465,34.0,28.0,11.0,65.0,2.0,59.0,4.0,300.0,0.0,0.0,6.999912729086149,38.00405896176031,79849,537,0,0,35,SALT LAKE
1359,350454,362.0,1220.5501360098178,3.371685458590657,0.0,0.0,0.0,0.0,25.00267036957915,0.0,0.0,0.0,0.0,0.0,0.0,0.0,0.0,0.0,0.0,0.0,25.00267036957915,63421,0,0,0,35,SALT LAKE
1360,350455,401.0,1364.8054859296274,3.403504952442961,77.0,34.0,8.0,35.0,105.00299081392865,10.0,24.0,0.0,8.0,26.0,1.0,4.0,4.0,0.0,0.0,0.0,28.002990813928648,70922,0,0,0,35,SALT LAKE
1361,350456,305.0,1013.5343416443768,3.3230634152274647,189.0,1.0,74.0,114.0,214.00219324135287,1.0,0.0,11.0,63.0,0.0,57.0,5.0,52.0,0.0,0.0,3.9999501309063707,21.00224311044649,62388,608,0,0,35,SALT LAKE
1362,350457,311.0,1059.433771164316,3.406539457119988,0.0,0.0,0.0,0.0,22.00234992522965,0.0,0.0,0.0,0.0,0.0,0.0,0.0,0.0,0.0,0.0,0.0,22.00234992522965,71274,0,0,0,35,SALT LAKE
1363,350458,703.0,2264.996338351297,3.221900908038829,1464.0,174.0,5.0,1285.0,1513.005233924375,173.0,1.0,1.0,4.0,61.0,127.0,621.0,476.0,0.0,0.0,0.0,49.00523392437513,33328,0,0,0,35,SALT LAKE
1364,350459,716.0,2350.238136031184,3.282455497250257,608.0,226.0,4.0,378.0,658.0053407391583,178.0,48.0,0.0,4.0,45.0,19.0,15.0,299.0,0.0,0.0,0.0,50.0053407391583,36857,0,0,0,35,SALT LAKE
1365,350460,163.0,523.6281857478804,3.212442857348959,147.0,73.0,0.0,74.0,190.00077600986577,30.0,43.0,0.0,0.0,2.0,0.0,46.0,26.0,0.0,0.0,31.999601047250966,11.001174962614826,36857,0,0,0,35,SALT LAKE
1366,350461,675.0,2093.5760199400943,3.1015941036149544,1229.0,154.0,38.0,1037.0,1276.005020294809,40.0,114.0,28.0,10.0,2.0,277.0,28.0,730.0,0.0,0.0,0.0,47.0050202948088,46904,701,918,0,35,SALT LAKE
1367,350462,591.0,1788.204305174783,3.0257264046950643,373.0,128.0,3.0,242.0,414.0043794061098,73.0,55.0,0.0,3.0,11.0,1.0,0.0,230.0,0.0,0.0,0.0,41.004379406109805,63726,0,0,0,35,SALT LAKE
1368,350463,398.0,1207.436013289835,3.0337588273613947,10.0,4.0,0.0,6.0,38.00299081392865,4.0,0.0,0.0,0.0,2.0,0.0,0.0,4.0,0.0,0.0,0.0,28.002990813928648,47226,0,0,0,35,SALT LAKE
1369,350464,0.0,0.0,0.0,2518.0,466.0,1.0,2051.0,2518.0,7.0,459.0,1.0,0.0,195.0,6.0,1.0,1849.0,0.0,0.0,0.0,0.0,49530,0,0,0,35,SALT LAKE
1370,350465,476.0,1286.120749609731,2.7019343479196034,752.0,279.0,80.0,393.0,815.0031508696422,168.0,111.0,9.0,71.0,18.0,19.0,0.0,356.0,0.0,0.0,29.99962598179778,33.00352488784448,49530,0,0,0,35,SALT LAKE
1371,350466,681.0,1874.3828259060977,2.75239768855521,827.0,181.0,60.0,586.0,975.0038803822513,113.0,68.0,10.0,50.0,104.0,41.0,4.0,437.0,0.0,0.0,99.99875327265927,48.00512710959197,41116,0,0,0,35,SALT LAKE
1372,350467,760.0,2620.951097893684,3.4486198656495843,343.0,30.0,82.0,231.0,403.0393191795827,28.0,2.0,52.0,30.0,0.0,91.0,0.0,140.0,3.033707865168539,0.0,3.9999501309063707,53.0056611835078,78175,536,0,0,35,SALT LAKE
1373,350468,979.0,3379.6967695498256,3.4521928187434376,429.0,11.0,50.0,368.0,497.0072634052553,11.0,0.0,5.0,45.0,0.0,142.0,78.0,148.0,0.0,0.0,0.0,68.00726340525529,74796,0,816,0,35,SALT LAKE
1374,350469,153.0,518.9445704907438,3.3917945783708743,288.0,1.0,47.0,240.0,301.02364687272717,1.0,0.0,1.0,46.0,1.0,84.0,10.0,145.0,2.02247191011236,0.0,0.0,11.001174962614826,60646,495,0,0,35,SALT LAKE
1375,350470,238.0,775.6066865818336,3.2588516242934187,694.0,471.0,9.0,214.0,739.0127151899881,465.0,6.0,2.0,7.0,1.0,36.0,44.0,133.0,1.0112359550561798,0.0,26.999663383618003,17.001815851313822,60646,483,0,0,35,SALT LAKE
1376,350471,769.0,2428.9228723510805,3.158547298245878,582.0,173.0,16.0,393.0,637.0170039533472,117.0,56.0,0.0,16.0,6.0,53.0,5.0,329.0,1.0112359550561798,0.0,0.0,54.00576799829096,58856,255,0,0,35,SALT LAKE
1377,350472,1031.0,3302.885479332784,3.2035746647262697,175.0,31.0,41.0,103.0,247.00769066438795,25.0,6.0,6.0,35.0,5.0,2.0,44.0,52.0,0.0,0.0,0.0,72.00769066438795,68968,0,0,0,35,SALT LAKE
1378,350473,440.0,1648.63257051211,3.746892205709341,693.0,150.0,109.0,434.0,737.0031491837238,121.0,29.0,5.0,104.0,12.0,90.0,4.0,328.0,0.0,0.0,12.999837925445705,31.003311258278146,64858,350,0,0,35,SALT LAKE
1379,350474,465.0,1671.113923746366,3.593793384400787,1222.0,547.0,10.0,665.0,1254.0034180730613,533.0,14.0,5.0,5.0,190.0,177.0,61.0,237.0,0.0,0.0,0.0,32.00341807306131,44924,550,0,0,35,SALT LAKE
1380,350475,221.0,736.2643184218855,3.3315127530402058,165.0,124.0,0.0,41.0,180.00160222174748,111.0,13.0,0.0,0.0,16.0,0.0,0.0,25.0,0.0,0.0,0.0,15.00160222174749,83458,0,0,0,35,SALT LAKE
1381,350476,83.0,288.51069983961924,3.4760325281881834,953.0,157.0,21.0,775.0,959.000640888699,152.0,5.0,12.0,9.0,14.0,198.0,2.0,561.0,0.0,0.0,0.0,6.000640888698996,83458,0,0,3170,35,SALT LAKE
1382,350477,647.0,2023.321791083044,3.127236153142263,913.0,316.0,18.0,579.0,958.0048066652424,203.0,113.0,4.0,14.0,5.0,25.0,21.0,528.0,0.0,0.0,0.0,45.00480666524247,37849,0,0,0,35,SALT LAKE
1383,350478,1060.0,2600.3431907622826,2.453153953549323,1408.0,156.0,0.0,1252.0,1754.0045131955874,56.0,100.0,0.0,0.0,243.0,408.0,39.0,562.0,0.0,0.0,271.99660890163324,74.00790429395428,51435,0,0,0,35,SALT LAKE
1384,350479,415.0,1031.3320796214962,2.485137541256617,1669.0,1251.0,5.0,413.0,1698.0030976287119,759.0,492.0,0.0,5.0,172.0,1.0,0.0,240.0,0.0,0.0,0.0,29.003097628711814,47387,0,0,0,35,SALT LAKE
1385,350480,593.0,1460.3512371752156,2.462649641104917,131.0,35.0,1.0,95.0,172.00437940610982,2.0,33.0,0.0,1.0,5.0,1.0,1.0,88.0,0.0,0.0,0.0,41.004379406109805,52933,0,0,0,35,SALT LAKE
1386,350481,686.0,1688.9116617234854,2.461970352366597,1164.0,124.0,117.0,923.0,1385.0029702712925,91.0,33.0,33.0,84.0,63.0,109.0,66.0,685.0,0.0,0.0,172.99784316170053,48.00512710959197,41157,840,0,0,35,SALT LAKE
1387,350482,726.0,1983.042699871669,2.7314637739279184,1597.0,638.0,188.0,771.0,1648.0054475539414,585.0,53.0,166.0,22.0,104.0,94.0,42.0,531.0,0.0,0.0,0.0,51.005447553941465,55456,0,0,0,35,SALT LAKE
1388,350483,782.0,2174.134202362845,2.7802227651698783,0.0,0.0,0.0,0.0,55.00587481307413,0.0,0.0,0.0,0.0,0.0,0.0,0.0,0.0,0.0,0.0,0.0,55.00587481307413,49968,0,0,0,35,SALT LAKE
1389,350484,1176.0,4005.4277679032857,3.405975993115039,13.0,0.0,6.0,7.0,96.59029494533164,0.0,0.0,0.0,6.0,1.0,0.0,0.0,6.0,0.0,1.581536133112017,0.0,82.00875881221961,58948,0,0,0,35,SALT LAKE
1390,350485,516.0,1828.4833963861583,3.543572473616586,101.0,19.0,44.0,38.0,137.00384533219398,14.0,5.0,1.0,43.0,2.0,2.0,1.0,33.0,0.0,0.0,0.0,36.003845332193976,70286,0,0,0,35,SALT LAKE
1391,350486,509.0,1860.331980134688,3.654876188869721,86.0,38.0,0.0,48.0,122.00384533219398,38.0,0.0,0.0,0.0,3.0,35.0,8.0,2.0,0.0,0.0,0.0,36.003845332193976,60179,0,0,0,35,SALT LAKE
1392,350487,228.0,819.6326699989183,3.5948801315742034,76.0,10.0,7.0,59.0,132.00121034559436,7.0,3.0,1.0,6.0,15.0,0.0,4.0,40.0,0.0,0.0,39.99950130906371,16.001709036530656,77419,0,0,0,35,SALT LAKE
1393,350488,257.0,915.1784212445066,3.561005530134267,31.0,1.0,4.0,26.0,49.00192266609699,1.0,0.0,2.0,2.0,0.0,0.0,1.0,25.0,0.0,0.0,0.0,18.001922666096988,77419,0,0,0,35,SALT LAKE
1394,350489,428.0,1357.3117015182088,3.1712890222388057,170.0,2.0,8.0,160.0,200.00320444349498,2.0,0.0,0.0,8.0,1.0,78.0,2.0,79.0,0.0,0.0,0.0,30.00320444349498,72491,555,0,0,35,SALT LAKE
1395,350490,406.0,1266.4495655297574,3.119333905245708,66.0,1.0,0.0,65.0,102.00289107574139,0.0,1.0,0.0,0.0,0.0,46.0,19.0,0.0,0.0,0.0,7.9999002618127415,28.002990813928648,65436,571,0,0,35,SALT LAKE
1396,350491,315.0,752.1886102961502,2.3879003501465084,0.0,0.0,0.0,0.0,22.00234992522965,0.0,0.0,0.0,0.0,0.0,0.0,0.0,0.0,0.0,0.0,0.0,22.00234992522965,66767,0,0,0,35,SALT LAKE
1397,350492,338.0,813.075608638927,2.405549137984991,0.0,0.0,0.0,0.0,29.002501218428947,0.0,0.0,0.0,0.0,0.0,0.0,0.0,0.0,0.0,0.0,4.999937663632964,24.002563554795984,47387,0,0,0,35,SALT LAKE
1398,350493,121.0,288.51069983961924,2.384385949087762,0.0,0.0,0.0,0.0,8.000854518265328,0.0,0.0,0.0,0.0,0.0,0.0,0.0,0.0,0.0,0.0,0.0,8.000854518265328,52933,0,0,0,35,SALT LAKE
1399,350494,1590.0,4022.2887828289777,2.529741372848413,205.0,29.0,3.0,173.0,316.0118564409314,22.0,7.0,2.0,1.0,7.0,32.0,15.0,119.0,0.0,0.0,0.0,111.01185644093142,31069,0,0,0,35,SALT LAKE
1400,350495,1035.0,2774.573678327767,2.6807475152925284,544.0,282.0,77.0,185.0,616.007690664388,279.0,3.0,53.0,24.0,4.0,19.0,4.0,158.0,0.0,0.0,0.0,72.00769066438795,59727,0,0,0,35,SALT LAKE
1401,350496,0.0,0.0,0.0,7114.0,17.0,822.0,6275.0,7114.0,5.0,12.0,63.0,759.0,331.0,2215.0,1.0,3728.0,0.0,0.0,0.0,0.0,79063,0,0,0,35,SALT LAKE
1402,350497,1.0,1.0,1.0,601.0,6.0,11.0,584.0,5000.945143997008,2.0,4.0,6.0,5.0,81.0,98.0,0.0,405.0,0.0,0.0,4399.945143997008,0.0,79063,0,0,0,35,SALT LAKE
1403,350498,0.0,0.0,0.0,1267.0,12.0,445.0,810.0,1267.0,12.0,0.0,6.0,439.0,13.0,231.0,0.0,566.0,0.0,0.0,0.0,0.0,91680,0,0,0,35,SALT LAKE
1404,350499,221.0,780.2903018389702,3.530725347687648,50.0,6.0,0.0,44.0,65.00160222174749,6.0,0.0,0.0,0.0,0.0,20.0,14.0,10.0,0.0,0.0,0.0,15.00160222174749,91680,0,0,0,35,SALT LAKE
1405,350500,565.0,2159.146633540008,3.821498466442492,224.0,1.0,59.0,164.0,263.00416577654346,1.0,0.0,25.0,34.0,0.0,59.0,1.0,104.0,0.0,0.0,0.0,39.00416577654347,86131,590,0,0,35,SALT LAKE
1406,350501,256.0,978.8755887415654,3.82373276852174,1137.0,378.0,53.0,706.0,1156.0131586211533,378.0,0.0,0.0,53.0,1.0,452.0,0.0,253.0,1.0112359550561798,0.0,0.0,18.001922666096988,78083,0,0,2559,35,SALT LAKE
1407,350502,379.0,1359.1851476210634,3.586240495042384,395.0,89.0,226.0,80.0,422.0140131394185,69.0,20.0,15.0,211.0,2.0,10.0,38.0,30.0,1.0112359550561798,0.0,0.0,26.00277718436232,74436,0,0,0,35,SALT LAKE
1408,350503,485.0,1726.380583780579,3.559547595423874,16.0,11.0,0.0,5.0,50.003631702627644,11.0,0.0,0.0,0.0,0.0,0.0,0.0,5.0,0.0,0.0,0.0,34.003631702627644,66802,0,0,0,35,SALT LAKE
1409,350504,530.0,1590.5557413236152,3.001048568535123,8.0,0.0,2.0,6.0,64.0037152687824,0.0,0.0,2.0,0.0,1.0,0.0,0.0,5.0,0.0,0.0,18.999763121805263,37.00395214697714,53952,0,0,0,35,SALT LAKE
1410,350505,420.0,1303.9184875868507,3.1045678275877395,134.0,46.0,54.0,34.0,166.03680549388037,11.0,35.0,53.0,1.0,4.0,0.0,1.0,29.0,3.033707865168539,0.0,0.0,29.003097628711814,63957,0,0,0,35,SALT LAKE
1411,350506,381.0,1382.6032239067467,3.6288798527736135,14.0,5.0,0.0,9.0,41.00288399914548,3.0,2.0,0.0,0.0,0.0,0.0,1.0,8.0,0.0,0.0,0.0,27.00288399914548,82752,0,0,0,35,SALT LAKE
1412,350507,261.0,984.4959270501294,3.772015046169078,497.0,25.0,79.0,393.0,515.001922666097,25.0,0.0,0.0,79.0,1.0,8.0,356.0,28.0,0.0,0.0,0.0,18.001922666096988,82752,0,0,0,35,SALT LAKE
1413,350508,527.0,1744.1783217576983,3.3096362841702054,55.0,6.0,0.0,49.0,92.00395214697714,6.0,0.0,0.0,0.0,0.0,43.0,0.0,6.0,0.0,0.0,0.0,37.00395214697714,65997,378,0,0,35,SALT LAKE
1414,350509,536.0,1615.847263712153,3.0146404173734203,111.0,0.0,0.0,111.0,148.00395214697716,0.0,0.0,0.0,0.0,1.0,110.0,0.0,0.0,0.0,0.0,0.0,37.00395214697714,80130,0,720,0,35,SALT LAKE
1415,350510,625.0,2383.960165882568,3.814336265412109,0.0,0.0,0.0,0.0,44.0046998504593,0.0,0.0,0.0,0.0,0.0,0.0,0.0,0.0,0.0,0.0,0.0,44.0046998504593,91680,0,0,0,35,SALT LAKE
1416,350511,880.0,3156.75668331012,3.5872235037615,112.0,37.0,7.0,68.0,173.00651570177314,36.0,1.0,1.0,6.0,0.0,56.0,1.0,11.0,0.0,0.0,0.0,61.006515701773125,75952,0,0,0,35,SALT LAKE
1417,350512,365.0,1299.234872329714,3.5595475954238736,178.0,1.0,24.0,153.0,203.00267036957916,1.0,0.0,0.0,24.0,14.0,87.0,4.0,48.0,0.0,0.0,0.0,25.00267036957915,71522,501,0,0,35,SALT LAKE
1418,350513,482.0,1388.223562215311,2.8801318718159976,132.0,17.0,4.0,111.0,166.00363170262764,17.0,0.0,3.0,1.0,0.0,93.0,0.0,18.0,0.0,0.0,0.0,34.003631702627644,51081,458,693,0,35,SALT LAKE
1419,350514,622.0,1903.4212405003448,3.0601627660777253,406.0,315.0,1.0,90.0,449.0045930356761,315.0,0.0,1.0,0.0,2.0,19.0,2.0,67.0,0.0,0.0,0.0,43.00459303567614,57679,0,0,0,35,SALT LAKE
1420,350515,465.0,1591.4924643750426,3.4225644395162207,681.0,488.0,0.0,193.0,713.0034180730613,443.0,45.0,0.0,0.0,3.0,12.0,22.0,156.0,0.0,0.0,0.0,32.00341807306131,68359,0,0,0,35,SALT LAKE
1421,350516,121.0,432.7660497594289,3.576578923631644,193.0,39.0,0.0,154.0,201.00085451826533,39.0,0.0,0.0,0.0,42.0,0.0,88.0,24.0,0.0,0.0,0.0,8.000854518265328,68359,0,0,0,35,SALT LAKE
1422,350517,519.0,1636.4551708435547,3.153092814727465,17.0,0.0,0.0,17.0,53.003845332193976,0.0,0.0,0.0,0.0,0.0,0.0,0.0,17.0,0.0,0.0,0.0,36.003845332193976,67096,0,0,0,35,SALT LAKE
1423,350518,630.0,1840.6607960547135,2.9216838032614505,462.0,77.0,3.0,382.0,506.0046998504593,5.0,72.0,3.0,0.0,27.0,72.0,43.0,240.0,0.0,0.0,0.0,44.0046998504593,59173,369,0,0,35,SALT LAKE
1424,350519,0.0,0.0,0.0,237.0,0.0,45.0,192.0,237.0,0.0,0.0,5.0,40.0,4.0,106.0,0.0,82.0,0.0,0.0,0.0,0.0,91680,0,0,0,35,SALT LAKE
1425,350520,0.0,0.0,0.0,1333.0,20.0,1144.0,169.0,1543.997369405311,20.0,0.0,1087.0,57.0,12.0,12.0,0.0,145.0,0.0,0.0,210.99736940531105,0.0,91680,0,0,0,35,SALT LAKE
1426,350521,314.0,1195.25861362128,3.8065560943352863,1217.0,30.0,204.0,983.0,1239.0023499252297,30.0,0.0,4.0,200.0,491.0,260.0,0.0,232.0,0.0,0.0,0.0,22.00234992522965,91680,414,0,0,35,SALT LAKE
1427,350522,0.0,0.0,0.0,828.0,0.0,826.0,2.0,828.0,0.0,0.0,592.0,234.0,0.0,1.0,0.0,1.0,0.0,0.0,0.0,0.0,91680,0,0,0,35,SALT LAKE
1428,350523,0.0,0.0,0.0,85.0,0.0,71.0,14.0,85.0,0.0,0.0,0.0,71.0,5.0,2.0,0.0,7.0,0.0,0.0,0.0,0.0,91680,0,0,0,35,SALT LAKE
1429,350524,0.0,0.0,0.0,1782.0,0.0,594.0,1188.0,1807.2808988764045,0.0,0.0,69.0,525.0,43.0,314.0,1.0,830.0,25.280898876404496,0.0,0.0,0.0,79063,0,0,0,35,SALT LAKE
1430,350525,14.0,46.83615257136676,3.34543946938334,0.0,0.0,0.0,0.0,31.055974908228883,0.0,0.0,0.0,0.0,0.0,0.0,0.0,0.0,5.056179775280899,0.0,24.999688318164818,1.000106814783166,79063,0,0,0,35,SALT LAKE
1431,350526,3.0,5.620338308564012,1.8734461028546707,0.0,0.0,0.0,0.0,0.0,0.0,0.0,0.0,0.0,0.0,0.0,0.0,0.0,0.0,0.0,0.0,0.0,67420,0,0,0,35,SALT LAKE
1432,350527,0.0,0.0,0.0,550.0,0.0,483.0,67.0,708.1536133112018,0.0,0.0,481.0,2.0,1.0,60.0,0.0,6.0,0.0,158.1536133112017,0.0,0.0,67420,0,0,0,35,SALT LAKE
1433,350528,796.0,2979.716026590353,3.743361842450193,355.0,4.0,302.0,49.0,416.0621614031382,4.0,0.0,298.0,4.0,2.0,36.0,2.0,9.0,5.056179775280899,0.0,0.0,56.005981627857295,67420,0,0,0,35,SALT LAKE
1434,350529,448.0,1315.159164203979,2.935623134383881,415.0,6.0,248.0,161.0,3488.1791058368353,6.0,0.0,246.0,2.0,2.0,48.0,0.0,111.0,19.213483146067414,0.0,3022.9623114324895,31.003311258278146,79063,0,0,0,35,SALT LAKE
1435,350530,48.0,138.63501161124563,2.888229408567617,4.0,3.0,0.0,1.0,14.078972129742755,2.0,1.0,0.0,0.0,0.0,0.0,0.0,1.0,7.078651685393258,0.0,0.0,3.000320444349498,87196,0,0,0,35,SALT LAKE
1436,350531,612.0,2054.2336517801464,3.356590934281285,315.0,0.0,279.0,36.0,358.0045930356761,0.0,0.0,0.0,279.0,5.0,12.0,2.0,17.0,0.0,0.0,0.0,43.00459303567614,87196,743,0,0,35,SALT LAKE
1437,350532,504.0,1329.2100099753886,2.6373214483638665,954.0,562.0,6.0,386.0,1320.0333571169017,494.0,68.0,5.0,1.0,5.0,133.0,9.0,239.0,3.033707865168539,0.0,327.9959107343224,35.00373851741081,99059,0,0,0,35,SALT LAKE
1438,350533,681.0,2152.5895721800166,3.1609244819089817,328.0,262.0,12.0,54.0,376.00512710959197,258.0,4.0,0.0,12.0,5.0,1.0,0.0,48.0,0.0,0.0,0.0,48.00512710959197,87196,0,0,0,35,SALT LAKE
1439,350534,0.0,0.0,0.0,2387.0,48.0,1320.0,1019.0,2387.0,48.0,0.0,727.0,593.0,264.0,281.0,0.0,474.0,0.0,0.0,0.0,0.0,35942,0,0,0,35,SALT LAKE
1440,350535,0.0,0.0,0.0,3131.0,280.0,1887.0,964.0,3131.0,280.0,0.0,1102.0,785.0,57.0,335.0,1.0,571.0,0.0,0.0,0.0,0.0,35942,0,0,0,35,SALT LAKE
1441,350536,0.0,0.0,0.0,401.0,1.0,289.0,111.0,401.0,1.0,0.0,167.0,122.0,36.0,28.0,0.0,47.0,0.0,0.0,0.0,0.0,35942,0,0,0,35,SALT LAKE
1442,350537,135.0,312.86549917673,2.3175222161239257,237.0,41.0,85.0,111.0,246.0009613330485,5.0,36.0,5.0,80.0,1.0,5.0,0.0,105.0,0.0,0.0,0.0,9.000961333048494,35942,0,0,0,35,SALT LAKE
1443,350538,63.0,154.55930348551033,2.453322277547783,354.0,71.0,164.0,119.0,438.9994174099867,61.0,10.0,11.0,153.0,1.0,28.0,0.0,90.0,0.0,0.0,80.99899015085401,4.000427259132664,35942,0,0,0,35,SALT LAKE
1444,350539,206.0,428.0824345022922,2.0780700703994768,386.0,47.0,57.0,282.0,400.0014954069643,35.0,12.0,37.0,20.0,13.0,9.0,0.0,260.0,0.0,0.0,0.0,14.001495406964324,35942,0,0,0,35,SALT LAKE
1445,350540,309.0,725.9603648561848,2.3493862940329606,438.0,116.0,52.0,270.0,460.0023499252296,101.0,15.0,47.0,5.0,93.0,5.0,5.0,167.0,0.0,0.0,0.0,22.00234992522965,35942,0,0,0,35,SALT LAKE
1446,350541,238.0,576.0846766278112,2.4205238513773577,394.0,90.0,1.0,303.0,411.00181585131384,36.0,54.0,1.0,0.0,13.0,23.0,127.0,140.0,0.0,0.0,0.0,17.001815851313822,35282,0,0,0,35,SALT LAKE
1447,350542,73.0,133.95139635410894,1.8349506349877935,198.0,1.0,95.0,102.0,203.00053407391584,1.0,0.0,0.0,95.0,1.0,39.0,23.0,39.0,0.0,0.0,0.0,5.00053407391583,64400,0,0,0,35,SALT LAKE
1448,350543,0.0,0.0,0.0,572.0,16.0,236.0,320.0,572.0,15.0,1.0,136.0,100.0,84.0,45.0,0.0,191.0,0.0,0.0,0.0,0.0,35942,0,0,0,35,SALT LAKE
1449,350544,107.0,260.4090082967992,2.433729049502796,850.0,123.0,4.0,723.0,857.0007477034821,37.0,86.0,4.0,0.0,151.0,31.0,64.0,477.0,0.0,0.0,0.0,7.000747703482162,35942,0,0,0,35,SALT LAKE
1450,350545,58.0,123.64744278840826,2.131852461869108,449.0,19.0,368.0,62.0,453.00042725913266,19.0,0.0,286.0,82.0,2.0,28.0,0.0,32.0,0.0,0.0,0.0,4.000427259132664,35942,0,0,0,35,SALT LAKE
1451,350546,77.0,179.85082587404838,2.3357250113512777,1420.0,675.0,222.0,523.0,1425.0005340739158,674.0,1.0,175.0,47.0,17.0,394.0,1.0,111.0,0.0,0.0,0.0,5.00053407391583,35942,0,0,0,35,SALT LAKE
1452,350547,110.0,243.5479933711072,2.214072667010065,771.0,85.0,114.0,572.0,779.0008545182653,85.0,0.0,46.0,68.0,16.0,45.0,0.0,511.0,0.0,0.0,0.0,8.000854518265328,35942,0,0,0,35,SALT LAKE
1453,350548,106.0,231.37059370255184,2.1827414500240736,304.0,61.0,93.0,150.0,378.99989992889044,60.0,1.0,30.0,63.0,15.0,15.0,67.0,53.0,0.0,0.0,67.99915222540831,7.000747703482162,35942,0,0,0,35,SALT LAKE
1454,350549,199.0,408.4112504223182,2.0523178413181817,374.0,16.0,30.0,328.0,403.0013083978632,16.0,0.0,19.0,11.0,95.0,69.0,0.0,164.0,0.0,0.0,14.99981299089889,14.001495406964324,35942,0,0,0,35,SALT LAKE
1455,350550,124.0,295.06776119961063,2.379578719351698,1140.0,438.0,61.0,641.0,1357.9983556729064,438.0,0.0,50.0,11.0,68.0,35.0,4.0,534.0,0.0,0.0,208.99739433985786,9.000961333048494,35942,0,0,0,35,SALT LAKE
1456,350551,1.0,1.0,1.0,2281.0,12.0,76.0,2193.0,2281.0,12.0,0.0,53.0,23.0,122.0,512.0,1.0,1558.0,0.0,0.0,0.0,0.0,35942,510,0,147,35,SALT LAKE
1457,350552,286.0,670.693704821972,2.345082883992909,1245.0,191.0,233.0,821.0,1265.0021362956634,140.0,51.0,6.0,227.0,119.0,49.0,109.0,544.0,0.0,0.0,0.0,20.00213629566332,55638,0,0,0,35,SALT LAKE
1458,350553,552.0,1223.3603051640998,2.2162324368914854,347.0,212.0,40.0,95.0,386.00416577654346,212.0,0.0,0.0,40.0,5.0,10.0,12.0,68.0,0.0,0.0,0.0,39.00416577654347,35282,0,0,0,35,SALT LAKE
1459,350554,420.0,955.457512455882,2.2748988391806715,227.0,6.0,25.0,196.0,267.00296048870433,6.0,0.0,1.0,24.0,1.0,7.0,63.0,125.0,0.0,0.0,10.99986285999252,29.003097628711814,73969,0,0,0,35,SALT LAKE
1460,350555,752.0,1677.6709851063574,2.2309454589180286,0.0,0.0,0.0,0.0,52.00555436872463,0.0,0.0,0.0,0.0,0.0,0.0,0.0,0.0,0.0,0.0,0.0,52.00555436872463,64400,0,0,0,35,SALT LAKE
1461,350556,0.0,0.0,0.0,408.0,76.0,244.0,88.0,408.0,68.0,8.0,58.0,186.0,30.0,9.0,0.0,49.0,0.0,0.0,0.0,0.0,35942,0,0,0,35,SALT LAKE
1462,350557,0.0,0.0,0.0,718.0,22.0,399.0,297.0,718.0,15.0,7.0,170.0,229.0,76.0,81.0,0.0,140.0,0.0,0.0,0.0,0.0,35942,0,0,0,35,SALT LAKE
1463,350558,105.0,259.4722852453719,2.471164621384494,480.0,78.0,251.0,151.0,487.00074770348215,78.0,0.0,131.0,120.0,22.0,41.0,0.0,88.0,0.0,0.0,0.0,7.000747703482162,35942,0,0,0,35,SALT LAKE
1464,350559,372.0,773.7332404789789,2.0799280658037067,429.0,38.0,240.0,151.0,455.00277718436234,38.0,0.0,81.0,159.0,22.0,20.0,0.0,109.0,0.0,0.0,0.0,26.00277718436232,35942,0,0,0,35,SALT LAKE
1465,350560,118.0,248.23160862824383,2.1036577002393546,916.0,24.0,319.0,573.0,924.0008545182653,14.0,10.0,267.0,52.0,218.0,111.0,1.0,243.0,0.0,0.0,0.0,8.000854518265328,35942,0,0,0,35,SALT LAKE
1466,350561,191.0,430.89260365657424,2.2559822180972477,814.0,96.0,45.0,673.0,866.0009023685183,86.0,10.0,39.0,6.0,114.0,169.0,52.0,338.0,0.0,0.0,38.99951377633712,13.001388592181158,35942,0,0,0,35,SALT LAKE
1467,350562,705.0,1599.9229718378886,2.2693942862948773,342.0,135.0,16.0,191.0,400.0051217189145,115.0,20.0,16.0,0.0,20.0,7.0,33.0,131.0,0.0,0.0,8.999887794539335,49.00523392437513,44808,0,0,0,35,SALT LAKE
1468,350563,627.0,1390.0970083181655,2.217060619327217,53.0,12.0,3.0,38.0,115.00447543953797,12.0,0.0,0.0,3.0,0.0,2.0,0.0,36.0,0.0,0.0,17.99977558907867,44.0046998504593,48770,0,0,0,35,SALT LAKE
1469,350564,281.0,587.3253532449392,2.09012581225957,1807.0,167.0,634.0,1006.0,1827.0021362956634,167.0,0.0,108.0,526.0,41.0,222.0,128.0,615.0,0.0,0.0,0.0,20.00213629566332,35942,0,0,0,35,SALT LAKE
1470,350565,0.0,0.0,0.0,816.0,57.0,366.0,393.0,816.0,56.0,1.0,38.0,328.0,6.0,26.0,1.0,360.0,0.0,0.0,0.0,0.0,35942,0,0,0,35,SALT LAKE
1471,350566,6.0,9.367230514273352,1.5612050857122253,1047.0,206.0,139.0,702.0,1047.0,205.0,1.0,60.0,79.0,19.0,384.0,0.0,299.0,0.0,0.0,0.0,0.0,73990,0,0,0,35,SALT LAKE
1472,350567,82.0,169.54687230834767,2.0676447842481425,736.0,42.0,293.0,401.0,742.000640888699,39.0,3.0,126.0,167.0,31.0,33.0,1.0,336.0,0.0,0.0,0.0,6.000640888698996,73990,0,0,0,35,SALT LAKE
1473,350568,76.0,150.81241127980098,1.9843738326289604,661.0,29.0,135.0,497.0,673.000446803002,26.0,3.0,34.0,101.0,64.0,15.0,2.0,416.0,0.0,0.0,6.999912729086149,5.00053407391583,73990,0,0,0,35,SALT LAKE
1474,350569,161.0,312.86549917673,1.9432639700418013,1025.0,135.0,210.0,680.0,1046.0010502898808,112.0,23.0,72.0,138.0,263.0,32.0,6.0,379.0,0.0,0.0,9.999875327265928,11.001174962614826,73990,0,0,0,35,SALT LAKE
1475,350570,195.0,466.488079610813,2.3922465621067333,881.0,135.0,36.0,710.0,924.0011338560355,76.0,59.0,27.0,9.0,153.0,21.0,28.0,508.0,0.0,0.0,28.99963844907119,14.001495406964324,73990,0,0,0,35,SALT LAKE
1476,350571,539.0,1241.1580431412192,2.3027050893158054,620.0,209.0,28.0,383.0,666.003959223573,122.0,87.0,28.0,0.0,62.0,108.0,4.0,209.0,0.0,0.0,7.9999002618127415,38.00405896176031,32056,0,589,0,35,SALT LAKE
1477,350572,402.0,895.5072371645325,2.2276299431953546,426.0,49.0,27.0,350.0,454.00299081392865,46.0,3.0,21.0,6.0,4.0,12.0,1.0,333.0,0.0,0.0,0.0,28.002990813928648,38639,0,0,0,35,SALT LAKE
1478,350573,535.0,1233.6642587298006,2.305914502298693,110.0,29.0,0.0,81.0,184.0034908578611,27.0,2.0,0.0,0.0,1.0,3.0,6.0,71.0,0.0,0.0,36.99953871088393,37.00395214697714,61053,0,0,0,35,SALT LAKE
1479,350574,75.0,148.00224212551896,1.973363228340253,4533.0,223.0,1322.0,2988.0,4539.011770028972,206.0,17.0,35.0,1287.0,86.0,2052.0,307.0,543.0,1.0112359550561798,0.0,0.0,5.00053407391583,36964,0,0,0,35,SALT LAKE
1480,350575,0.0,0.0,0.0,1538.0,76.0,1134.0,328.0,1611.9990774217679,76.0,0.0,862.0,272.0,14.0,6.0,4.0,304.0,0.0,0.0,73.99907742176786,0.0,33860,0,0,0,35,SALT LAKE
1481,350576,17.0,28.101691542820056,1.653040678989415,947.0,227.0,479.0,241.0,1011.9993089092851,176.0,51.0,301.0,178.0,6.0,21.0,0.0,214.0,0.0,0.0,63.99920209450193,1.000106814783166,73990,0,0,0,35,SALT LAKE
1482,350577,103.0,206.07907131401376,2.000767682660328,561.0,114.0,143.0,304.0,593.0004360216469,112.0,2.0,121.0,22.0,29.0,39.0,4.0,232.0,0.0,0.0,24.999688318164818,7.000747703482162,73990,0,0,0,35,SALT LAKE
1483,350578,76.0,148.9389651769463,1.9597232260124515,874.0,130.0,187.0,557.0,879.0005340739158,47.0,83.0,167.0,20.0,17.0,48.0,246.0,246.0,0.0,0.0,0.0,5.00053407391583,73990,0,0,0,35,SALT LAKE
1484,350579,27.0,52.456490879930776,1.942832995552992,1118.0,501.0,143.0,474.0,1120.0002136295664,320.0,181.0,130.0,13.0,16.0,37.0,44.0,377.0,0.0,0.0,0.0,2.000213629566332,73990,0,0,0,35,SALT LAKE
1485,350580,771.0,1980.232530717387,2.5683949814752096,496.0,148.0,12.0,336.0,567.005556054643,70.0,78.0,9.0,3.0,13.0,11.0,2.0,310.0,0.0,0.0,16.999788056352077,54.00576799829096,31220,0,0,0,35,SALT LAKE
1486,350581,766.0,1961.49806968884,2.5607024408470496,214.0,62.0,13.0,139.0,277.0055365107737,50.0,12.0,0.0,13.0,10.0,3.0,3.0,123.0,0.0,0.0,9.999875327265928,53.0056611835078,37045,0,0,0,35,SALT LAKE
1487,350582,259.0,635.0982288677333,2.452116713775032,102.0,5.0,4.0,93.0,133.00176059154268,5.0,0.0,0.0,4.0,1.0,2.0,0.0,90.0,0.0,0.0,12.999837925445705,18.001922666096988,66057,0,0,0,35,SALT LAKE
1488,350583,1174.0,2288.41441463698,1.9492456683449573,0.0,0.0,0.0,0.0,82.00875881221961,0.0,0.0,0.0,0.0,0.0,0.0,0.0,0.0,0.0,0.0,0.0,82.00875881221961,36964,0,0,0,35,SALT LAKE
1489,350584,393.0,771.8597943761242,1.964019833018128,628.0,45.0,119.0,464.0,666.002746859138,45.0,0.0,68.0,51.0,95.0,54.0,65.0,250.0,0.0,0.0,10.99986285999252,27.00288399914548,33860,0,0,0,35,SALT LAKE
1490,350585,0.0,0.0,0.0,26.0,0.0,26.0,0.0,26.0,0.0,0.0,26.0,0.0,0.0,0.0,0.0,0.0,0.0,0.0,0.0,0.0,73990,0,0,0,35,SALT LAKE
1491,350586,61.0,160.1796417940743,2.6258957671159724,870.0,114.0,557.0,199.0,909.9999784372901,114.0,0.0,245.0,312.0,5.0,84.0,12.0,98.0,0.0,0.0,35.99955117815734,4.000427259132664,73990,0,0,0,35,SALT LAKE
1492,350587,541.0,1156.852968512759,2.138360385420996,137.0,5.0,69.0,63.0,175.0040589617603,5.0,0.0,55.0,14.0,21.0,23.0,2.0,17.0,0.0,0.0,0.0,38.00405896176031,73990,0,0,0,35,SALT LAKE
1493,350588,105.0,212.6361326740051,2.025106025466715,1543.0,79.0,818.0,646.0,1602.000099405265,66.0,13.0,629.0,189.0,22.0,540.0,2.0,82.0,0.0,0.0,51.99935170178282,7.000747703482162,73990,0,0,0,35,SALT LAKE
1494,350589,15.0,30.911860697102064,2.060790713140137,1375.0,177.0,125.0,1073.0,1646.9967281836898,113.0,64.0,90.0,35.0,16.0,125.0,164.0,768.0,0.0,0.0,270.99662136890663,1.000106814783166,73990,0,0,0,35,SALT LAKE
1495,350590,604.0,1567.1376650379318,2.594598783175384,782.0,219.0,73.0,490.0,898.0035636426609,203.0,16.0,55.0,18.0,15.0,15.0,40.0,420.0,0.0,0.0,73.99907742176786,42.00448622089297,38104,0,0,0,35,SALT LAKE
1496,350591,391.0,1040.6993101357696,2.661635064285856,905.0,4.0,343.0,558.0,951.0026471209508,3.0,1.0,72.0,271.0,22.0,190.0,54.0,292.0,0.0,0.0,18.999763121805263,27.00288399914548,37045,1377,111,167,35,SALT LAKE
1497,350592,265.0,613.5535986849046,2.315296598810961,796.0,17.0,19.0,760.0,874.0011746296926,2.0,15.0,2.0,17.0,271.0,81.0,349.0,59.0,0.0,0.0,59.99925196359556,18.001922666096988,66057,27,48,504,35,SALT LAKE
1498,350593,245.0,455.24740299368494,1.8581526652803464,7.0,5.0,0.0,2.0,24.001815851313822,5.0,0.0,0.0,0.0,0.0,1.0,1.0,0.0,0.0,0.0,0.0,17.001815851313822,55218,0,0,0,35,SALT LAKE
1499,350594,406.0,969.508358227292,2.387951621249488,288.0,169.0,5.0,114.0,316.00299081392865,154.0,15.0,0.0,5.0,18.0,66.0,17.0,13.0,0.0,0.0,0.0,28.002990813928648,85912,0,0,0,35,SALT LAKE
1500,350595,297.0,710.0360729819201,2.390693848423973,0.0,0.0,0.0,0.0,21.00224311044649,0.0,0.0,0.0,0.0,0.0,0.0,0.0,0.0,0.0,0.0,0.0,21.00224311044649,62937,0,0,0,35,SALT LAKE
1501,350596,467.0,1127.8145539185116,2.415020458069618,199.0,1.0,0.0,198.0,232.0035248878445,1.0,0.0,0.0,0.0,6.0,97.0,2.0,93.0,0.0,0.0,0.0,33.00352488784448,106825,406,0,0,35,SALT LAKE
1502,350597,569.0,1531.542189083693,2.691638293644452,331.0,105.0,15.0,211.0,371.00427259132664,55.0,50.0,3.0,12.0,19.0,53.0,47.0,92.0,0.0,0.0,0.0,40.00427259132664,96711,513,0,0,35,SALT LAKE
1503,350598,412.0,1044.4462023414787,2.5350635979162104,981.0,609.0,0.0,372.0,1020.0029729559777,489.0,120.0,0.0,0.0,39.0,16.0,45.0,272.0,0.0,0.0,9.999875327265928,29.003097628711814,106978,0,0,0,35,SALT LAKE
1504,350599,779.0,2006.460776157352,2.575687774271312,97.0,5.0,0.0,92.0,212.00500749461312,5.0,0.0,0.0,0.0,18.0,50.0,5.0,19.0,0.0,0.0,60.999239496322154,54.00576799829096,106986,295,0,0,35,SALT LAKE
1505,350600,345.0,617.3004908906139,1.7892767851901852,178.0,48.0,4.0,126.0,202.00256355479598,20.0,28.0,0.0,4.0,6.0,41.0,0.0,79.0,0.0,0.0,0.0,24.002563554795984,55182,324,0,0,35,SALT LAKE
1506,350601,326.0,673.503873976254,2.065962803608141,502.0,27.0,10.0,465.0,543.0022323290915,27.0,0.0,10.0,0.0,190.0,52.0,1.0,222.0,0.0,0.0,17.99977558907867,23.002456740012818,49157,0,0,0,35,SALT LAKE
1507,350602,252.0,580.7682918849479,2.304636078908523,1197.0,182.0,43.0,972.0,1227.001773058816,97.0,85.0,7.0,36.0,235.0,109.0,139.0,489.0,0.0,0.0,11.999850392719113,18.001922666096988,46273,0,0,0,35,SALT LAKE
1508,350603,462.0,1142.802122741349,2.473597668271318,309.0,69.0,19.0,221.0,341.0034180730613,68.0,1.0,4.0,15.0,18.0,95.0,39.0,69.0,0.0,0.0,0.0,32.00341807306131,90985,0,0,0,35,SALT LAKE
1509,350604,363.0,867.4055456217125,2.3895469576355715,10.0,0.0,0.0,10.0,38.00263296775893,0.0,0.0,0.0,0.0,0.0,7.0,0.0,3.0,0.0,0.0,2.999962598179778,25.00267036957915,106530,0,0,0,35,SALT LAKE
1510,350605,279.0,664.1366434619807,2.380418076924662,120.0,2.0,2.0,116.0,139.00202948088017,2.0,0.0,0.0,2.0,8.0,3.0,36.0,69.0,0.0,0.0,0.0,19.002029480880157,71881,0,0,0,35,SALT LAKE
1511,350606,358.0,897.3806832673872,2.506649953260858,421.0,146.0,6.0,269.0,470.0023711550174,139.0,7.0,4.0,2.0,58.0,36.0,9.0,166.0,0.0,0.0,23.999700785438225,25.00267036957915,51794,0,0,0,35,SALT LAKE
1512,350607,376.0,970.4450812787192,2.5809709608476576,223.0,20.0,1.0,202.0,271.00250290434735,11.0,9.0,1.0,0.0,11.0,1.0,47.0,143.0,0.0,0.0,21.99972571998504,26.00277718436232,74894,0,0,0,35,SALT LAKE
1513,350608,610.0,1345.1343018496534,2.20513819975353,278.0,175.0,7.0,96.0,427.00327150469496,174.0,1.0,0.0,7.0,36.0,0.0,6.0,54.0,0.0,0.0,105.99867846901883,43.00459303567614,52063,0,0,0,35,SALT LAKE
1514,350609,305.0,623.8575522506053,2.045434597542968,406.0,13.0,8.0,385.0,427.0022431104465,13.0,0.0,8.0,0.0,88.0,47.0,26.0,224.0,0.0,0.0,0.0,21.00224311044649,41199,0,0,0,35,SALT LAKE
1515,350610,408.0,859.9117612102938,2.1076268657115045,399.0,81.0,26.0,292.0,427.00299081392865,62.0,19.0,25.0,1.0,19.0,59.0,28.0,186.0,0.0,0.0,0.0,28.002990813928648,81057,0,0,0,35,SALT LAKE
1516,350611,318.0,706.2891807762107,2.221035159673619,705.0,214.0,37.0,454.0,727.0023499252296,161.0,53.0,0.0,37.0,15.0,3.0,225.0,211.0,0.0,0.0,0.0,22.00234992522965,56355,0,0,0,35,SALT LAKE
1517,350612,245.0,560.1603847535465,2.2863689173614143,361.0,43.0,0.0,318.0,402.00151663675206,7.0,36.0,0.0,0.0,12.0,42.0,26.0,238.0,0.0,0.0,23.999700785438225,17.001815851313822,121244,0,0,0,35,SALT LAKE
1518,350613,261.0,672.5671509248267,2.5768856357273053,58.0,0.0,0.0,58.0,76.00192266609699,0.0,0.0,0.0,0.0,2.0,1.0,0.0,55.0,0.0,0.0,0.0,18.001922666096988,76631,0,0,0,35,SALT LAKE
1519,350614,550.0,1425.6924842724045,2.5921681532225533,924.0,158.0,43.0,723.0,962.0040589617603,55.0,103.0,11.0,32.0,19.0,226.0,106.0,372.0,0.0,0.0,0.0,38.00405896176031,60917,0,726,0,35,SALT LAKE
1520,350615,380.0,981.6857578958474,2.5833835734101247,66.0,16.0,0.0,50.0,175.0018616827261,5.0,11.0,0.0,0.0,2.0,10.0,24.0,14.0,0.0,0.0,81.9989776835806,27.00288399914548,60952,0,0,0,35,SALT LAKE
1521,350616,687.0,1824.7365041804487,2.656093892547961,612.0,51.0,238.0,323.0,677.004915165944,14.0,37.0,10.0,228.0,8.0,58.0,73.0,184.0,0.0,0.0,16.999788056352077,48.00512710959197,86077,0,0,0,35,SALT LAKE
1522,350617,458.0,1013.5343416443768,2.21295707782615,1045.0,28.0,15.0,1002.0,1090.003255998507,1.0,27.0,15.0,0.0,256.0,121.0,219.0,406.0,0.0,0.0,12.999837925445705,32.00341807306131,52063,0,0,0,35,SALT LAKE
1523,350618,458.0,1037.8891409814876,2.266133495592768,326.0,48.0,2.0,276.0,358.0034180730613,9.0,39.0,0.0,2.0,88.0,6.0,30.0,152.0,0.0,0.0,0.0,32.00341807306131,41199,0,0,0,35,SALT LAKE
1524,350619,258.0,572.3377844221019,2.218363505512023,1121.0,28.0,0.0,1093.0,1139.001922666097,0.0,28.0,0.0,0.0,100.0,74.0,897.0,22.0,0.0,0.0,0.0,18.001922666096988,81057,398,0,0,35,SALT LAKE
1525,350620,646.0,1450.047283609515,2.244655237785627,1990.0,125.0,745.0,1120.0,2051.004607188868,100.0,25.0,4.0,741.0,71.0,303.0,221.0,525.0,0.0,0.0,15.999800523625483,45.00480666524247,49685,0,0,0,35,SALT LAKE
1526,350621,217.0,488.969432845069,2.253315358733037,114.0,12.0,0.0,102.0,140.00146508174,1.0,11.0,0.0,0.0,12.0,62.0,10.0,18.0,0.0,0.0,10.99986285999252,15.00160222174749,121244,654,0,0,35,SALT LAKE
1527,350622,243.0,620.1106600448959,2.551895720349366,0.0,0.0,0.0,0.0,17.001815851313822,0.0,0.0,0.0,0.0,0.0,0.0,0.0,0.0,0.0,0.0,0.0,17.001815851313822,76631,0,0,0,35,SALT LAKE
1528,350623,375.0,956.3942355073092,2.5503846280194917,226.0,17.0,0.0,209.0,252.00277718436232,17.0,0.0,0.0,0.0,4.0,4.0,25.0,176.0,0.0,0.0,0.0,26.00277718436232,124702,0,0,0,35,SALT LAKE
1529,350624,438.0,1149.3591841013404,2.624107726258768,40.0,25.0,0.0,15.0,86.00312424917703,25.0,0.0,0.0,0.0,3.0,0.0,6.0,6.0,0.0,0.0,14.99981299089889,31.003311258278146,53280,0,0,0,35,SALT LAKE
1530,350625,677.0,1779.773797711937,2.628912552011724,1237.0,0.0,58.0,1179.0,1284.005020294809,0.0,0.0,0.0,58.0,21.0,942.0,8.0,208.0,0.0,0.0,0.0,47.0050202948088,108749,470,840,2138,35,SALT LAKE
1531,350626,840.0,2175.070925414273,2.589370149302705,751.0,336.0,8.0,407.0,1225.0011281537427,235.0,101.0,3.0,5.0,93.0,110.0,11.0,193.0,0.0,0.0,414.99482608153596,59.00630207220679,117068,0,0,0,35,SALT LAKE
1532,350627,604.0,1169.9670912327415,1.937031608001228,578.0,48.0,124.0,406.0,621.0157221759492,48.0,0.0,36.0,88.0,85.0,49.0,1.0,271.0,1.0112359550561798,0.0,0.0,42.00448622089297,38438,0,0,0,35,SALT LAKE
1533,350628,0.0,0.0,0.0,476.0,0.0,301.0,175.0,476.0,0.0,0.0,86.0,215.0,101.0,19.0,0.0,55.0,0.0,0.0,0.0,0.0,38438,0,0,0,35,SALT LAKE
1534,350629,999.0,2151.652849128589,2.1538066557843734,726.0,103.0,232.0,391.0,1623.9971541324405,101.0,2.0,128.0,104.0,5.0,31.0,5.0,350.0,0.0,0.0,827.9896770976187,70.00747703482162,38438,0,0,0,35,SALT LAKE
1535,350630,897.0,1839.7240730032863,2.050974440360408,431.0,27.0,39.0,365.0,638.0049340439688,17.0,10.0,14.0,25.0,3.0,9.0,2.0,351.0,0.0,0.0,143.99820471262936,63.00672933133946,38438,0,0,0,35,SALT LAKE
1536,350631,798.0,1886.5602255746533,2.364110558364227,947.0,88.0,155.0,704.0,1003.0059816278573,86.0,2.0,75.0,80.0,43.0,102.0,2.0,557.0,0.0,0.0,0.0,56.005981627857295,49408,0,0,0,35,SALT LAKE
1537,350632,547.0,1290.804364866868,2.359788601219137,170.0,0.0,12.0,158.0,208.0040589617603,0.0,0.0,1.0,11.0,25.0,20.0,24.0,89.0,0.0,0.0,0.0,38.00405896176031,49629,0,0,0,35,SALT LAKE
1538,350633,927.0,2211.6031244199385,2.385763888263148,291.0,21.0,77.0,193.0,356.0069429609058,21.0,0.0,7.0,70.0,21.0,20.0,91.0,61.0,0.0,0.0,0.0,65.00694296090579,48753,0,0,0,35,SALT LAKE
1539,350634,540.0,1232.7275356783732,2.282828769774765,1167.0,255.0,15.0,897.0,1206.5855950948724,255.0,0.0,9.0,6.0,126.0,70.0,343.0,358.0,0.0,1.581536133112017,0.0,38.00405896176031,45123,567,0,0,35,SALT LAKE
1540,350635,538.0,1160.5998607184683,2.157248811744365,862.0,23.0,81.0,758.0,911.5854704221382,19.0,4.0,72.0,9.0,224.0,45.0,185.0,304.0,0.0,1.581536133112017,9.999875327265928,38.00405896176031,45123,0,0,0,35,SALT LAKE
1541,350636,508.0,1074.4213399871535,2.115002637769987,590.0,179.0,21.0,390.0,625.0037385174109,152.0,27.0,1.0,20.0,79.0,24.0,12.0,275.0,0.0,0.0,0.0,35.00373851741081,62849,0,0,0,35,SALT LAKE
1542,350637,280.0,599.5027529134945,2.141081260405337,4164.0,76.0,60.0,4028.0,4184.002136295663,17.0,59.0,9.0,51.0,735.0,2440.0,79.0,774.0,0.0,0.0,0.0,20.00213629566332,62849,0,0,0,35,SALT LAKE
1543,350638,343.0,743.7581028333042,2.1683909703594875,285.0,57.0,52.0,176.0,312.0362714199645,19.0,38.0,2.0,50.0,16.0,19.0,34.0,107.0,3.033707865168539,0.0,0.0,24.002563554795984,50696,0,0,0,35,SALT LAKE
1544,350639,406.0,888.0134527531138,2.187225253086487,137.0,8.0,7.0,122.0,165.00299081392865,8.0,0.0,1.0,6.0,7.0,29.0,47.0,39.0,0.0,0.0,0.0,28.002990813928648,50696,0,0,0,35,SALT LAKE
1545,350640,229.0,480.538925382223,2.098423254944205,2930.0,11.0,47.0,2872.0,2946.001709036531,5.0,6.0,1.0,46.0,24.0,461.0,2124.0,263.0,0.0,0.0,0.0,16.001709036530656,64742,0,0,0,35,SALT LAKE
1546,350641,344.0,942.3433897358992,2.739370318999707,23.0,1.0,1.0,21.0,72.0022518729608,1.0,0.0,0.0,1.0,2.0,1.0,11.0,7.0,0.0,0.0,24.999688318164818,24.002563554795984,78750,0,0,0,35,SALT LAKE
1547,350642,274.0,716.5931343419114,2.615303410006976,425.0,138.0,59.0,228.0,463.0017926026854,36.0,102.0,18.0,41.0,36.0,21.0,110.0,61.0,0.0,0.0,18.999763121805263,19.002029480880157,59820,0,0,0,35,SALT LAKE
1548,350643,399.0,657.5795821019893,1.6480691280751611,1287.0,70.0,52.0,1165.0,1315.0029908139286,42.0,28.0,0.0,52.0,145.0,33.0,167.0,820.0,0.0,0.0,0.0,28.002990813928648,62016,0,0,0,35,SALT LAKE
1549,350644,1281.0,2300.5918143055355,1.7959342812689585,2252.0,849.0,78.0,1325.0,2357.0093070393273,826.0,23.0,2.0,76.0,159.0,120.0,340.0,706.0,0.0,0.0,15.999800523625483,89.00950651570177,47981,0,0,0,35,SALT LAKE
1550,350645,108.0,219.1931940339965,2.029566611425893,330.0,40.0,8.0,282.0,351.00069244371105,40.0,0.0,0.0,8.0,30.0,48.0,119.0,85.0,0.0,0.0,12.999837925445705,8.000854518265328,64742,0,0,0,35,SALT LAKE
1551,350646,708.0,1642.075509152119,2.319315690892823,2811.0,614.0,132.0,2065.0,2862.0277058344877,522.0,92.0,5.0,127.0,195.0,291.0,467.0,1112.0,2.02247191011236,0.0,0.0,49.00523392437513,55224,0,0,0,35,SALT LAKE
1552,350647,678.0,1623.341048123572,2.39430833056574,1.0,0.0,0.0,1.0,62.0048457529811,0.0,0.0,0.0,0.0,0.0,0.0,0.0,1.0,0.0,0.0,13.999825458172298,47.0050202948088,78750,0,0,0,35,SALT LAKE
1553,350648,421.0,1069.737724730017,2.5409447143230803,468.0,2.0,7.0,459.0,497.0030976287118,2.0,0.0,5.0,2.0,44.0,24.0,128.0,263.0,0.0,0.0,0.0,29.003097628711814,59820,0,0,0,35,SALT LAKE
1554,350649,642.0,1746.9884909119803,2.7211658736946736,259.0,1.0,0.0,258.0,321.0045947215946,1.0,0.0,0.0,0.0,32.0,207.0,8.0,11.0,0.0,0.0,16.999788056352077,45.00480666524247,143361,397,603,0,35,SALT LAKE
1555,350650,468.0,1271.133180786894,2.716096540142936,359.0,16.0,0.0,343.0,392.0035248878445,0.0,16.0,0.0,0.0,74.0,3.0,180.0,86.0,0.0,0.0,0.0,33.00352488784448,146175,0,0,0,35,SALT LAKE
1556,350651,253.0,540.4892006735724,2.1363209512789423,50.0,2.0,9.0,39.0,68.00192266609699,2.0,0.0,0.0,9.0,3.0,0.0,5.0,31.0,0.0,0.0,0.0,18.001922666096988,59906,0,0,0,35,SALT LAKE
1557,350652,906.0,3438.710321789748,3.7954860063904494,39.0,1.0,27.0,11.0,102.00672933133946,1.0,0.0,0.0,27.0,2.0,6.0,1.0,2.0,0.0,0.0,0.0,63.00672933133946,66195,0,0,0,35,SALT LAKE
1558,350653,241.0,793.404424558953,3.292134541738394,648.0,78.0,450.0,120.0,665.0018158513138,47.0,31.0,319.0,131.0,3.0,43.0,4.0,70.0,0.0,0.0,0.0,17.001815851313822,58960,0,0,0,35,SALT LAKE
1559,350654,995.0,3369.392815984125,3.386324438175,68.0,0.0,0.0,68.0,137.00737022003847,0.0,0.0,0.0,0.0,0.0,46.0,21.0,1.0,0.0,0.0,0.0,69.00737022003845,47504,724,0,0,35,SALT LAKE
1560,350655,952.0,3005.0075489788915,3.1565205346416927,108.0,0.0,0.0,108.0,174.00704977568896,0.0,0.0,0.0,0.0,4.0,81.0,9.0,14.0,0.0,0.0,0.0,66.00704977568896,47848,637,0,0,35,SALT LAKE
1561,350656,415.0,1347.007747952508,3.2458018022952,206.0,25.0,1.0,180.0,319.0020503777456,20.0,5.0,0.0,1.0,7.0,155.0,12.0,6.0,0.0,0.0,83.99895274903379,29.003097628711814,50979,0,565,0,35,SALT LAKE
1562,350657,850.0,3075.2617778359418,3.617955032748167,618.0,8.0,10.0,600.0,679.0287739823192,8.0,0.0,3.0,7.0,8.0,376.0,0.0,216.0,2.02247191011236,0.0,0.0,59.00630207220679,66086,428,710,0,35,SALT LAKE
1563,350658,889.0,3131.4651609215816,3.522457998786931,375.0,103.0,1.0,271.0,437.00662251655626,49.0,54.0,1.0,0.0,0.0,28.0,83.0,160.0,0.0,0.0,0.0,62.00662251655629,85020,0,0,0,35,SALT LAKE
1564,350659,614.0,2375.529658419722,3.868940811758505,157.0,64.0,17.0,76.0,200.00459303567612,1.0,63.0,0.0,17.0,2.0,67.0,1.0,6.0,0.0,0.0,0.0,43.00459303567614,69902,342,0,0,35,SALT LAKE
1565,350660,645.0,2309.022321768381,3.579879568633149,0.0,0.0,0.0,0.0,45.00480666524247,0.0,0.0,0.0,0.0,0.0,0.0,0.0,0.0,0.0,0.0,0.0,45.00480666524247,66698,0,0,0,35,SALT LAKE
1566,350661,366.0,1314.2224411525513,3.590771697138118,337.0,33.0,2.0,302.0,363.00277718436234,1.0,32.0,0.0,2.0,0.0,277.0,5.0,20.0,0.0,0.0,0.0,26.00277718436232,73196,0,0,2265,35,SALT LAKE
1567,350662,484.0,1424.7557612209769,2.943710250456564,67.0,24.0,1.0,42.0,101.00363170262764,1.0,23.0,0.0,1.0,5.0,29.0,0.0,8.0,0.0,0.0,0.0,34.003631702627644,47310,346,0,0,35,SALT LAKE
1568,350663,268.0,828.9999005131917,3.0932832108701183,680.0,188.0,30.0,462.0,699.0020294808802,148.0,40.0,24.0,6.0,2.0,89.0,1.0,370.0,0.0,0.0,0.0,19.002029480880157,51187,0,0,0,35,SALT LAKE
1569,350664,400.0,1153.1060763070498,2.8827651907676244,348.0,133.0,1.0,214.0,407.002604328453,130.0,3.0,1.0,0.0,3.0,10.0,0.0,201.0,0.0,0.0,30.999613514524373,28.002990813928648,37570,0,0,0,35,SALT LAKE
1570,350665,461.0,1707.6461227520322,3.704221524407879,737.0,188.0,0.0,549.0,769.0034180730613,127.0,61.0,0.0,0.0,1.0,17.0,8.0,523.0,0.0,0.0,0.0,32.00341807306131,77608,574,0,0,35,SALT LAKE
1571,350666,769.0,2401.757903859688,3.123222241690101,133.0,1.0,16.0,116.0,187.00576799829096,1.0,0.0,0.0,16.0,2.0,45.0,2.0,67.0,0.0,0.0,0.0,54.00576799829096,74875,0,0,0,35,SALT LAKE
1572,350667,447.0,1372.2992703410462,3.0700207390180005,0.0,0.0,0.0,0.0,31.003311258278146,0.0,0.0,0.0,0.0,0.0,0.0,0.0,0.0,0.0,0.0,0.0,31.003311258278146,64459,0,0,0,35,SALT LAKE
1573,350668,277.0,822.4428391532003,2.9691077225747304,2141.0,115.0,2.0,2024.0,2162.0245013909926,65.0,50.0,1.0,1.0,128.0,677.0,188.0,1031.0,2.02247191011236,0.0,0.0,19.002029480880157,58856,0,0,0,35,SALT LAKE
1574,350669,270.0,713.7829651876294,2.6436406118060347,0.0,0.0,0.0,0.0,19.002029480880157,0.0,0.0,0.0,0.0,0.0,0.0,0.0,0.0,0.0,0.0,0.0,19.002029480880157,65114,0,0,0,35,SALT LAKE
1575,350670,374.0,1093.1558010157005,2.922876473304012,933.0,184.0,39.0,710.0,959.0027771843623,140.0,44.0,3.0,36.0,31.0,73.0,84.0,522.0,0.0,0.0,0.0,26.00277718436232,69166,447,0,0,35,SALT LAKE
1576,350671,510.0,1409.7681923981395,2.7642513576434107,352.0,115.0,4.0,233.0,388.003845332194,87.0,28.0,2.0,2.0,6.0,87.0,3.0,137.0,0.0,0.0,0.0,36.003845332193976,56691,430,0,0,35,SALT LAKE
1577,350672,1568.0,3245.7453731957166,2.0699906716809418,4165.0,739.0,596.0,2830.0,4274.011642811365,735.0,4.0,437.0,159.0,2125.0,19.0,8.0,678.0,0.0,0.0,0.0,109.01164281136508,41323,0,0,0,35,SALT LAKE
1578,350673,624.0,1222.4235821126724,1.9590121508215903,7.0,1.0,0.0,6.0,51.0046998504593,1.0,0.0,0.0,0.0,0.0,0.0,0.0,6.0,0.0,0.0,0.0,44.0046998504593,41142,0,0,0,35,SALT LAKE
1579,350674,308.0,865.5320995188578,2.810169154282005,0.0,0.0,0.0,0.0,21.00224311044649,0.0,0.0,0.0,0.0,0.0,0.0,0.0,0.0,0.0,0.0,0.0,21.00224311044649,65114,0,0,0,35,SALT LAKE
1580,350675,164.0,495.5264942050604,3.02150301344549,1884.0,60.0,43.0,1781.0,1902.001087691701,33.0,27.0,0.0,43.0,0.0,1765.0,9.0,7.0,0.0,0.0,6.999912729086149,11.001174962614826,60975,0,0,0,35,SALT LAKE
1581,350676,780.0,2174.134202362845,2.787351541490827,206.0,100.0,0.0,106.0,260.00576799829093,36.0,64.0,0.0,0.0,5.0,85.0,1.0,15.0,0.0,0.0,0.0,54.00576799829096,73963,0,1218,0,35,SALT LAKE
1582,350677,1033.0,2357.731920442603,2.282412314078028,363.0,133.0,8.0,222.0,4017.9630204237696,123.0,10.0,1.0,7.0,124.0,35.0,5.0,58.0,0.0,0.0,3582.9553297593816,72.00769066438795,35964,0,0,0,35,SALT LAKE
1583,350678,266.0,808.3919933817904,3.039067644292445,591.0,208.0,2.0,381.0,610.0020294808802,139.0,69.0,1.0,1.0,1.0,14.0,134.0,232.0,0.0,0.0,0.0,19.002029480880157,78846,0,0,0,35,SALT LAKE
1584,350679,225.0,699.7321194162195,3.109920530738753,0.0,0.0,0.0,0.0,70.00103580376665,0.0,0.0,0.0,0.0,0.0,0.0,0.0,0.0,0.0,0.0,53.999326767236006,16.001709036530656,79994,0,0,0,35,SALT LAKE
1585,350680,758.0,2375.529658419722,3.133944140395412,50.0,13.0,0.0,37.0,126.00537443621943,13.0,0.0,0.0,0.0,1.0,13.0,0.0,23.0,0.0,0.0,22.999713252711633,53.0056611835078,77028,520,0,0,35,SALT LAKE
1586,350681,287.0,819.6326699989183,2.855862961668705,244.0,18.0,10.0,216.0,264.0021362956633,17.0,1.0,3.0,7.0,4.0,3.0,69.0,140.0,0.0,0.0,0.0,20.00213629566332,83761,0,0,0,35,SALT LAKE
1587,350682,503.0,1467.8450215866344,2.9181809574286968,212.0,7.0,5.0,200.0,247.0037385174108,2.0,5.0,0.0,5.0,3.0,54.0,8.0,135.0,0.0,0.0,0.0,35.00373851741081,72190,0,0,0,35,SALT LAKE
1588,350683,467.0,1270.1964577354663,2.719906761746181,115.0,7.0,0.0,108.0,148.0035248878445,1.0,6.0,0.0,0.0,3.0,0.0,29.0,76.0,0.0,0.0,0.0,33.00352488784448,68224,0,0,0,35,SALT LAKE
1589,350684,795.0,2161.0200796428626,2.718264251123097,1779.0,862.0,98.0,819.0,1857.0055880657858,405.0,457.0,29.0,69.0,40.0,92.0,172.0,515.0,0.0,0.0,22.999713252711633,55.00587481307413,46164,606,0,0,35,SALT LAKE
1590,350685,537.0,1254.272165861202,2.3357023572834303,232.0,35.0,14.0,183.0,269.00395214697716,32.0,3.0,1.0,13.0,3.0,6.0,8.0,166.0,0.0,0.0,0.0,37.00395214697714,53461,0,0,0,35,SALT LAKE
1591,350686,774.0,2009.270945311634,2.5959572936842816,30.0,4.0,0.0,26.0,124.5868179077401,4.0,0.0,0.0,0.0,14.0,1.0,0.0,11.0,0.0,1.581536133112017,38.99951377633712,54.00576799829096,75254,0,0,0,35,SALT LAKE
1592,350687,421.0,1009.7874494386674,2.398545010543153,401.0,46.0,8.0,347.0,430.0030976287118,0.0,46.0,4.0,4.0,168.0,22.0,72.0,85.0,0.0,0.0,0.0,29.003097628711814,37528,0,0,0,35,SALT LAKE
1593,350688,278.0,699.7321194162195,2.51702201228856,0.0,0.0,0.0,0.0,19.002029480880157,0.0,0.0,0.0,0.0,0.0,0.0,0.0,0.0,0.0,0.0,0.0,19.002029480880157,55258,0,0,0,35,SALT LAKE
1594,350689,75.0,269.7762388110726,3.597016517480968,649.0,105.0,4.0,540.0,654.0005340739158,16.0,89.0,0.0,4.0,1.0,119.0,57.0,363.0,0.0,0.0,0.0,5.00053407391583,62034,0,0,0,35,SALT LAKE
1595,350690,366.0,1156.852968512759,3.160800460417374,209.0,47.0,9.0,153.0,235.00277718436232,43.0,4.0,0.0,9.0,1.0,1.0,6.0,145.0,0.0,0.0,0.0,26.00277718436232,64390,0,0,0,35,SALT LAKE
1596,350691,329.0,1044.4462023414787,3.1746085177552543,15.0,10.0,0.0,5.0,38.00245674001282,1.0,9.0,0.0,0.0,0.0,0.0,2.0,3.0,0.0,0.0,0.0,23.002456740012818,67650,0,0,0,35,SALT LAKE
1597,350692,269.0,805.5818242275083,2.994727971105979,13.0,9.0,0.0,4.0,32.002029480880154,9.0,0.0,0.0,0.0,3.0,0.0,0.0,1.0,0.0,0.0,0.0,19.002029480880157,83761,0,0,0,35,SALT LAKE
1598,350693,503.0,1247.7151045012106,2.4805469274377945,343.0,33.0,1.0,309.0,378.0037385174108,31.0,2.0,0.0,1.0,0.0,280.0,22.0,7.0,0.0,0.0,0.0,35.00373851741081,51667,751,21,1876,35,SALT LAKE
1599,350694,414.0,1174.6507064898783,2.8373205470770007,721.0,122.0,124.0,475.0,750.0030976287118,115.0,7.0,0.0,124.0,4.0,4.0,20.0,447.0,0.0,0.0,0.0,29.003097628711814,62357,0,0,0,35,SALT LAKE
1600,350695,1023.0,2899.1578441676024,2.8339763872606083,2050.0,410.0,107.0,1533.0,2121.007583849605,366.0,44.0,2.0,105.0,27.0,88.0,461.0,957.0,0.0,0.0,0.0,71.00758384960479,51097,0,0,0,35,SALT LAKE
1601,350696,1017.0,2891.664059756184,2.843327492385628,176.0,34.0,0.0,142.0,247.00758384960477,17.0,17.0,0.0,0.0,3.0,46.0,23.0,70.0,0.0,0.0,0.0,71.00758384960479,80135,541,0,0,35,SALT LAKE
1602,350697,615.0,1718.88679936916,2.794937885153106,102.0,0.0,0.0,102.0,145.00459303567612,0.0,0.0,0.0,0.0,3.0,93.0,2.0,4.0,0.0,0.0,0.0,43.00459303567614,80682,0,1129,0,35,SALT LAKE
1603,350698,294.0,802.7716550732263,2.7305158335824022,58.0,0.0,0.0,58.0,79.00224311044649,0.0,0.0,0.0,0.0,6.0,1.0,41.0,10.0,0.0,0.0,0.0,21.00224311044649,53825,0,0,0,35,SALT LAKE
1604,350699,667.0,1788.204305174783,2.680965974774787,2326.0,877.0,4.0,1445.0,2373.0050202948087,299.0,578.0,0.0,4.0,376.0,44.0,116.0,909.0,0.0,0.0,0.0,47.0050202948088,53825,0,0,0,35,SALT LAKE
1605,350700,775.0,1901.5477943974904,2.4536100572870847,1558.0,494.0,2.0,1062.0,1612.005767998291,393.0,101.0,2.0,0.0,87.0,80.0,596.0,299.0,0.0,0.0,0.0,54.00576799829096,54653,0,0,0,35,SALT LAKE
1606,350701,434.0,1269.2597346840394,2.924561600654469,106.0,1.0,0.0,105.0,136.00320444349498,0.0,1.0,0.0,0.0,1.0,102.0,1.0,1.0,0.0,0.0,0.0,30.00320444349498,65090,698,0,0,35,SALT LAKE
1607,350702,118.0,337.2202985138407,2.8577991399478027,219.0,2.0,30.0,187.0,227.00085451826533,2.0,0.0,14.0,16.0,79.0,57.0,9.0,42.0,0.0,0.0,0.0,8.000854518265328,83027,748,0,0,35,SALT LAKE
1608,350703,526.0,1392.9071774724475,2.6481125047004705,0.0,0.0,0.0,0.0,37.00395214697714,0.0,0.0,0.0,0.0,0.0,0.0,0.0,0.0,0.0,0.0,0.0,37.00395214697714,45908,0,0,0,35,SALT LAKE
1609,350704,640.0,1956.8144544317036,3.0575225850495364,264.0,2.0,6.0,256.0,309.0048066652425,2.0,0.0,1.0,5.0,3.0,48.0,154.0,51.0,0.0,0.0,0.0,45.00480666524247,80018,483,0,0,35,SALT LAKE
1610,350705,480.0,1326.3998408211066,2.763333001710639,0.0,0.0,0.0,0.0,33.00352488784448,0.0,0.0,0.0,0.0,0.0,0.0,0.0,0.0,0.0,0.0,0.0,33.00352488784448,104764,0,0,0,35,SALT LAKE
1611,350706,593.0,1832.230288591868,3.089764398974482,46.0,0.0,0.0,46.0,87.0043794061098,0.0,0.0,0.0,0.0,3.0,0.0,34.0,9.0,0.0,0.0,0.0,41.004379406109805,82610,0,0,0,35,SALT LAKE
1612,350707,243.0,742.8213797818769,3.056878106098259,751.0,1.0,0.0,750.0,769.0130518063701,1.0,0.0,0.0,0.0,621.0,0.0,108.0,21.0,1.0112359550561798,0.0,0.0,17.001815851313822,93494,0,0,0,35,SALT LAKE
1613,350708,517.0,1302.045041483996,2.5184623626382905,654.0,5.0,102.0,547.0,713.0035585849057,5.0,0.0,7.0,95.0,158.0,29.0,157.0,203.0,0.0,0.0,22.999713252711633,36.003845332193976,91804,0,0,0,35,SALT LAKE
1614,350709,336.0,926.4190978616346,2.757199696016769,562.0,8.0,68.0,486.0,585.0024567400128,8.0,0.0,11.0,57.0,147.0,2.0,168.0,169.0,0.0,0.0,0.0,23.002456740012818,88816,0,0,0,35,SALT LAKE
1615,350710,7.0,9.0,1.2857142857142858,2066.0,303.0,1141.0,622.0,2067.581536133112,152.0,151.0,626.0,515.0,173.0,24.0,21.0,404.0,0.0,1.581536133112017,0.0,0.0,38438,0,0,0,35,SALT LAKE
1616,350711,1.0,1.0,1.0,515.0,48.0,66.0,401.0,515.0,48.0,0.0,18.0,48.0,2.0,11.0,4.0,384.0,0.0,0.0,0.0,0.0,41809,0,0,0,35,SALT LAKE
1617,350712,388.0,964.8247429701552,2.486661708685967,1269.0,346.0,164.0,759.0,1296.0028839991455,303.0,43.0,55.0,109.0,112.0,36.0,12.0,599.0,0.0,0.0,0.0,27.00288399914548,57188,0,0,0,35,SALT LAKE
1618,350713,967.0,2353.9850282368934,2.434317505932672,547.0,69.0,208.0,270.0,937.0031296611616,69.0,0.0,38.0,170.0,28.0,15.0,10.0,217.0,0.0,0.0,322.99597307068944,67.00715659047212,41809,0,0,0,35,SALT LAKE
1619,350714,1506.0,3509.9012736982254,2.33061173552339,58.0,0.0,55.0,3.0,163.01121555223244,0.0,0.0,18.0,37.0,0.0,1.0,0.0,2.0,0.0,0.0,0.0,105.01121555223244,41809,0,0,0,35,SALT LAKE
1620,350715,631.0,1585.8721260664786,2.5132680286315034,1492.0,329.0,100.0,1063.0,2007.998815297411,290.0,39.0,53.0,47.0,253.0,17.0,8.0,785.0,0.0,0.0,471.99411544695175,44.0046998504593,41809,0,0,0,35,SALT LAKE
1621,350716,56.0,135.8248424569636,2.425443615302921,508.0,114.0,12.0,382.0,558.9998412972825,96.0,18.0,11.0,1.0,11.0,12.0,1.0,358.0,0.0,0.0,46.99941403814986,4.000427259132664,41809,0,0,0,35,SALT LAKE
1622,350717,367.0,796.214593713235,2.1695220537145365,913.0,161.0,21.0,731.0,1230.9991367405273,156.0,5.0,3.0,18.0,217.0,15.0,20.0,479.0,0.0,0.0,291.9963595561651,26.00277718436232,69450,0,0,0,35,SALT LAKE
1623,350718,472.0,1031.3320796214962,2.185025592418424,647.0,135.0,39.0,473.0,2715.978141519187,65.0,70.0,12.0,27.0,11.0,8.0,8.0,446.0,0.0,0.0,2035.9746166313428,33.00352488784448,35292,0,0,0,35,SALT LAKE
1624,350719,249.0,521.7547396450258,2.0954005608233968,863.0,33.0,0.0,830.0,880.0018158513138,0.0,33.0,0.0,0.0,257.0,138.0,179.0,256.0,0.0,0.0,0.0,17.001815851313822,69450,0,0,0,35,SALT LAKE
1625,350720,739.0,1641.1387861006913,2.2207561381606107,745.0,1.0,3.0,741.0,815.0053299578033,0.0,1.0,3.0,0.0,258.0,101.0,157.0,225.0,0.0,0.0,17.99977558907867,52.00555436872463,41906,0,0,0,35,SALT LAKE
1626,350721,451.0,1069.737724730017,2.371924001618663,761.0,35.0,120.0,606.0,1557.9937613268482,27.0,8.0,80.0,40.0,78.0,157.0,2.0,369.0,0.0,0.0,765.99045006857,31.003311258278146,57188,0,0,0,35,SALT LAKE
1627,350722,937.0,2339.9341824654834,2.4972616675191928,732.0,15.0,88.0,629.0,2295.8320463614727,3.0,12.0,65.0,23.0,36.0,44.0,66.0,483.0,0.0,64.84298147063296,1433.982121929934,65.00694296090579,41809,0,0,0,35,SALT LAKE
1628,350723,944.0,2302.46526040839,2.439052182636006,260.0,19.0,9.0,232.0,349.00676302840054,18.0,1.0,6.0,3.0,19.0,38.0,7.0,168.0,0.0,0.0,22.999713252711633,66.00704977568896,41809,0,0,0,35,SALT LAKE
1629,350724,749.0,1761.9760597348177,2.3524379969757248,1488.0,65.0,122.0,1301.0,1751.0029237740357,31.0,34.0,5.0,117.0,55.0,408.0,52.0,786.0,0.0,0.0,210.99736940531105,52.00555436872463,33483,0,0,0,35,SALT LAKE
1630,350725,987.0,2072.031389757265,2.0993225833406943,521.0,2.0,1.0,518.0,590.0073702200384,2.0,0.0,0.0,1.0,24.0,17.0,41.0,436.0,0.0,0.0,0.0,69.00737022003845,64843,0,0,0,35,SALT LAKE
1631,350726,705.0,1676.73426205493,2.378346470999901,173.0,0.0,0.0,173.0,222.00523392437515,0.0,0.0,0.0,0.0,2.0,34.0,89.0,48.0,0.0,0.0,0.0,49.00523392437513,81081,714,0,0,35,SALT LAKE
1632,350727,556.0,1313.285718101124,2.362024672843748,2770.0,113.0,91.0,2566.0,2809.0041657765437,94.0,19.0,41.0,50.0,1199.0,314.0,313.0,740.0,0.0,0.0,0.0,39.00416577654347,59361,0,0,0,35,SALT LAKE
1633,350728,146.0,384.0564510852074,2.6305236375699144,2523.0,15.0,100.0,2408.0,2846.9971534239817,7.0,8.0,77.0,23.0,1013.0,102.0,414.0,879.0,0.0,0.0,313.9960852761501,10.00106814783166,41809,0,0,0,35,SALT LAKE
1634,350729,393.0,964.8247429701552,2.45502479127266,8762.0,314.0,0.0,8448.0,8789.002883999145,258.0,56.0,0.0,0.0,348.0,357.0,6713.0,1030.0,0.0,0.0,0.0,27.00288399914548,41809,0,0,0,35,SALT LAKE
1635,350730,311.0,845.8609154388837,2.719810017488372,352.0,160.0,0.0,192.0,479.0010408615219,52.0,108.0,0.0,0.0,13.0,46.0,10.0,123.0,0.0,0.0,104.99869093629223,22.00234992522965,39710,0,0,0,35,SALT LAKE
1636,350731,231.0,518.0078474393164,2.2424582140230145,333.0,49.0,1.0,283.0,349.00170903653066,0.0,49.0,1.0,0.0,53.0,13.0,70.0,147.0,0.0,0.0,0.0,16.001709036530656,90223,493,0,0,35,SALT LAKE
1637,350732,830.0,1785.394136020501,2.1510772723138567,662.0,0.0,3.0,659.0,720.0061952574237,0.0,0.0,1.0,2.0,73.0,33.0,202.0,351.0,0.0,0.0,0.0,58.00619525742363,59906,0,0,0,35,SALT LAKE
1638,350733,322.0,814.0123316903544,2.52798860773402,0.0,0.0,0.0,0.0,23.01358588028583,0.0,0.0,0.0,0.0,0.0,0.0,0.0,0.0,1.0112359550561798,0.0,0.0,22.00234992522965,54880,0,0,0,35,SALT LAKE
1639,350734,457.0,1101.5863084785462,2.4104733227101667,0.0,0.0,0.0,0.0,32.00341807306131,0.0,0.0,0.0,0.0,0.0,0.0,0.0,0.0,0.0,0.0,0.0,32.00341807306131,105456,0,0,0,35,SALT LAKE
1640,350735,512.0,1361.9953167753454,2.6601471030768464,2516.0,155.0,14.0,2347.0,2552.003845332194,153.0,2.0,7.0,7.0,335.0,217.0,252.0,1543.0,0.0,0.0,0.0,36.003845332193976,54736,0,0,0,35,SALT LAKE
1641,350736,0.0,0.0,0.0,860.0,85.0,49.0,726.0,860.0,19.0,66.0,45.0,4.0,40.0,161.0,1.0,524.0,0.0,0.0,0.0,0.0,83071,0,0,0,35,SALT LAKE
1642,350737,5.0,10.303953565700688,2.060790713140137,191.0,2.0,120.0,69.0,191.0,2.0,0.0,18.0,102.0,15.0,14.0,0.0,40.0,0.0,0.0,0.0,0.0,83071,0,0,0,35,SALT LAKE
1643,350738,577.0,1451.9207297123696,2.516327087889722,1280.0,653.0,126.0,501.0,1349.0039110403977,606.0,47.0,39.0,87.0,80.0,129.0,148.0,144.0,0.0,0.0,28.99963844907119,40.00427259132664,83071,0,0,1464,35,SALT LAKE
1644,350739,677.0,1577.4416186036326,2.330046703993549,1360.0,107.0,10.0,1243.0,1407.005020294809,69.0,38.0,5.0,5.0,202.0,140.0,68.0,833.0,0.0,0.0,0.0,47.0050202948088,40099,0,899,0,35,SALT LAKE
1645,350740,1149.0,2470.1386866138832,2.149816089307122,873.0,174.0,29.0,670.0,958.5900314466717,113.0,61.0,4.0,25.0,67.0,61.0,80.0,462.0,0.0,1.581536133112017,3.9999501309063707,80.00854518265328,59543,0,0,0,35,SALT LAKE
1646,350741,507.0,1132.4981691756484,2.233724199557492,1589.0,54.0,13.0,1522.0,1624.0037385174107,16.0,38.0,1.0,12.0,122.0,57.0,216.0,1127.0,0.0,0.0,0.0,35.00373851741081,49716,329,0,0,35,SALT LAKE
1647,350742,540.0,1169.0303681813143,2.164871052187619,593.0,8.0,2.0,583.0,631.0040589617603,6.0,2.0,2.0,0.0,0.0,105.0,4.0,474.0,0.0,0.0,0.0,38.00405896176031,53257,0,0,0,35,SALT LAKE
1648,350743,678.0,1769.4698441462365,2.6098375282392867,35.0,1.0,18.0,16.0,82.0050202948088,1.0,0.0,0.0,18.0,2.0,13.0,0.0,1.0,0.0,0.0,0.0,47.0050202948088,100118,482,681,0,35,SALT LAKE
1649,350744,264.0,670.693704821972,2.540506457658985,1555.0,151.0,23.0,1381.0,1585.001773058816,149.0,2.0,3.0,20.0,73.0,176.0,860.0,272.0,0.0,0.0,11.999850392719113,18.001922666096988,73990,0,0,0,35,SALT LAKE
1650,350745,338.0,847.7343615417384,2.5080898270465632,310.0,18.0,33.0,259.0,334.002563554796,16.0,2.0,3.0,30.0,14.0,78.0,82.0,85.0,0.0,0.0,0.0,24.002563554795984,73990,527,0,0,35,SALT LAKE
1651,350746,478.0,1080.9784013471449,2.261461090684404,1162.0,336.0,8.0,818.0,1301.0022033568632,160.0,176.0,4.0,4.0,110.0,60.0,148.0,500.0,0.0,0.0,105.99867846901883,33.00352488784448,51572,0,0,0,35,SALT LAKE
1652,350747,661.0,1454.7308988666516,2.2008031752899417,247.0,7.0,6.0,234.0,306.0047514054714,0.0,7.0,3.0,3.0,15.0,23.0,68.0,128.0,0.0,0.0,12.999837925445705,46.00491348002564,96932,0,0,0,35,SALT LAKE
1653,350748,763.0,1552.1500962150944,2.0342727342268603,1800.0,15.0,554.0,1231.0,1853.0056611835078,8.0,7.0,73.0,481.0,143.0,530.0,60.0,498.0,0.0,0.0,0.0,53.0056611835078,57679,496,0,2210,35,SALT LAKE
1654,350749,508.0,1310.475548946842,2.5796762774544137,4.0,0.0,2.0,2.0,39.00373851741081,0.0,0.0,1.0,1.0,1.0,0.0,1.0,0.0,0.0,0.0,0.0,35.00373851741081,88816,0,0,0,35,SALT LAKE
1655,350750,0.0,0.0,0.0,0.0,0.0,0.0,0.0,0.0,0.0,0.0,0.0,0.0,0.0,0.0,0.0,0.0,0.0,0.0,0.0,0.0,55874,0,0,0,35,SALT LAKE
1656,350751,229.0,659.453028204844,2.879707546746044,7.0,0.0,0.0,7.0,37.00153449470295,0.0,0.0,0.0,0.0,0.0,7.0,0.0,0.0,0.0,0.0,13.999825458172298,16.001709036530656,54736,361,0,0,35,SALT LAKE
1657,350752,12.0,29.975137645674728,2.4979281371395605,346.0,23.0,185.0,138.0,347.0001068147832,23.0,0.0,142.0,43.0,3.0,11.0,26.0,98.0,0.0,0.0,0.0,1.000106814783166,50488,0,0,0,35,SALT LAKE
1658,350753,1.0,1.8734461028546705,1.8734461028546705,536.0,51.0,230.0,255.0,536.0,51.0,0.0,145.0,85.0,6.0,51.0,10.0,188.0,0.0,0.0,0.0,0.0,50488,0,0,0,35,SALT LAKE
1659,350754,542.0,1340.4506865925168,2.473156248325677,1352.0,564.0,13.0,775.0,1399.0039467562997,466.0,98.0,6.0,7.0,35.0,79.0,58.0,603.0,0.0,0.0,8.999887794539335,38.00405896176031,50488,367,0,0,35,SALT LAKE
1660,350755,32.0,82.4316285256055,2.575988391425172,3968.0,2802.0,18.0,1148.0,3983.000051555012,1923.0,879.0,13.0,5.0,172.0,163.0,262.0,551.0,0.0,0.0,12.999837925445705,2.000213629566332,84106,0,0,0,35,SALT LAKE
1661,350756,783.0,2037.3726368544544,2.6020084761870423,2047.0,121.0,37.0,1889.0,2115.00571273852,4.0,117.0,5.0,32.0,1445.0,85.0,233.0,126.0,0.0,0.0,12.999837925445705,55.00587481307413,51537,437,0,0,35,SALT LAKE
1662,350757,246.0,651.022520741998,2.6464330111463337,297.0,7.0,3.0,287.0,358.0012672912839,6.0,1.0,0.0,3.0,32.0,40.0,157.0,58.0,0.0,0.0,43.99945143997008,17.001815851313822,84106,0,0,0,35,SALT LAKE
1663,350758,351.0,884.2665605474044,2.5192779502775053,1383.0,223.0,13.0,1147.0,1407.0025635547959,141.0,82.0,1.0,12.0,356.0,48.0,364.0,379.0,0.0,0.0,0.0,24.002563554795984,84441,0,0,0,35,SALT LAKE
1664,350759,618.0,1345.1343018496534,2.176592721439569,894.0,73.0,7.0,814.0,981.5855930760316,20.0,53.0,1.0,6.0,82.0,3.0,266.0,463.0,0.0,1.581536133112017,42.99946390724349,43.00459303567614,62954,0,0,0,35,SALT LAKE
1665,350760,762.0,1574.6314494493506,2.066445471718308,387.0,33.0,0.0,354.0,440.0056611835078,8.0,25.0,0.0,0.0,107.0,3.0,60.0,184.0,0.0,0.0,0.0,53.0056611835078,98114,0,0,0,35,SALT LAKE
1666,350761,272.0,763.4292869132782,2.8067253195341118,0.0,0.0,0.0,0.0,43.00173026631838,0.0,0.0,0.0,0.0,0.0,0.0,0.0,0.0,0.0,0.0,23.999700785438225,19.002029480880157,55874,0,0,0,35,SALT LAKE
1667,350762,253.0,690.3648889019461,2.72871497589702,0.0,0.0,0.0,0.0,55.00146137698092,0.0,0.0,0.0,0.0,0.0,0.0,0.0,0.0,0.0,0.0,36.99953871088393,18.001922666096988,55874,0,0,0,35,SALT LAKE
1668,350763,68.0,179.85082587404838,2.6448650863830645,595.0,50.0,408.0,137.0,600.0005340739158,50.0,0.0,301.0,107.0,51.0,21.0,0.0,65.0,0.0,0.0,0.0,5.00053407391583,51755,0,0,0,35,SALT LAKE
1669,350764,500.0,1186.8281061584337,2.373656212316867,579.0,110.0,37.0,432.0,638.0034393028491,89.0,21.0,21.0,16.0,24.0,18.0,4.0,386.0,0.0,0.0,23.999700785438225,35.00373851741081,60198,0,0,0,35,SALT LAKE
1670,350765,524.0,1121.2574925585202,2.13980437511168,156.0,5.0,0.0,151.0,210.00374020332924,5.0,0.0,0.0,0.0,33.0,0.0,16.0,102.0,0.0,0.0,16.999788056352077,37.00395214697714,58042,0,0,0,35,SALT LAKE
1671,350766,481.0,1277.690242146885,2.656320669744044,325.0,18.0,0.0,307.0,413.00295846986364,17.0,1.0,0.0,0.0,127.0,39.0,72.0,69.0,0.0,0.0,53.999326767236006,34.003631702627644,73178,0,0,0,35,SALT LAKE
1672,350767,503.0,1323.5896716668246,2.631390997349552,441.0,34.0,11.0,396.0,476.0037385174108,27.0,7.0,3.0,8.0,79.0,84.0,127.0,106.0,0.0,0.0,0.0,35.00373851741081,56575,0,0,0,35,SALT LAKE
1673,350768,497.0,1319.8427794611157,2.655619274569649,171.0,10.0,9.0,152.0,216.00361384467675,10.0,0.0,2.0,7.0,8.0,90.0,1.0,53.0,0.0,0.0,9.999875327265928,35.00373851741081,81339,650,0,0,35,SALT LAKE
1674,350769,364.0,1012.5976185929494,2.78186158954107,538.0,67.0,232.0,239.0,580.0024584259312,47.0,20.0,207.0,25.0,8.0,78.0,47.0,106.0,0.0,0.0,16.999788056352077,25.00267036957915,110709,0,0,0,35,SALT LAKE
1675,350770,352.0,1023.8382952100774,2.9086315204831745,0.0,0.0,0.0,0.0,25.00267036957915,0.0,0.0,0.0,0.0,0.0,0.0,0.0,0.0,0.0,0.0,0.0,25.00267036957915,166479,587,0,0,35,SALT LAKE
1676,350771,277.0,746.5682719875862,2.6951923176447155,226.0,11.0,2.0,213.0,286.58306692305587,0.0,11.0,1.0,1.0,0.0,192.0,15.0,6.0,0.0,1.581536133112017,39.99950130906371,19.002029480880157,62094,0,0,1574,35,SALT LAKE
1677,350772,447.0,1254.272165861202,2.80597799968949,51.0,2.0,0.0,49.0,82.00331125827815,2.0,0.0,0.0,0.0,0.0,35.0,3.0,11.0,0.0,0.0,0.0,31.003311258278146,117566,563,0,0,35,SALT LAKE
1678,350773,519.0,1425.6924842724045,2.7469990063052103,163.0,12.0,18.0,133.0,199.00384533219398,5.0,7.0,6.0,12.0,2.0,17.0,40.0,74.0,0.0,0.0,0.0,36.003845332193976,91816,0,0,0,35,SALT LAKE
1679,350774,201.0,553.6033233935551,2.754245390017687,12.0,0.0,0.0,12.0,30.001445537870694,0.0,0.0,0.0,0.0,0.0,0.0,0.0,12.0,0.0,0.0,3.9999501309063707,14.001495406964324,99320,0,0,0,35,SALT LAKE
1680,350775,481.0,1244.9049353469286,2.588159948746213,542.0,114.0,37.0,391.0,576.0036317026277,96.0,18.0,35.0,2.0,102.0,76.0,31.0,182.0,0.0,0.0,0.0,34.003631702627644,121637,0,0,0,35,SALT LAKE
1681,350776,604.0,1657.9998010263837,2.745032783156264,450.0,36.0,24.0,390.0,513.0042244081515,18.0,18.0,14.0,10.0,79.0,37.0,131.0,143.0,0.0,0.0,20.999738187258448,42.00448622089297,129537,0,0,0,35,SALT LAKE
1682,350777,210.0,602.3129220677765,2.868156771751317,0.0,0.0,0.0,0.0,15.00160222174749,0.0,0.0,0.0,0.0,0.0,0.0,0.0,0.0,0.0,0.0,0.0,15.00160222174749,99320,0,0,0,35,SALT LAKE
1683,350778,476.0,1068.8010016785895,2.245380255627289,183.0,0.0,14.0,169.0,216.0035248878445,0.0,0.0,1.0,13.0,12.0,59.0,4.0,94.0,0.0,0.0,0.0,33.00352488784448,68371,528,113,0,35,SALT LAKE
1684,350779,512.0,1260.8292272211932,2.462557084416393,730.0,98.0,12.0,620.0,766.003845332194,43.0,55.0,5.0,7.0,108.0,110.0,128.0,274.0,0.0,0.0,0.0,36.003845332193976,92545,0,0,0,35,SALT LAKE
1685,350780,715.0,1655.1896318721017,2.3149505340868552,770.0,127.0,208.0,435.0,835.0051537300573,74.0,53.0,28.0,180.0,50.0,95.0,116.0,174.0,0.0,0.0,14.99981299089889,50.0053407391583,69155,0,0,0,35,SALT LAKE
1686,350781,427.0,1021.9648491072228,2.393360302358836,1542.0,161.0,134.0,1247.0,1572.003204443495,72.0,89.0,95.0,39.0,207.0,339.0,178.0,523.0,0.0,0.0,0.0,30.00320444349498,43977,0,895,0,35,SALT LAKE
1687,350782,349.0,913.304975141652,2.6169196995462807,0.0,0.0,0.0,0.0,24.002563554795984,0.0,0.0,0.0,0.0,0.0,0.0,0.0,0.0,0.0,0.0,0.0,24.002563554795984,142825,0,0,0,35,SALT LAKE
1688,350783,901.0,1927.776039837456,2.1395960486542243,760.0,18.0,7.0,735.0,823.0067293313394,0.0,18.0,1.0,6.0,13.0,303.0,85.0,334.0,0.0,0.0,0.0,63.00672933133946,74779,380,620,0,35,SALT LAKE
1689,350784,1048.0,2283.730799379843,2.1791324421563387,495.0,140.0,9.0,346.0,572.7524058796927,122.0,18.0,1.0,8.0,59.0,22.0,43.0,222.0,0.0,4.74460840052153,0.0,73.00779747917112,47369,0,0,0,35,SALT LAKE
1690,350785,607.0,1492.1998209237452,2.4583193095943083,256.0,17.0,9.0,230.0,298.004486220893,2.0,15.0,3.0,6.0,58.0,32.0,32.0,108.0,0.0,0.0,0.0,42.00448622089297,66454,0,0,0,35,SALT LAKE
1691,350786,192.0,498.3366633593424,2.595503454996575,150.0,49.0,5.0,96.0,163.00138859218117,49.0,0.0,0.0,5.0,2.0,1.0,19.0,74.0,0.0,0.0,0.0,13.001388592181158,97142,0,0,0,35,SALT LAKE
1692,350787,284.0,809.3287164332177,2.849749001525414,0.0,0.0,0.0,0.0,49.001774744734504,0.0,0.0,0.0,0.0,0.0,0.0,0.0,0.0,0.0,0.0,28.99963844907119,20.00213629566332,93777,0,0,0,35,SALT LAKE
1693,350788,323.0,845.8609154388837,2.618764444083231,17.0,0.0,0.0,17.0,40.00245674001282,0.0,0.0,0.0,0.0,1.0,1.0,10.0,5.0,0.0,0.0,0.0,23.002456740012818,125952,0,0,0,35,SALT LAKE
1694,350789,519.0,1392.9071774724475,2.683828858328415,184.0,10.0,29.0,145.0,225.00378299582695,10.0,0.0,0.0,29.0,10.0,63.0,3.0,69.0,0.0,0.0,4.999937663632964,36.003845332193976,111706,512,0,0,35,SALT LAKE
1695,350790,288.0,679.1242122848181,2.358070181544507,253.0,14.0,3.0,236.0,273.0021362956633,2.0,12.0,0.0,3.0,37.0,50.0,8.0,141.0,0.0,0.0,0.0,20.00213629566332,138546,0,0,0,35,SALT LAKE
1696,350791,558.0,1171.8405373355963,2.100072647554832,149.0,8.0,0.0,141.0,188.00416577654346,8.0,0.0,0.0,0.0,8.0,1.0,117.0,15.0,0.0,0.0,0.0,39.00416577654347,63565,0,0,0,35,SALT LAKE
1697,350792,261.0,675.3773200791087,2.5876525673529067,1343.0,212.0,24.0,1107.0,1361.001922666097,134.0,78.0,19.0,5.0,93.0,174.0,291.0,549.0,0.0,0.0,0.0,18.001922666096988,97142,447,0,0,35,SALT LAKE
1698,350793,248.0,649.1490746391434,2.617536591286868,32.0,6.0,0.0,26.0,49.00181585131382,6.0,0.0,0.0,0.0,3.0,0.0,7.0,16.0,0.0,0.0,0.0,17.001815851313822,125952,0,0,0,35,SALT LAKE
1699,350794,100.0,284.7638076339099,2.847638076339099,65.0,60.0,1.0,4.0,72.00074770348216,6.0,54.0,0.0,1.0,0.0,0.0,0.0,4.0,0.0,0.0,0.0,7.000747703482162,125952,0,0,0,35,SALT LAKE
1700,350795,0.0,0.0,0.0,2599.0,260.0,1.0,2338.0,2599.0,6.0,254.0,1.0,0.0,874.0,152.0,36.0,1276.0,0.0,0.0,0.0,0.0,149495,0,0,0,35,SALT LAKE
1701,350796,1228.0,3971.705738051901,3.2342880603028514,243.0,83.0,25.0,135.0,329.00918607135225,82.0,1.0,2.0,23.0,0.0,41.0,0.0,94.0,0.0,0.0,0.0,86.00918607135227,80566,467,0,0,35,SALT LAKE
1702,350797,0.0,0.0,0.0,2308.0,142.0,770.0,1396.0,2333.2808988764045,40.0,102.0,172.0,598.0,16.0,367.0,12.0,1001.0,25.280898876404496,0.0,0.0,0.0,55718,366,89,0,35,SALT LAKE
1703,350798,418.0,1277.690242146885,3.056675220447094,413.0,171.0,4.0,238.0,442.0030976287118,156.0,15.0,1.0,3.0,1.0,20.0,8.0,209.0,0.0,0.0,0.0,29.003097628711814,48875,0,0,0,35,SALT LAKE
1704,350799,620.0,1990.5364842830877,3.210542716585625,0.0,0.0,0.0,0.0,44.01582899073232,0.0,0.0,0.0,0.0,0.0,0.0,0.0,0.0,1.0112359550561798,0.0,0.0,43.00459303567614,98904,0,0,0,35,SALT LAKE
1705,350800,1687.0,5412.385791147143,3.208290332630197,51.0,23.0,2.0,26.0,173.01255427531999,2.0,21.0,0.0,2.0,0.0,4.0,11.0,11.0,0.0,0.0,3.9999501309063707,118.0126041444136,76350,0,0,0,35,SALT LAKE
1706,350801,1283.0,3464.001844178286,2.699923495072709,1034.0,11.0,1.0,1022.0,1123.0095065157018,1.0,10.0,1.0,0.0,329.0,212.0,17.0,464.0,0.0,0.0,0.0,89.00950651570177,48568,0,0,0,35,SALT LAKE
1707,350802,443.0,1376.0461625467556,3.106199012520893,0.0,0.0,0.0,0.0,31.003311258278146,0.0,0.0,0.0,0.0,0.0,0.0,0.0,0.0,0.0,0.0,0.0,31.003311258278146,50508,0,0,0,35,SALT LAKE
1708,350803,455.0,1337.6405174382348,2.9398692690950217,0.0,0.0,0.0,0.0,32.00341807306131,0.0,0.0,0.0,0.0,0.0,0.0,0.0,0.0,0.0,0.0,0.0,32.00341807306131,76385,0,0,0,35,SALT LAKE
1709,350804,354.0,1057.5603250614615,2.98745854537136,20.0,0.0,0.0,20.0,45.00267036957915,0.0,0.0,0.0,0.0,0.0,0.0,16.0,4.0,0.0,0.0,0.0,25.00267036957915,104764,0,0,0,35,SALT LAKE
1710,350805,340.0,1021.9648491072228,3.00577896796242,0.0,0.0,0.0,0.0,24.002563554795984,0.0,0.0,0.0,0.0,0.0,0.0,0.0,0.0,0.0,0.0,0.0,24.002563554795984,111155,0,0,0,35,SALT LAKE
1711,350806,237.0,690.3648889019461,2.912932020683317,1038.0,410.0,34.0,594.0,1056.01305180637,331.0,79.0,2.0,32.0,7.0,72.0,2.0,513.0,1.0112359550561798,0.0,0.0,17.001815851313822,93494,0,0,0,35,SALT LAKE
1712,350807,883.0,2195.6788325456737,2.4866124943892114,312.0,29.0,24.0,259.0,374.00662251655626,29.0,0.0,0.0,24.0,54.0,9.0,89.0,107.0,0.0,0.0,0.0,62.00662251655629,59644,0,0,0,35,SALT LAKE
1713,350808,345.0,935.786328375908,2.712424140220023,56.0,11.0,0.0,45.0,80.00256355479598,11.0,0.0,0.0,0.0,2.0,1.0,15.0,27.0,0.0,0.0,0.0,24.002563554795984,65595,0,0,0,35,SALT LAKE
1714,350809,597.0,1599.9229718378886,2.6799379762778703,0.0,0.0,0.0,0.0,338.2145159322265,0.0,0.0,0.0,0.0,0.0,0.0,0.0,0.0,19.213483146067414,0.0,276.99654656526616,42.00448622089297,79063,0,0,0,35,SALT LAKE
1715,350810,0.0,0.0,0.0,1.0,0.0,1.0,0.0,2.01123595505618,0.0,0.0,0.0,1.0,0.0,0.0,0.0,0.0,1.0112359550561798,0.0,0.0,0.0,99326,0,0,0,35,SALT LAKE
1716,350811,379.0,1136.2450613813576,2.998008077523371,192.0,1.0,76.0,115.0,404.11294249480443,1.0,0.0,0.0,76.0,2.0,90.0,0.0,23.0,10.112359550561798,0.0,175.99780575988032,26.00277718436232,99326,723,0,0,35,SALT LAKE
1717,350812,83.0,218.2564709825691,2.629596035934568,42.0,31.0,0.0,11.0,457.0405354631938,28.0,3.0,0.0,0.0,1.0,0.0,0.0,10.0,4.044943820224719,0.0,404.99495075427006,6.000640888698996,99326,0,0,0,35,SALT LAKE
1718,350813,464.0,1527.795296877984,3.292662277754276,195.0,1.0,29.0,165.0,227.0034180730613,1.0,0.0,0.0,29.0,14.0,88.0,0.0,63.0,0.0,0.0,0.0,32.00341807306131,99326,666,0,0,35,SALT LAKE
1719,350814,685.0,2303.401983459817,3.362630632788054,0.0,0.0,0.0,0.0,48.00512710959197,0.0,0.0,0.0,0.0,0.0,0.0,0.0,0.0,0.0,0.0,0.0,48.00512710959197,99326,0,0,0,35,SALT LAKE
1720,350815,543.0,1418.1986998609857,2.6117839776445404,189.0,9.0,8.0,172.0,248.0487908383371,9.0,0.0,2.0,6.0,0.0,17.0,65.0,90.0,4.044943820224719,0.0,16.999788056352077,38.00405896176031,55718,0,0,0,35,SALT LAKE
1721,350816,286.0,700.6688424676468,2.449891057579185,4845.0,2769.0,2.0,2074.0,5002.000428279206,1941.0,828.0,1.0,1.0,730.0,308.0,456.0,580.0,0.0,0.0,136.9982919835432,20.00213629566332,83407,0,0,0,35,SALT LAKE
1722,350817,715.0,2156.336464385726,3.015855194945071,382.0,15.0,31.0,336.0,433.01657669421445,12.0,3.0,0.0,31.0,5.0,76.0,218.0,37.0,1.0112359550561798,0.0,0.0,50.0053407391583,80953,616,0,0,35,SALT LAKE
1723,350818,706.0,2279.983907174134,3.2294389620030226,364.0,127.0,57.0,180.0,413.00523392437515,89.0,38.0,6.0,51.0,6.0,57.0,15.0,102.0,0.0,0.0,0.0,49.00523392437513,75377,560,0,0,35,SALT LAKE
1724,350819,836.0,2645.305897230795,3.164241503864587,292.0,87.0,41.0,164.0,350.00619525742366,43.0,44.0,3.0,38.0,3.0,82.0,40.0,39.0,0.0,0.0,0.0,58.00619525742363,96192,494,0,0,35,SALT LAKE
1725,350820,1070.0,3171.744252132957,2.9642469646102403,1999.0,296.0,45.0,1658.0,3858.9970054480345,185.0,111.0,0.0,45.0,75.0,179.0,120.0,1284.0,1.0112359550561798,0.0,1783.9777583842413,75.00801110873745,58791,246,1094,0,35,SALT LAKE
1726,350821,1226.0,3075.2617778359418,2.508370128740572,1046.0,425.0,57.0,564.0,1348.017741562626,361.0,64.0,17.0,40.0,31.0,71.0,144.0,318.0,1.0112359550561798,0.0,214.99731953621742,86.00918607135227,77187,515,0,0,35,SALT LAKE
1727,350822,742.0,1802.255150946193,2.428915297771149,925.0,216.0,66.0,643.0,1016.0163165673914,126.0,90.0,36.0,30.0,14.0,146.0,0.0,483.0,1.0112359550561798,0.0,37.999526243610525,52.00555436872463,65595,0,0,0,35,SALT LAKE
1728,350823,854.0,2744.5985406820923,3.213815621407602,527.0,355.0,20.0,152.0,865.6103577907804,355.0,0.0,17.0,3.0,41.0,14.0,1.0,96.0,54.60674157303371,0.0,223.99720733075677,60.00640888698996,79063,0,0,0,35,SALT LAKE
1729,350824,831.0,2735.2313101678187,3.2914937547145837,0.0,0.0,0.0,0.0,62.051139077648344,0.0,0.0,0.0,0.0,0.0,0.0,0.0,0.0,4.044943820224719,0.0,0.0,58.00619525742363,98769,0,0,0,35,SALT LAKE
1730,350825,215.0,707.2259038276381,3.2894228085006425,779.0,564.0,6.0,209.0,981.1342519095754,287.0,277.0,0.0,6.0,2.0,58.0,18.0,131.0,12.134831460674157,0.0,174.99781822715372,15.00160222174749,99326,0,0,0,35,SALT LAKE
1731,350826,730.0,1998.030268694506,2.73702776533494,0.0,0.0,0.0,0.0,53.027919464053824,0.0,0.0,0.0,0.0,0.0,0.0,0.0,0.0,2.02247191011236,0.0,0.0,51.005447553941465,97427,0,0,0,35,SALT LAKE
1732,350827,599.0,1612.100371506444,2.691319484985716,261.0,1.0,13.0,247.0,335.00408726814396,1.0,0.0,0.0,13.0,1.0,92.0,1.0,153.0,0.0,0.0,31.999601047250966,42.00448622089297,97427,1150,0,0,35,SALT LAKE
1733,350828,540.0,1373.2359933924736,2.543029617393469,582.0,166.0,80.0,336.0,625.0602387370412,159.0,7.0,3.0,77.0,5.0,77.0,5.0,249.0,5.056179775280899,0.0,0.0,38.00405896176031,97427,577,227,0,35,SALT LAKE
1734,350829,880.0,2445.7838872767725,2.7792998719054234,663.0,101.0,150.0,412.0,760.0285637245896,60.0,41.0,19.0,131.0,6.0,131.0,6.0,269.0,2.02247191011236,0.0,33.999576112704155,61.006515701773125,100890,0,1361,0,35,SALT LAKE
1735,350830,491.0,1337.6405174382348,2.724318772786629,220.0,16.0,5.0,199.0,257.03733956779615,15.0,1.0,1.0,4.0,11.0,77.0,18.0,93.0,3.033707865168539,0.0,0.0,34.003631702627644,102819,781,0,0,35,SALT LAKE
1736,350831,143.0,359.7016517480968,2.5153961660706066,26.0,7.0,0.0,19.0,36.00106814783166,7.0,0.0,0.0,0.0,0.0,8.0,3.0,8.0,0.0,0.0,0.0,10.00106814783166,55718,0,0,0,35,SALT LAKE
1737,350832,1.0,3.746892205709341,3.746892205709341,1115.0,94.0,525.0,496.0,1118.0337078651685,68.0,26.0,301.0,224.0,44.0,136.0,5.0,311.0,3.033707865168539,0.0,0.0,0.0,79444,0,0,0,35,SALT LAKE
1738,350833,495.0,1529.6687429808385,3.0902398848097747,287.0,64.0,0.0,223.0,322.0037385174108,55.0,9.0,0.0,0.0,8.0,12.0,142.0,61.0,0.0,0.0,0.0,35.00373851741081,72021,0,0,0,35,SALT LAKE
1739,350834,699.0,1949.3206700202848,2.7887277110447566,541.0,27.0,89.0,425.0,590.0052339243751,5.0,22.0,9.0,80.0,3.0,114.0,37.0,271.0,0.0,0.0,0.0,49.00523392437513,54164,1207,0,0,35,SALT LAKE
1740,350835,479.0,1418.1986998609857,2.960748851484312,656.0,110.0,209.0,337.0,689.0035248878445,108.0,2.0,98.0,111.0,7.0,29.0,233.0,68.0,0.0,0.0,0.0,33.00352488784448,67567,0,0,0,35,SALT LAKE
1741,350836,732.0,2100.133081300085,2.869034264071155,2424.0,818.0,807.0,799.0,2475.0054475539414,791.0,27.0,9.0,798.0,12.0,521.0,19.0,247.0,0.0,0.0,0.0,51.005447553941465,74159,0,896,1795,35,SALT LAKE
1742,350837,505.0,1444.426945300951,2.8602513768335665,188.0,29.0,0.0,159.0,223.0037385174108,6.0,23.0,0.0,0.0,23.0,85.0,2.0,49.0,0.0,0.0,0.0,35.00373851741081,66291,0,0,0,35,SALT LAKE
1743,350838,180.0,442.1332802737022,2.456296001520568,557.0,21.0,20.0,516.0,603.0009771721586,11.0,10.0,0.0,20.0,7.0,387.0,7.0,115.0,0.0,0.0,32.99958857997756,13.001388592181158,66291,0,0,0,35,SALT LAKE
1744,350839,547.0,1320.7795025125426,2.414587755964429,407.0,25.0,134.0,248.0,462.0038470181124,3.0,22.0,49.0,85.0,22.0,119.0,0.0,107.0,0.0,0.0,16.999788056352077,38.00405896176031,57444,0,0,0,35,SALT LAKE
1745,350840,218.0,551.7298772907004,2.5308709967463323,543.0,9.0,207.0,327.0,571.1476696374779,8.0,1.0,95.0,112.0,40.0,12.0,24.0,251.0,13.146067415730338,0.0,0.0,15.00160222174749,81590,0,0,0,35,SALT LAKE
1746,350841,862.0,2353.0483051854662,2.72975441436829,874.0,1.0,380.0,493.0,934.0064088869899,1.0,0.0,10.0,370.0,6.0,434.0,2.0,51.0,0.0,0.0,0.0,60.00640888698996,97427,954,1433,0,35,SALT LAKE
1747,350842,509.0,1386.350116112456,2.7236740984527628,0.0,0.0,0.0,0.0,40.04878915241869,0.0,0.0,0.0,0.0,0.0,0.0,0.0,0.0,4.044943820224719,0.0,0.0,36.003845332193976,97427,0,0,0,35,SALT LAKE
1748,350843,253.0,679.1242122848181,2.6842854240506644,0.0,0.0,0.0,0.0,24.001847862456543,0.0,0.0,0.0,0.0,0.0,0.0,0.0,0.0,0.0,0.0,5.999925196359556,18.001922666096988,97427,0,0,0,35,SALT LAKE
1749,350844,762.0,2552.5703151394887,3.349829809894342,187.0,1.0,17.0,169.0,240.0056611835078,1.0,0.0,2.0,15.0,2.0,71.0,5.0,91.0,0.0,0.0,0.0,53.0056611835078,92040,565,0,0,35,SALT LAKE
1750,350845,794.0,2487.9364245910024,3.133421189661212,0.0,0.0,0.0,0.0,81.01679908629512,0.0,0.0,0.0,0.0,0.0,0.0,0.0,0.0,1.0112359550561798,0.0,24.999688318164818,55.00587481307413,92196,0,0,0,35,SALT LAKE
1751,350846,711.0,2210.6664013685117,3.1092354449627444,0.0,0.0,0.0,0.0,111.01582865781003,0.0,0.0,0.0,0.0,0.0,0.0,0.0,0.0,1.0112359550561798,0.0,59.99925196359556,50.0053407391583,54519,0,0,0,35,SALT LAKE
1752,350847,231.0,516.1344013364617,2.2343480577336003,210.0,1.0,43.0,166.0,226.00170903653066,1.0,0.0,1.0,42.0,18.0,59.0,0.0,89.0,0.0,0.0,0.0,16.001709036530656,81365,573,0,0,35,SALT LAKE
1753,350848,390.0,903.9377446273784,2.31778908878815,455.0,13.0,74.0,368.0,704.0226131091083,13.0,0.0,3.0,71.0,51.0,52.0,8.0,257.0,2.02247191011236,0.0,219.9972571998504,27.00288399914548,81365,0,0,163,35,SALT LAKE
1754,350849,682.0,1968.9918541002587,2.88708483005903,1274.0,109.0,356.0,809.0,1322.005127109592,109.0,0.0,185.0,171.0,42.0,33.0,73.0,661.0,0.0,0.0,0.0,48.00512710959197,57444,0,0,0,35,SALT LAKE
1755,350850,55.0,155.49602653693765,2.827200482489776,437.0,383.0,8.0,46.0,787.2660757184437,383.0,0.0,8.0,0.0,1.0,11.0,0.0,34.0,24.269662921348317,0.0,321.99598553796284,4.000427259132664,97427,0,0,0,35,SALT LAKE
1756,350851,263.0,760.6191177589963,2.8920879002243205,294.0,0.0,62.0,232.0,315.0356305312655,0.0,0.0,0.0,62.0,18.0,15.0,193.0,6.0,3.033707865168539,0.0,0.0,18.001922666096988,97427,0,0,0,35,SALT LAKE
1757,350852,29.0,61.82372139420413,2.131852461869108,7.0,7.0,0.0,0.0,13.045157449791052,2.0,5.0,0.0,0.0,0.0,0.0,0.0,0.0,4.044943820224719,0.0,0.0,2.000213629566332,56502,0,0,0,35,SALT LAKE
1758,350853,388.0,1213.9930746498264,3.12884813054079,1370.0,40.0,154.0,1176.0,1397.0028839991455,0.0,40.0,17.0,137.0,22.0,548.0,2.0,604.0,0.0,0.0,0.0,27.00288399914548,72694,676,0,2749,35,SALT LAKE
1759,350854,5.0,12.177399668555358,2.4354799337110715,820.0,40.0,288.0,492.0,825.056179775281,40.0,0.0,67.0,221.0,2.0,105.0,0.0,385.0,5.056179775280899,0.0,0.0,0.0,79444,0,0,0,35,SALT LAKE
1760,350855,806.0,2250.945492579887,2.7927363431512244,3498.0,67.0,40.0,3391.0,3700.0041614059396,27.0,40.0,4.0,36.0,221.0,50.0,2664.0,456.0,0.0,0.0,145.99817977808254,56.005981627857295,71395,0,0,414,35,SALT LAKE
1761,350856,347.0,978.8755887415654,2.8209671145290067,450.0,60.0,247.0,143.0,474.002563554796,60.0,0.0,244.0,3.0,22.0,8.0,52.0,61.0,0.0,0.0,0.0,24.002563554795984,71395,0,0,0,35,SALT LAKE
1762,350857,65.0,168.61014925692035,2.5940022962603133,256.0,108.0,1.0,147.0,261.00053407391584,91.0,17.0,1.0,0.0,1.0,40.0,26.0,80.0,0.0,0.0,0.0,5.00053407391583,73487,0,0,0,35,SALT LAKE
1763,350858,242.0,520.8180165935984,2.152140564436357,1154.0,374.0,3.0,777.0,1171.0018158513137,332.0,42.0,1.0,2.0,55.0,86.0,192.0,444.0,0.0,0.0,0.0,17.001815851313822,81365,0,0,0,35,SALT LAKE
1764,350859,454.0,1264.5761194269026,2.7854099546848072,1642.0,527.0,57.0,1058.0,1674.0034180730613,319.0,208.0,42.0,15.0,169.0,78.0,109.0,702.0,0.0,0.0,0.0,32.00341807306131,58827,0,0,0,35,SALT LAKE
1765,350860,466.0,1312.348995049697,2.8161995601924823,424.0,12.0,7.0,405.0,498.11549795293064,12.0,0.0,0.0,7.0,63.0,49.0,0.0,293.0,10.112359550561798,0.0,30.999613514524373,33.00352488784448,81590,719,0,0,35,SALT LAKE
1766,350861,5.0,13.114122719982694,2.622824543996539,1450.0,99.0,58.0,1293.0,1522.808988764045,91.0,8.0,4.0,54.0,303.0,516.0,4.0,470.0,72.80898876404494,0.0,0.0,0.0,76192,0,0,0,35,SALT LAKE
1767,350862,419.0,1227.1071973698092,2.928656795632003,2364.0,114.0,1615.0,635.0,2723.6176466566144,108.0,6.0,947.0,668.0,75.0,189.0,2.0,369.0,55.61797752808989,0.0,274.996571499813,29.003097628711814,56502,0,0,0,35,SALT LAKE
1768,350863,128.0,370.9423283652248,2.8979869403533183,203.0,92.0,1.0,110.0,408.2459830387116,92.0,0.0,1.0,0.0,29.0,3.0,0.0,78.0,22.247191011235955,0.0,173.99783069442714,9.000961333048494,97427,0,0,0,35,SALT LAKE
1769,350864,0.0,0.0,0.0,2420.0,8.0,934.0,1478.0,2428.660187818505,5.0,3.0,863.0,71.0,7.0,374.0,0.0,1097.0,7.078651685393258,1.581536133112017,0.0,0.0,56502,0,0,0,35,SALT LAKE
1770,350865,0.0,0.0,0.0,1387.0,141.0,1062.0,184.0,1546.1217503491537,140.0,1.0,882.0,180.0,0.0,28.0,1.0,155.0,11.123595505617978,0.0,147.99815484353573,0.0,56502,0,0,0,35,SALT LAKE
1771,350866,728.0,2218.16018577993,3.0469233321152887,0.0,0.0,0.0,0.0,98.00486159209132,0.0,0.0,0.0,0.0,0.0,0.0,0.0,0.0,0.0,0.0,46.99941403814986,51.005447553941465,56502,0,0,0,35,SALT LAKE
1772,350867,313.0,1036.0156948786328,3.309954296736846,0.0,0.0,0.0,0.0,22.00234992522965,0.0,0.0,0.0,0.0,0.0,0.0,0.0,0.0,0.0,0.0,0.0,22.00234992522965,83804,0,0,0,35,SALT LAKE
1773,350868,497.0,1572.7580033464958,3.164503024842044,25.0,14.0,0.0,11.0,61.01497447246699,13.0,1.0,0.0,0.0,0.0,0.0,2.0,9.0,1.0112359550561798,0.0,0.0,35.00373851741081,90315,0,0,0,35,SALT LAKE
1774,350869,167.0,556.4134925478371,3.3318173206457318,522.0,199.0,160.0,163.0,534.0012817773979,168.0,31.0,0.0,160.0,0.0,2.0,120.0,41.0,0.0,0.0,0.0,12.001281777397992,79691,0,0,0,35,SALT LAKE
1775,350870,331.0,1107.2066467871102,3.3450351866680066,323.0,222.0,13.0,88.0,346.0024567400128,84.0,138.0,1.0,12.0,0.0,5.0,16.0,67.0,0.0,0.0,0.0,23.002456740012818,79691,0,0,0,35,SALT LAKE
1776,350871,9.0,21.544630182828712,2.393847798092079,271.0,4.0,44.0,223.0,272.0001068147832,4.0,0.0,1.0,43.0,5.0,57.0,0.0,161.0,0.0,0.0,0.0,1.000106814783166,79691,0,0,0,35,SALT LAKE
1777,350872,339.0,998.5467728215394,2.9455657015384644,223.0,35.0,0.0,188.0,247.00256355479598,1.0,34.0,0.0,0.0,2.0,0.0,145.0,41.0,0.0,0.0,0.0,24.002563554795984,73244,0,0,0,35,SALT LAKE
1778,350873,229.0,680.9976583876727,2.9737889012562126,246.0,0.0,13.0,233.0,263.01294499158683,0.0,0.0,0.0,13.0,3.0,59.0,68.0,103.0,1.0112359550561798,0.0,0.0,16.001709036530656,73487,0,0,0,35,SALT LAKE
1779,350874,979.0,2261.249446145587,2.309754286154839,525.0,126.0,1.0,398.0,593.0072634052553,103.0,23.0,1.0,0.0,71.0,17.0,41.0,269.0,0.0,0.0,0.0,68.00726340525529,49551,0,0,0,35,SALT LAKE
1780,350875,572.0,1613.0370945578711,2.819994920555719,1373.0,224.0,29.0,1120.0,1414.015508546383,129.0,95.0,19.0,10.0,129.0,58.0,155.0,778.0,1.0112359550561798,0.0,0.0,40.00427259132664,59740,0,0,0,35,SALT LAKE
1781,350876,267.0,700.6688424676468,2.624227874410662,665.0,172.0,22.0,471.0,691.0019422099664,106.0,66.0,15.0,7.0,53.0,80.0,115.0,223.0,0.0,0.0,6.999912729086149,19.002029480880157,81590,0,0,0,35,SALT LAKE
1782,350877,6.0,22.481353234256048,3.7468922057093415,915.0,5.0,694.0,216.0,924.0223846391985,5.0,0.0,605.0,89.0,13.0,29.0,121.0,53.0,2.02247191011236,0.0,6.999912729086149,0.0,56502,0,0,0,35,SALT LAKE
1783,350878,3.0,5.620338308564012,1.8734461028546707,168.0,106.0,15.0,47.0,203.59914465642888,106.0,0.0,1.0,14.0,6.0,6.0,1.0,34.0,18.202247191011235,17.396897465417663,0.0,0.0,76192,0,0,0,35,SALT LAKE
1784,350879,0.0,0.0,0.0,11.0,0.0,3.0,8.0,11.0,0.0,0.0,3.0,0.0,0.0,7.0,0.0,1.0,0.0,0.0,0.0,0.0,111741,0,0,0,35,SALT LAKE
1785,350880,0.0,0.0,0.0,3.0,0.0,3.0,0.0,3.0,0.0,0.0,3.0,0.0,0.0,0.0,0.0,0.0,0.0,0.0,0.0,0.0,111741,0,0,0,35,SALT LAKE
1786,350881,2.0,2.0,1.0,1241.0,141.0,355.0,745.0,1294.999326767236,136.0,5.0,14.0,341.0,95.0,33.0,1.0,616.0,0.0,0.0,53.999326767236006,0.0,60946,0,0,0,35,SALT LAKE
1787,350882,576.0,1465.9715754837796,2.5450895407704506,1380.0,323.0,126.0,931.0,1447.0039359749449,251.0,72.0,24.0,102.0,99.0,136.0,73.0,623.0,0.0,0.0,26.999663383618003,40.00427259132664,57679,552,0,0,35,SALT LAKE
1788,350883,551.0,1399.464238832439,2.5398625024182198,0.0,0.0,0.0,0.0,38.00405896176031,0.0,0.0,0.0,0.0,0.0,0.0,0.0,0.0,0.0,0.0,0.0,38.00405896176031,65378,0,0,0,35,SALT LAKE
1789,350884,913.0,2119.80426538006,2.321800947842344,1022.0,188.0,2.0,832.0,1196.005464746048,68.0,120.0,1.0,1.0,54.0,57.0,116.0,605.0,0.0,0.0,109.9986285999252,64.00683614612262,60946,0,0,0,35,SALT LAKE
1790,350885,332.0,844.9241923874564,2.544952386709206,3311.0,161.0,1012.0,2138.0,3334.002456740013,155.0,6.0,10.0,1002.0,521.0,1151.0,8.0,458.0,0.0,0.0,0.0,23.002456740012818,60946,0,0,0,35,SALT LAKE
1791,350886,0.0,0.0,0.0,981.0,81.0,410.0,490.0,981.0,30.0,51.0,275.0,135.0,123.0,57.0,0.0,310.0,0.0,0.0,0.0,0.0,39291,0,0,0,35,SALT LAKE
1792,350887,844.0,1819.116165871885,2.1553509074311434,1412.0,299.0,232.0,881.0,1471.0063020722068,270.0,29.0,148.0,84.0,366.0,66.0,45.0,404.0,0.0,0.0,0.0,59.00630207220679,39291,0,0,0,35,SALT LAKE
1793,350888,391.0,993.8631575644029,2.5418495078373478,424.0,76.0,26.0,322.0,514.0020985609208,61.0,15.0,2.0,24.0,42.0,20.0,12.0,248.0,0.0,0.0,62.99921456177534,27.00288399914548,41199,0,0,0,35,SALT LAKE
1794,350889,573.0,1302.045041483996,2.272329915329836,718.0,242.0,17.0,459.0,902.002477303956,58.0,184.0,0.0,17.0,86.0,19.0,106.0,248.0,0.0,0.0,143.99820471262936,40.00427259132664,86602,0,0,0,35,SALT LAKE
1795,350890,153.0,310.9920530738753,2.032627797868466,2926.0,1024.0,13.0,1889.0,2979.0006513371313,582.0,442.0,13.0,0.0,662.0,36.0,296.0,895.0,0.0,0.0,41.999476374516895,11.001174962614826,63756,0,0,0,35,SALT LAKE
1796,350891,769.0,1656.1263549235289,2.1536103445039383,470.0,170.0,3.0,297.0,551.0054313819089,6.0,164.0,0.0,3.0,32.0,3.0,91.0,171.0,0.0,0.0,26.999663383618003,54.00576799829096,40745,0,0,0,35,SALT LAKE
1797,350892,1431.0,3328.177001721322,2.325770092048443,0.0,0.0,0.0,0.0,100.0106814783166,0.0,0.0,0.0,0.0,0.0,0.0,0.0,0.0,0.0,0.0,0.0,100.0106814783166,60946,0,0,0,35,SALT LAKE
1798,350893,146.0,402.7909121137541,2.7588418637928367,1456.0,897.0,13.0,546.0,1600.9993850659216,793.0,104.0,12.0,1.0,64.0,49.0,21.0,412.0,0.0,0.0,134.99831691809,10.00106814783166,60946,0,0,0,35,SALT LAKE
1799,350894,770.0,1697.3421691863314,2.204340479462768,262.0,11.0,34.0,217.0,338.00549371827606,10.0,1.0,18.0,16.0,8.0,1.0,3.0,205.0,0.0,0.0,21.99972571998504,54.00576799829096,60946,0,0,0,35,SALT LAKE
1800,350895,443.0,1037.8891409814876,2.342864878062049,1071.0,128.0,161.0,782.0,1607.9970028179341,108.0,20.0,109.0,52.0,59.0,34.0,80.0,609.0,0.0,0.0,505.9936915596559,31.003311258278146,60946,0,0,0,35,SALT LAKE
1801,350896,864.0,1863.14214928897,2.1564145246400117,1769.0,127.0,95.0,1547.0,1864.0059725324206,39.0,88.0,33.0,62.0,324.0,36.0,31.0,1156.0,0.0,0.0,34.99956364543075,60.00640888698996,54208,0,0,0,35,SALT LAKE
1802,350897,711.0,1554.9602653693764,2.187004592643286,1398.0,190.0,116.0,1092.0,1448.0053407391583,123.0,67.0,103.0,13.0,167.0,141.0,137.0,647.0,0.0,0.0,0.0,50.0053407391583,54208,0,0,0,35,SALT LAKE
1803,350898,584.0,1501.5670514380183,2.5711764579418124,396.0,46.0,14.0,336.0,437.0043794061098,39.0,7.0,5.0,9.0,15.0,14.0,147.0,160.0,0.0,0.0,0.0,41.004379406109805,64045,0,0,0,35,SALT LAKE
1804,350899,353.0,833.6835157703284,2.361709676403197,225.0,131.0,22.0,72.0,277.00233375319715,129.0,2.0,3.0,19.0,21.0,3.0,12.0,36.0,0.0,0.0,26.999663383618003,25.00267036957915,52893,0,0,0,35,SALT LAKE
1805,350900,519.0,1183.0812139527245,2.2795399112769257,661.0,215.0,18.0,428.0,697.003845332194,33.0,182.0,6.0,12.0,86.0,131.0,25.0,186.0,0.0,0.0,0.0,36.003845332193976,44623,0,0,2194,35,SALT LAKE
1806,350901,1007.0,2147.90595692288,2.132975131005839,739.0,412.0,6.0,321.0,837.0071279511662,386.0,26.0,2.0,4.0,45.0,6.0,98.0,172.0,0.0,0.0,27.999650916344596,70.00747703482162,72052,0,0,0,35,SALT LAKE
1807,350902,385.0,878.6462222388404,2.282197979841144,647.0,33.0,29.0,585.0,776.0016123372579,0.0,33.0,7.0,22.0,179.0,103.0,58.0,245.0,0.0,0.0,101.99872833811246,27.00288399914548,76203,48,15,40,35,SALT LAKE
1808,350903,458.0,1131.561446124221,2.4706581793105262,0.0,0.0,0.0,0.0,32.00341807306131,0.0,0.0,0.0,0.0,0.0,0.0,0.0,0.0,0.0,0.0,0.0,32.00341807306131,37668,0,0,0,35,SALT LAKE
1809,350904,1001.0,2143.222341665743,2.141081260405337,130.0,3.0,31.0,96.0,200.00747703482162,3.0,0.0,1.0,30.0,4.0,1.0,6.0,85.0,0.0,0.0,0.0,70.00747703482162,37668,0,0,0,35,SALT LAKE
1810,350905,315.0,788.7208093018163,2.5038755850851317,240.0,4.0,75.0,161.0,406.00055463785895,0.0,4.0,0.0,75.0,8.0,37.0,0.0,116.0,0.0,0.0,143.99820471262936,22.00234992522965,45967,0,0,0,35,SALT LAKE
1811,350906,260.0,698.795396364792,2.6876746014030464,1092.0,14.0,264.0,814.0,1121.0017855260896,13.0,1.0,0.0,264.0,4.0,353.0,12.0,445.0,0.0,0.0,10.99986285999252,18.001922666096988,85973,709,945,0,35,SALT LAKE
1812,350907,294.0,742.8213797818769,2.526603332591418,126.0,29.0,46.0,51.0,147.0022431104465,8.0,21.0,0.0,46.0,2.0,5.0,0.0,44.0,0.0,0.0,0.0,21.00224311044649,85973,0,0,0,35,SALT LAKE
1813,350908,796.0,1895.9274560889264,2.3818184121720183,90.0,10.0,44.0,36.0,146.0059816278573,10.0,0.0,5.0,39.0,4.0,2.0,1.0,29.0,0.0,0.0,0.0,56.005981627857295,41529,0,0,0,35,SALT LAKE
1814,350909,415.0,1059.433771164316,2.5528524606369065,414.0,65.0,97.0,252.0,473.00272361050963,45.0,20.0,12.0,85.0,15.0,55.0,4.0,178.0,0.0,0.0,29.99962598179778,29.003097628711814,57978,419,0,0,35,SALT LAKE
1815,350910,572.0,1284.2473035068767,2.245187593543491,179.0,18.0,85.0,76.0,219.00427259132664,18.0,0.0,68.0,17.0,10.0,3.0,0.0,63.0,0.0,0.0,0.0,40.00427259132664,45967,0,0,0,35,SALT LAKE
1816,350911,465.0,1290.804364866868,2.775923365305092,0.0,0.0,0.0,0.0,55.00313132577294,0.0,0.0,0.0,0.0,0.0,0.0,0.0,0.0,0.0,0.0,22.999713252711633,32.00341807306131,49675,0,0,0,35,SALT LAKE
1817,350912,278.0,765.302733016133,2.7528875288350108,349.0,83.0,57.0,209.0,368.00202948088014,70.0,13.0,6.0,51.0,28.0,20.0,0.0,161.0,0.0,0.0,0.0,19.002029480880157,53734,0,0,0,35,SALT LAKE
1818,350913,271.0,604.1863681706312,2.2294699932495616,257.0,21.0,136.0,100.0,276.00202948088014,20.0,1.0,53.0,83.0,15.0,12.0,0.0,73.0,0.0,0.0,0.0,19.002029480880157,81457,0,0,0,35,SALT LAKE
1819,350914,227.0,549.8564311878458,2.4222750272592326,97.0,11.0,9.0,77.0,126.01279538430595,11.0,0.0,0.0,9.0,1.0,4.0,58.0,14.0,1.0112359550561798,0.0,11.999850392719113,16.001709036530656,81457,0,0,0,35,SALT LAKE
1820,350915,348.0,941.406666684472,2.705191570932391,85.0,17.0,6.0,62.0,109.00256355479598,17.0,0.0,0.0,6.0,1.0,6.0,25.0,30.0,0.0,0.0,0.0,24.002563554795984,48336,0,0,0,35,SALT LAKE
1821,350916,152.0,389.67678939377146,2.5636630881169173,689.0,9.0,4.0,676.0,700.0011749626149,5.0,4.0,3.0,1.0,30.0,61.0,52.0,533.0,0.0,0.0,0.0,11.001174962614826,51003,409,0,0,35,SALT LAKE
1822,350917,332.0,829.936623564619,2.4998091071223465,440.0,40.0,61.0,339.0,463.0024567400128,40.0,0.0,7.0,54.0,79.0,54.0,38.0,168.0,0.0,0.0,0.0,23.002456740012818,80568,0,0,0,35,SALT LAKE
1823,350918,416.0,1006.040557232958,2.4183667241176874,648.0,252.0,48.0,348.0,695.0028732177905,164.0,88.0,0.0,48.0,22.0,10.0,106.0,210.0,0.0,0.0,17.99977558907867,29.003097628711814,88737,0,0,0,35,SALT LAKE
1824,350919,959.0,2146.032510820025,2.237781554556856,1474.0,222.0,101.0,1151.0,1541.007156590472,203.0,19.0,23.0,78.0,40.0,134.0,184.0,793.0,0.0,0.0,0.0,67.00715659047212,60734,254,0,0,35,SALT LAKE
1825,350920,1217.0,2706.192895573572,2.223658911728489,472.0,128.0,9.0,335.0,557.0090792565691,55.0,73.0,1.0,8.0,64.0,50.0,58.0,163.0,0.0,0.0,0.0,85.00907925656911,108592,0,0,0,35,SALT LAKE
1826,350921,43.0,99.29264345129754,2.309131243053431,9145.0,293.0,104.0,8748.0,9572.99502185315,177.0,116.0,3.0,101.0,3559.0,533.0,326.0,4330.0,0.0,0.0,424.9947014088019,3.000320444349498,149495,0,0,0,35,SALT LAKE
1827,350922,1140.0,2810.169154282006,2.4650606616508823,52.0,28.0,0.0,24.0,136.00849531355965,0.0,28.0,0.0,0.0,3.0,8.0,4.0,9.0,0.0,0.0,3.9999501309063707,80.00854518265328,149495,0,0,0,35,SALT LAKE
1828,350923,7055.0,16774.83640496072,2.3777230907102367,248.0,2.0,162.0,84.0,740.0525528733176,2.0,0.0,3.0,159.0,0.0,4.0,0.0,80.0,0.0,0.0,0.0,492.05255287331767,136616,0,0,0,35,SALT LAKE
1829,350924,745.0,1735.7478142948523,2.329862837979668,808.0,392.0,4.0,412.0,1011.0036718104402,392.0,0.0,0.0,4.0,158.0,77.0,73.0,104.0,0.0,0.0,150.9981174417155,52.00555436872463,65715,0,0,0,35,SALT LAKE
1830,350925,50.0,121.77399668555358,2.4354799337110715,1959.0,118.0,4.0,1837.0,1962.0003204443494,66.0,52.0,2.0,2.0,767.0,6.0,46.0,1018.0,0.0,0.0,0.0,3.000320444349498,57947,0,0,0,35,SALT LAKE
1831,350926,1179.0,2738.9782023735283,2.323136728052187,80.0,4.0,4.0,72.0,162.0087588122196,4.0,0.0,2.0,2.0,3.0,1.0,1.0,67.0,0.0,0.0,0.0,82.00875881221961,61673,0,0,0,35,SALT LAKE
1832,350927,13.0,27.164968491392724,2.089612960876363,2164.0,1156.0,45.0,963.0,2165.000106814783,845.0,311.0,45.0,0.0,171.0,207.0,34.0,551.0,0.0,0.0,0.0,1.000106814783166,57947,0,0,0,35,SALT LAKE
1833,350928,533.0,1317.9693333582609,2.472737961272534,1010.0,258.0,20.0,732.0,1072.0036404651419,179.0,79.0,5.0,15.0,144.0,77.0,332.0,179.0,0.0,0.0,24.999688318164818,37.00395214697714,77272,528,0,0,35,SALT LAKE
1834,350929,750.0,1894.9907330374992,2.526654310716665,675.0,81.0,21.0,573.0,727.0055543687247,43.0,38.0,10.0,11.0,60.0,24.0,93.0,396.0,0.0,0.0,0.0,52.00555436872463,74521,0,0,0,35,SALT LAKE
1835,350930,668.0,1681.4178773120668,2.5170926307066868,1842.0,254.0,328.0,1260.0,1889.005020294809,218.0,36.0,12.0,316.0,38.0,778.0,82.0,362.0,0.0,0.0,0.0,47.0050202948088,84600,641,950,0,35,SALT LAKE
1836,350931,757.0,2028.0054063401808,2.679003178784915,14.0,0.0,0.0,14.0,67.0056611835078,0.0,0.0,0.0,0.0,6.0,0.0,0.0,8.0,0.0,0.0,0.0,53.0056611835078,76969,0,0,0,35,SALT LAKE
1837,350932,408.0,1006.9772802843854,2.468081569324474,493.0,18.0,7.0,468.0,581.0134911998539,4.0,14.0,4.0,3.0,61.0,45.0,70.0,292.0,1.0112359550561798,0.0,58.99926443086897,28.002990813928648,73569,0,0,0,35,SALT LAKE
1838,350933,189.0,483.349094536505,2.5574026165952644,83.0,0.0,16.0,67.0,96.00138859218116,0.0,0.0,0.0,16.0,13.0,17.0,20.0,17.0,0.0,0.0,0.0,13.001388592181158,75198,0,0,0,35,SALT LAKE
1839,350934,131.0,310.05533002244795,2.36683458032403,37.0,2.0,6.0,29.0,49.03466919821703,0.0,2.0,1.0,5.0,11.0,7.0,2.0,9.0,3.033707865168539,0.0,0.0,9.000961333048494,57947,0,0,0,35,SALT LAKE
1840,350935,709.0,1643.9489552549733,2.318686819823657,235.0,0.0,3.0,232.0,284.00523392437515,0.0,0.0,1.0,2.0,1.0,17.0,0.0,214.0,0.0,0.0,0.0,49.00523392437513,71040,0,0,2126,35,SALT LAKE
1841,350936,1009.0,2763.333001710639,2.738684838167135,370.0,167.0,1.0,202.0,516.0065295220427,31.0,136.0,1.0,0.0,36.0,21.0,23.0,122.0,0.0,0.0,75.99905248722105,70.00747703482162,116068,0,0,0,35,SALT LAKE
1842,350937,836.0,2143.222341665743,2.5636630881169173,40.0,3.0,0.0,37.0,105.00610798650978,3.0,0.0,0.0,0.0,13.0,1.0,7.0,16.0,0.0,0.0,6.999912729086149,58.00619525742363,115312,0,0,0,35,SALT LAKE
1843,350938,330.0,935.786328375908,2.8357161465936604,297.0,1.0,2.0,294.0,320.0024567400128,0.0,1.0,1.0,1.0,86.0,5.0,178.0,25.0,0.0,0.0,0.0,23.002456740012818,90282,0,0,0,35,SALT LAKE
1844,350939,349.0,873.0258839302764,2.501506830745778,77.0,1.0,0.0,76.0,101.00256355479598,1.0,0.0,0.0,0.0,18.0,1.0,15.0,42.0,0.0,0.0,0.0,24.002563554795984,120720,0,0,0,35,SALT LAKE
1845,350940,514.0,1393.843900523875,2.711758561330496,6.0,1.0,0.0,5.0,66.0035461176322,1.0,0.0,0.0,0.0,2.0,0.0,1.0,2.0,0.0,0.0,23.999700785438225,36.003845332193976,91034,0,0,0,35,SALT LAKE
1846,350941,839.0,2165.703694899999,2.581291650655541,397.0,200.0,11.0,186.0,682.0034844684168,160.0,40.0,0.0,11.0,18.0,48.0,11.0,109.0,0.0,0.0,225.99718239620995,59.00630207220679,98072,462,0,0,35,SALT LAKE
1847,350942,611.0,1503.4404975408731,2.460622745566077,121.0,0.0,26.0,95.0,189.00428135384095,0.0,0.0,0.0,26.0,7.0,9.0,55.0,24.0,0.0,0.0,24.999688318164818,43.00459303567614,102520,0,0,0,35,SALT LAKE
1848,350943,135.0,346.58752902811403,2.5673150298378817,0.0,0.0,0.0,0.0,197.99860501837452,0.0,0.0,0.0,0.0,0.0,0.0,0.0,0.0,0.0,0.0,188.997643685326,9.000961333048494,102705,0,0,0,35,SALT LAKE
1849,350944,266.0,607.9332603763406,2.285463384873461,1194.0,160.0,0.0,1034.0,1213.00202948088,10.0,150.0,0.0,0.0,225.0,48.0,200.0,561.0,0.0,0.0,0.0,19.002029480880157,75198,0,0,0,35,SALT LAKE
1850,350945,492.0,1242.0947661926466,2.5245828581151355,55.0,17.0,2.0,36.0,103.00345716079994,15.0,2.0,2.0,0.0,24.0,0.0,6.0,6.0,0.0,0.0,13.999825458172298,34.003631702627644,59129,0,0,0,35,SALT LAKE
1851,350946,201.0,457.1208490965396,2.2742330800822863,1062.0,24.0,9.0,1029.0,1076.0014954069643,7.0,17.0,3.0,6.0,376.0,73.0,419.0,161.0,0.0,0.0,0.0,14.001495406964324,41529,0,822,0,35,SALT LAKE
1852,350947,1100.0,3034.045963573139,2.7582236032483083,322.0,36.0,8.0,278.0,399.0082247383038,33.0,3.0,1.0,7.0,24.0,61.0,87.0,106.0,0.0,0.0,0.0,77.00822473830378,85287,447,0,0,35,SALT LAKE
1853,350948,1300.0,3559.547595423874,2.7381135349414416,2108.0,318.0,3.0,1787.0,2248.009109248871,127.0,191.0,3.0,0.0,270.0,159.0,225.0,1133.0,0.0,0.0,48.99938910360304,91.0097201452681,78260,0,0,0,35,SALT LAKE
1854,350949,627.0,1594.3026335293246,2.5427474218968493,0.0,0.0,0.0,0.0,44.0046998504593,0.0,0.0,0.0,0.0,0.0,0.0,0.0,0.0,0.0,0.0,0.0,44.0046998504593,78058,0,0,0,35,SALT LAKE
1855,350950,299.0,765.302733016133,2.5595409130974347,0.0,0.0,0.0,0.0,22.01347906550267,0.0,0.0,0.0,0.0,0.0,0.0,0.0,0.0,1.0112359550561798,0.0,0.0,21.00224311044649,72573,0,0,0,35,SALT LAKE
1856,350951,488.0,1223.3603051640998,2.5068858712379094,434.0,25.0,56.0,353.0,507.0031454789647,19.0,6.0,9.0,47.0,86.0,17.0,7.0,243.0,0.0,0.0,38.99951377633712,34.003631702627644,76309,0,0,0,35,SALT LAKE
1857,350952,668.0,1895.9274560889264,2.8382147546241416,19.0,1.0,0.0,18.0,81.00483328570769,1.0,0.0,0.0,0.0,2.0,8.0,3.0,5.0,0.0,0.0,14.99981299089889,47.0050202948088,94243,572,0,0,35,SALT LAKE
1858,350953,379.0,1051.00326370147,2.773095682589631,164.0,1.0,1.0,162.0,190.00277718436232,1.0,0.0,0.0,1.0,45.0,43.0,38.0,36.0,0.0,0.0,0.0,26.00277718436232,137651,389,0,0,35,SALT LAKE
1859,350954,603.0,1751.672106169117,2.904928865952101,708.0,234.0,30.0,444.0,750.004486220893,171.0,63.0,13.0,17.0,18.0,108.0,74.0,244.0,0.0,0.0,0.0,42.00448622089297,99905,441,0,0,35,SALT LAKE
1860,350955,640.0,1942.7636086602931,3.0355681385317084,6.0,0.0,0.0,6.0,51.00480666524247,0.0,0.0,0.0,0.0,0.0,0.0,6.0,0.0,0.0,0.0,0.0,45.00480666524247,98216,0,0,0,35,SALT LAKE
1861,350956,0.0,0.0,0.0,3623.0,63.0,504.0,3056.0,3623.0,62.0,1.0,243.0,261.0,1334.0,344.0,26.0,1352.0,0.0,0.0,0.0,0.0,37668,0,0,0,35,SALT LAKE
1862,350957,900.0,2368.972597059731,2.632191774510812,698.0,41.0,97.0,560.0,1577.9965435689658,17.0,24.0,11.0,86.0,9.0,11.0,0.0,540.0,0.0,0.0,816.9898142376262,63.00672933133946,32464,0,0,0,35,SALT LAKE
1863,350958,559.0,1495.9467131294543,2.6761121880670022,298.0,105.0,2.0,191.0,355.00394136562215,43.0,62.0,0.0,2.0,18.0,3.0,3.0,167.0,0.0,0.0,17.99977558907867,39.00416577654347,32464,0,0,0,35,SALT LAKE
1864,350959,644.0,1495.0099900780272,2.321444083972092,175.0,14.0,0.0,161.0,220.00480666524248,13.0,1.0,0.0,0.0,5.0,2.0,0.0,154.0,0.0,0.0,0.0,45.00480666524247,74169,0,0,0,35,SALT LAKE
1865,350960,420.0,1149.3591841013404,2.7365694859555725,100.0,15.0,8.0,77.0,210.00208777956584,15.0,0.0,2.0,6.0,18.0,4.0,0.0,55.0,0.0,0.0,80.99899015085401,29.003097628711814,73770,0,0,0,35,SALT LAKE
1866,350961,991.0,2531.02568495666,2.554011791076347,690.0,64.0,27.0,599.0,759.0073702200384,62.0,2.0,26.0,1.0,163.0,52.0,70.0,314.0,0.0,0.0,0.0,69.00737022003845,62960,0,0,0,35,SALT LAKE
1867,350962,240.0,610.7434295306226,2.5447642897109275,97.0,0.0,6.0,91.0,122.00171611312656,0.0,0.0,0.0,6.0,28.0,9.0,1.0,53.0,0.0,0.0,7.9999002618127415,17.001815851313822,82904,0,0,0,35,SALT LAKE
1868,350963,464.0,1443.4902222495236,3.1109703065722494,234.0,14.0,0.0,220.0,286.00316872759316,14.0,0.0,0.0,0.0,15.0,57.0,7.0,141.0,0.0,0.0,19.999750654531855,32.00341807306131,100807,635,0,0,35,SALT LAKE
1869,350964,345.0,1040.6993101357696,3.01651973952397,0.0,0.0,0.0,0.0,46.00228927478102,0.0,0.0,0.0,0.0,0.0,0.0,0.0,0.0,0.0,0.0,21.99972571998504,24.002563554795984,116771,0,0,0,35,SALT LAKE
1870,350965,470.0,1041.6360331871967,2.2162468791216954,1521.0,367.0,338.0,816.0,1581.0031882714625,248.0,119.0,257.0,81.0,291.0,203.0,53.0,269.0,0.0,0.0,26.999663383618003,33.00352488784448,76955,0,0,0,35,SALT LAKE
1871,350966,0.0,0.0,0.0,931.0,210.0,263.0,458.0,931.0,208.0,2.0,149.0,114.0,79.0,14.0,47.0,318.0,0.0,0.0,0.0,0.0,45830,0,0,0,35,SALT LAKE
1872,350967,1904.0,4865.339529113579,2.5553253829378044,2383.0,235.0,143.0,2005.0,2707.01182511694,56.0,179.0,31.0,112.0,465.0,7.0,274.0,1259.0,0.0,0.0,190.9976187507792,133.0142063661611,45830,0,0,0,35,SALT LAKE
1873,350968,396.0,1042.5727562386242,2.632759485451071,5905.0,110.0,34.0,5761.0,5933.002990813929,51.0,59.0,14.0,20.0,1918.0,639.0,621.0,2583.0,0.0,0.0,0.0,28.002990813928648,62143,0,0,0,35,SALT LAKE
1874,350969,186.0,499.2733864107697,2.6842655183374715,167.0,64.0,5.0,98.0,190.00126391944707,60.0,4.0,1.0,4.0,25.0,1.0,2.0,70.0,0.0,0.0,9.999875327265928,13.001388592181158,30205,0,0,0,35,SALT LAKE
1875,350970,142.0,379.3728358280708,2.671639688930076,74.0,0.0,0.0,74.0,93.000955942371,0.0,0.0,0.0,0.0,2.0,47.0,0.0,25.0,0.0,0.0,8.999887794539335,10.00106814783166,62143,0,0,0,35,SALT LAKE
1876,350971,172.0,478.6654792793683,2.7829388330195832,67.0,13.0,19.0,35.0,79.00128177739799,12.0,1.0,17.0,2.0,5.0,3.0,8.0,19.0,0.0,0.0,0.0,12.001281777397992,30205,0,0,0,35,SALT LAKE
1877,350972,469.0,1241.1580431412192,2.6463924160793586,624.0,70.0,15.0,539.0,679.0032506078295,52.0,18.0,2.0,13.0,64.0,93.0,57.0,325.0,0.0,0.0,21.99972571998504,33.00352488784448,53345,577,0,0,35,SALT LAKE
1878,350973,613.0,1604.6065870950254,2.6176290164682308,1033.0,152.0,11.0,870.0,1076.0045930356762,11.0,141.0,2.0,9.0,10.0,686.0,9.0,165.0,0.0,0.0,0.0,43.00459303567614,62143,0,0,60,35,SALT LAKE
1879,350974,543.0,1405.084577141003,2.587632738749545,1200.0,128.0,115.0,957.0,1390.0021639362026,49.0,79.0,6.0,109.0,87.0,243.0,78.0,549.0,0.0,0.0,151.9981049744421,38.00405896176031,68075,0,0,132,35,SALT LAKE
1880,350975,487.0,1207.436013289835,2.479334729547916,1816.0,968.0,5.0,843.0,1850.0036317026277,810.0,158.0,5.0,0.0,11.0,363.0,7.0,462.0,0.0,0.0,0.0,34.003631702627644,82904,0,0,0,35,SALT LAKE
1881,350976,393.0,1282.373857404022,3.2630378050992923,828.0,44.0,1.0,783.0,855.0028839991455,29.0,15.0,1.0,0.0,143.0,49.0,74.0,517.0,0.0,0.0,0.0,27.00288399914548,62829,0,0,0,35,SALT LAKE
1882,350977,447.0,1375.1094394953282,3.0763074709067744,0.0,0.0,0.0,0.0,31.003311258278146,0.0,0.0,0.0,0.0,0.0,0.0,0.0,0.0,0.0,0.0,0.0,31.003311258278146,101047,0,0,0,35,SALT LAKE
1883,350978,1539.0,4406.345233914185,2.863122309235988,1048.0,299.0,95.0,654.0,1155.0114291817988,225.0,74.0,5.0,90.0,45.0,154.0,108.0,347.0,0.0,0.0,0.0,107.01142918179876,98907,484,0,0,35,SALT LAKE
1884,350979,394.0,1097.8394162728368,2.786394457545271,418.0,2.0,17.0,399.0,445.00288399914547,2.0,0.0,1.0,16.0,20.0,217.0,3.0,159.0,0.0,0.0,0.0,27.00288399914548,121548,0,936,0,35,SALT LAKE
1885,350980,668.0,1438.806606992387,2.1539021062760284,1547.0,107.0,573.0,867.0,1594.005020294809,93.0,14.0,275.0,298.0,346.0,161.0,91.0,269.0,0.0,0.0,0.0,47.0050202948088,76955,0,0,0,35,SALT LAKE
1886,350981,0.0,0.0,0.0,2024.0,181.0,102.0,1741.0,2024.0,179.0,2.0,85.0,17.0,534.0,318.0,0.0,889.0,0.0,0.0,0.0,0.0,45830,0,0,0,35,SALT LAKE
1887,350982,1480.0,3256.049326761417,2.2000333288928497,1315.0,172.0,34.0,1109.0,1525.0096679244116,111.0,61.0,13.0,21.0,381.0,59.0,18.0,651.0,0.0,0.0,106.99866600174542,103.0110019226661,45830,0,0,0,35,SALT LAKE
1888,350983,161.0,388.7400663423441,2.414534573554932,6948.0,357.0,133.0,6458.0,7050.212710657294,24.0,333.0,131.0,2.0,2710.0,441.0,1303.0,2004.0,0.0,33.21225879653783,57.99927689814238,11.001174962614826,53265,0,0,1996,35,SALT LAKE
1889,350984,264.0,615.4270447877593,2.331163048438482,0.0,0.0,0.0,0.0,18.001922666096988,0.0,0.0,0.0,0.0,0.0,0.0,0.0,0.0,0.0,0.0,0.0,18.001922666096988,53265,0,0,0,35,SALT LAKE
1890,350985,497.0,1138.1185074842124,2.2899768762257797,995.0,119.0,49.0,827.0,1045.0035515083098,99.0,20.0,9.0,40.0,134.0,109.0,109.0,475.0,0.0,0.0,14.99981299089889,35.00373851741081,83700,0,0,0,35,SALT LAKE
1891,350986,368.0,1114.700431198529,3.029077258691655,1659.0,164.0,37.0,1458.0,1685.0027771843622,102.0,62.0,10.0,27.0,153.0,322.0,276.0,707.0,0.0,0.0,0.0,26.00277718436232,69002,310,222,91,35,SALT LAKE
1892,350987,345.0,1021.9648491072228,2.962216953933979,1109.0,16.0,9.0,1084.0,1140.002476283882,16.0,0.0,0.0,9.0,43.0,74.0,889.0,78.0,0.0,0.0,6.999912729086149,24.002563554795984,72647,369,0,0,35,SALT LAKE
1893,350988,277.0,816.8225008446364,2.9488176925799148,1201.0,11.0,80.0,1110.0,1220.00202948088,6.0,5.0,3.0,77.0,436.0,327.0,85.0,262.0,0.0,0.0,0.0,19.002029480880157,83356,420,0,0,35,SALT LAKE
1894,350989,488.0,1375.1094394953282,2.8178472120805904,826.0,292.0,4.0,530.0,860.0036317026277,197.0,95.0,3.0,1.0,7.0,107.0,9.0,407.0,0.0,0.0,0.0,34.003631702627644,117605,0,0,0,35,SALT LAKE
1895,350990,514.0,1416.3252537581309,2.755496602642278,489.0,26.0,2.0,461.0,525.003845332194,26.0,0.0,1.0,1.0,10.0,30.0,17.0,404.0,0.0,0.0,0.0,36.003845332193976,91031,0,0,0,35,SALT LAKE
1896,350991,316.0,922.6722056559252,2.919848752075713,0.0,0.0,0.0,0.0,22.00234992522965,0.0,0.0,0.0,0.0,0.0,0.0,0.0,0.0,0.0,0.0,0.0,22.00234992522965,122645,0,0,0,35,SALT LAKE
1897,350992,882.0,2048.6133134715824,2.322690831600433,8989.0,374.0,146.0,8469.0,9185.00495190192,226.0,148.0,76.0,70.0,4198.0,1408.0,764.0,2099.0,0.0,0.0,133.99832938536343,62.00662251655629,45830,0,0,0,35,SALT LAKE
1898,350993,1100.0,2540.392915470933,2.3094481049735758,2380.0,1351.0,3.0,1026.0,2457.008224738304,1346.0,5.0,3.0,0.0,146.0,43.0,203.0,634.0,0.0,0.0,0.0,77.00822473830378,53265,0,0,0,35,SALT LAKE
1899,350994,298.0,711.9095190847748,2.388958117734144,280.0,130.0,20.0,130.0,301.0022431104465,124.0,6.0,9.0,11.0,1.0,13.0,9.0,107.0,0.0,0.0,0.0,21.00224311044649,70392,0,0,0,35,SALT LAKE
1900,350995,190.0,556.4134925478371,2.928492066041248,25.0,1.0,0.0,24.0,38.00138859218116,1.0,0.0,0.0,0.0,7.0,0.0,15.0,2.0,0.0,0.0,0.0,13.001388592181158,67464,0,0,0,35,SALT LAKE
1901,350996,500.0,1471.5919137923436,2.9431838275846878,827.0,10.0,32.0,785.0,990.0021427064147,10.0,0.0,0.0,32.0,5.0,118.0,108.0,554.0,0.0,0.0,127.99840418900386,35.00373851741081,73279,0,722,0,35,SALT LAKE
1902,350997,77.0,215.44630182828712,2.7980039198478845,383.0,53.0,26.0,304.0,388.00053407391584,53.0,0.0,12.0,14.0,9.0,17.0,214.0,64.0,0.0,0.0,0.0,5.00053407391583,83356,0,0,0,35,SALT LAKE
1903,350998,769.0,2272.490122762715,2.95512369670054,0.0,0.0,0.0,0.0,94.00526930735467,0.0,0.0,0.0,0.0,0.0,0.0,0.0,0.0,0.0,0.0,39.99950130906371,54.00576799829096,97838,0,0,0,35,SALT LAKE
1904,350999,992.0,2864.499091264792,2.8875998903878943,0.0,0.0,0.0,0.0,69.00737022003845,0.0,0.0,0.0,0.0,0.0,0.0,0.0,0.0,0.0,0.0,0.0,69.00737022003845,102608,0,0,0,35,SALT LAKE
1905,351000,512.0,1470.6551907409164,2.8723734194158523,376.0,2.0,150.0,224.0,448.0033965103513,2.0,0.0,3.0,147.0,9.0,158.0,13.0,44.0,0.0,0.0,35.99955117815734,36.003845332193976,134555,773,0,0,35,SALT LAKE
1906,351001,175.0,409.3479734737455,2.3391312769928314,0.0,0.0,0.0,0.0,77.00047140462652,0.0,0.0,0.0,0.0,0.0,0.0,0.0,0.0,0.0,0.0,64.99918962722853,12.001281777397992,154331,0,0,0,35,SALT LAKE
1907,351002,190.0,462.7411874051036,2.4354799337110715,82.0,65.0,2.0,15.0,123.00103950852575,0.0,65.0,0.0,2.0,1.0,0.0,10.0,4.0,0.0,0.0,27.999650916344596,13.001388592181158,115747,0,0,0,35,SALT LAKE
1908,351003,509.0,1302.045041483996,2.5580452681414463,5994.0,1045.0,30.0,4919.0,6666.803937968368,28.0,1017.0,29.0,1.0,2143.0,72.0,1838.0,866.0,0.0,170.80590238558165,465.99419025059217,36.003845332193976,78814,0,0,0,35,SALT LAKE
1909,351004,570.0,1448.1738375066602,2.5406558552748426,785.0,253.0,17.0,515.0,825.0042725913266,116.0,137.0,12.0,5.0,34.0,101.0,2.0,378.0,0.0,0.0,0.0,40.00427259132664,86028,0,0,0,35,SALT LAKE
1910,351005,677.0,1844.4076882604231,2.7243835867953075,133.0,14.0,28.0,91.0,180.0050202948088,9.0,5.0,0.0,28.0,19.0,6.0,3.0,63.0,0.0,0.0,0.0,47.0050202948088,91483,0,0,0,35,SALT LAKE
1911,351006,680.0,1954.9410083288487,2.8749132475424246,147.0,22.0,4.0,121.0,194.0050202948088,1.0,21.0,0.0,4.0,14.0,40.0,3.0,64.0,0.0,0.0,0.0,47.0050202948088,51676,644,0,0,35,SALT LAKE
1912,351007,219.0,595.7558607077852,2.72034639592596,0.0,0.0,0.0,0.0,15.00160222174749,0.0,0.0,0.0,0.0,0.0,0.0,0.0,0.0,0.0,0.0,0.0,15.00160222174749,66181,0,0,0,35,SALT LAKE
1913,351008,257.0,690.3648889019461,2.686244703898623,75.0,46.0,3.0,26.0,93.00192266609699,29.0,17.0,0.0,3.0,0.0,2.0,0.0,24.0,0.0,0.0,0.0,18.001922666096988,54148,0,0,0,35,SALT LAKE
1914,351009,216.0,574.2112305249565,2.658385326504428,593.0,192.0,11.0,390.0,651.0010661289909,142.0,50.0,1.0,10.0,6.0,54.0,5.0,325.0,0.0,0.0,42.99946390724349,15.00160222174749,98542,0,0,0,35,SALT LAKE
1915,351010,321.0,950.7738971987452,2.96191245233254,12.0,0.0,0.0,12.0,34.00234992522965,0.0,0.0,0.0,0.0,8.0,1.0,1.0,2.0,0.0,0.0,0.0,22.00234992522965,140403,0,0,0,35,SALT LAKE
1916,351011,278.0,729.7072570618942,2.62484624842408,134.0,9.0,1.0,124.0,153.00202948088017,0.0,9.0,0.0,1.0,6.0,2.0,90.0,26.0,0.0,0.0,0.0,19.002029480880157,155904,0,0,0,35,SALT LAKE
1917,351012,163.0,428.0824345022922,2.626272604308541,0.0,0.0,0.0,0.0,116.99985343163365,0.0,0.0,0.0,0.0,0.0,0.0,0.0,0.0,0.0,0.0,105.99867846901883,11.001174962614826,155183,0,0,0,35,SALT LAKE
1918,351013,1329.0,3419.975860761201,2.5733452676908963,1726.0,657.0,1.0,1068.0,1819.0099337748345,272.0,385.0,1.0,0.0,223.0,6.0,662.0,177.0,0.0,0.0,0.0,93.00993377483444,78814,0,0,0,35,SALT LAKE
1919,351014,825.0,2239.7048159627584,2.714793716318495,3196.0,1240.0,17.0,1939.0,3635.0014452262553,950.0,290.0,5.0,12.0,187.0,34.0,212.0,1506.0,0.0,0.0,380.9952499688318,58.00619525742363,78814,0,0,0,35,SALT LAKE
1920,351015,361.0,920.7987595530706,2.5506890846345445,1040.0,227.0,89.0,724.0,1231.0006008021935,140.0,87.0,4.0,85.0,96.0,45.0,92.0,491.0,0.0,0.0,165.9979304326144,25.00267036957915,63501,0,0,0,35,SALT LAKE
1921,351016,221.0,557.3502155992645,2.521946676919749,996.0,76.0,29.0,891.0,1015.0015523526539,74.0,2.0,2.0,27.0,39.0,157.0,122.0,573.0,0.0,0.0,3.9999501309063707,15.00160222174749,74012,0,0,0,35,SALT LAKE
1922,351017,492.0,1420.0721459638405,2.8863254999265044,355.0,38.0,50.0,267.0,404.0034446935265,32.0,6.0,1.0,49.0,14.0,20.0,33.0,200.0,0.0,0.0,14.99981299089889,34.003631702627644,71273,0,0,0,35,SALT LAKE
1923,351018,393.0,1202.7523980326985,3.060438671838928,211.0,1.0,0.0,210.0,238.00288399914547,1.0,0.0,0.0,0.0,23.0,36.0,26.0,125.0,0.0,0.0,0.0,27.00288399914548,104764,0,0,0,35,SALT LAKE
1924,351019,267.0,742.8213797818769,2.782102545999539,161.0,84.0,2.0,75.0,180.00202948088017,23.0,61.0,0.0,2.0,14.0,0.0,0.0,61.0,0.0,0.0,0.0,19.002029480880157,113914,0,0,0,35,SALT LAKE
1925,351020,13.0,34.65875290281141,2.6660579156008777,562.0,118.0,152.0,292.0,563.0001068147832,118.0,0.0,134.0,18.0,13.0,98.0,2.0,179.0,0.0,0.0,0.0,1.000106814783166,105353,0,0,0,35,SALT LAKE
1926,351021,129.0,360.63837479952406,2.79564631627538,0.0,0.0,0.0,0.0,9.000961333048494,0.0,0.0,0.0,0.0,0.0,0.0,0.0,0.0,0.0,0.0,0.0,9.000961333048494,132708,0,0,0,35,SALT LAKE
1927,351022,808.0,2187.248325082828,2.706990501340133,0.0,0.0,0.0,0.0,115.00524605872627,0.0,0.0,0.0,0.0,0.0,0.0,0.0,0.0,0.0,0.0,58.99926443086897,56.005981627857295,155902,0,0,0,35,SALT LAKE
1928,351023,595.0,1536.22580434083,2.581892108135849,2301.0,1219.0,26.0,1056.0,2343.004486220893,936.0,283.0,25.0,1.0,393.0,7.0,180.0,476.0,0.0,0.0,0.0,42.00448622089297,78814,0,0,0,35,SALT LAKE
1929,351024,735.0,1789.1410282262104,2.434205480579878,1717.0,568.0,14.0,1135.0,2423.9972690225864,478.0,90.0,7.0,7.0,130.0,341.0,144.0,520.0,0.0,0.0,655.9918214686448,51.005447553941465,63501,459,0,0,35,SALT LAKE
1930,351025,360.0,917.9885903987886,2.5499683066633017,379.0,31.0,14.0,334.0,405.01390632463534,19.0,12.0,0.0,14.0,39.0,50.0,26.0,219.0,1.0112359550561798,0.0,0.0,25.00267036957915,74012,0,0,0,35,SALT LAKE
1931,351026,514.0,1488.4529287180358,2.8958228185175794,130.0,0.0,1.0,129.0,166.00384533219398,0.0,0.0,0.0,1.0,26.0,36.0,66.0,1.0,0.0,0.0,0.0,36.003845332193976,102767,483,0,0,35,SALT LAKE
1932,351027,389.0,1125.0043847642296,2.8920421202165287,1127.0,1.0,55.0,1071.0,1154.0028839991455,1.0,0.0,9.0,46.0,25.0,435.0,55.0,556.0,0.0,0.0,0.0,27.00288399914548,111014,0,0,2290,35,SALT LAKE
1933,351028,471.0,1323.5896716668246,2.810169154282005,176.0,1.0,9.0,166.0,209.0035248878445,1.0,0.0,0.0,9.0,36.0,63.0,46.0,21.0,0.0,0.0,0.0,33.00352488784448,106389,692,0,0,35,SALT LAKE
1934,351029,400.0,1161.5365837698955,2.9038414594247395,39.0,1.0,1.0,37.0,67.00299081392865,1.0,0.0,0.0,1.0,7.0,11.0,3.0,16.0,0.0,0.0,0.0,28.002990813928648,108502,0,0,0,35,SALT LAKE
1935,351030,82.0,236.05420895968848,2.878709865362054,0.0,0.0,0.0,0.0,6.000640888698996,0.0,0.0,0.0,0.0,0.0,0.0,0.0,0.0,0.0,0.0,0.0,6.000640888698996,149525,0,0,0,35,SALT LAKE
1936,351031,97.0,266.02934660536323,2.742570583560445,0.0,0.0,0.0,0.0,7.000747703482162,0.0,0.0,0.0,0.0,0.0,0.0,0.0,0.0,0.0,0.0,0.0,7.000747703482162,155809,0,0,0,35,SALT LAKE
1937,351032,238.0,769.0496252218422,3.2313009463102613,170.0,34.0,17.0,119.0,187.00181585131384,18.0,16.0,2.0,15.0,3.0,16.0,73.0,27.0,0.0,0.0,0.0,17.001815851313822,81668,0,0,0,35,SALT LAKE
1938,351033,924.0,2903.8414594247392,3.142685562147986,714.0,7.0,94.0,613.0,840.0060631751713,6.0,1.0,1.0,93.0,15.0,260.0,73.0,265.0,0.0,0.0,61.99922702904875,64.00683614612262,110410,387,1202,0,35,SALT LAKE
1939,351034,720.0,2256.565830888451,3.134119209567293,442.0,230.0,4.0,208.0,514.0050664591433,145.0,85.0,2.0,2.0,4.0,12.0,49.0,143.0,0.0,0.0,21.99972571998504,50.0053407391583,102567,0,0,0,35,SALT LAKE
1940,351035,199.0,568.5908922163925,2.8572406644039825,0.0,0.0,0.0,0.0,14.001495406964324,0.0,0.0,0.0,0.0,0.0,0.0,0.0,0.0,0.0,0.0,0.0,14.001495406964324,140424,0,0,0,35,SALT LAKE
1941,351036,511.0,1473.4653598951984,2.8834938549808187,291.0,15.0,44.0,232.0,327.003845332194,15.0,0.0,2.0,42.0,20.0,99.0,14.0,99.0,0.0,0.0,0.0,36.003845332193976,108053,688,0,0,35,SALT LAKE
1942,351037,279.0,807.455270330363,2.8941049115783617,0.0,0.0,0.0,0.0,19.002029480880157,0.0,0.0,0.0,0.0,0.0,0.0,0.0,0.0,0.0,0.0,0.0,19.002029480880157,114582,0,0,0,35,SALT LAKE
1943,351038,256.0,740.9479336790222,2.8943278659336804,0.0,0.0,0.0,0.0,18.001922666096988,0.0,0.0,0.0,0.0,0.0,0.0,0.0,0.0,0.0,0.0,0.0,18.001922666096988,155809,0,0,0,35,SALT LAKE
1944,351039,260.0,788.7208093018163,3.033541574237755,0.0,0.0,0.0,0.0,18.001922666096988,0.0,0.0,0.0,0.0,0.0,0.0,0.0,0.0,0.0,0.0,0.0,18.001922666096988,111741,0,0,0,35,SALT LAKE
1945,351040,690.0,2197.5522786485285,3.18485837485294,133.0,0.0,0.0,133.0,181.00512710959197,0.0,0.0,0.0,0.0,11.0,62.0,11.0,49.0,0.0,0.0,0.0,48.00512710959197,91525,859,0,0,35,SALT LAKE
1946,351041,219.0,706.2891807762107,3.2250647524027887,125.0,24.0,38.0,63.0,140.00160222174748,11.0,13.0,1.0,37.0,7.0,5.0,32.0,19.0,0.0,0.0,0.0,15.00160222174749,121008,0,0,0,35,SALT LAKE
1947,351042,231.0,740.9479336790222,3.2075668124633,81.0,0.0,0.0,81.0,492.01928130819397,0.0,0.0,0.0,0.0,1.0,27.0,53.0,0.0,2.02247191011236,0.0,392.99510036155095,16.001709036530656,115611,777,0,0,35,SALT LAKE
1948,351043,345.0,1086.5987396557089,3.149561564219446,0.0,0.0,0.0,0.0,24.002563554795984,0.0,0.0,0.0,0.0,0.0,0.0,0.0,0.0,0.0,0.0,0.0,24.002563554795984,133486,0,0,0,35,SALT LAKE
1949,351044,298.0,804.645101176081,2.70015134622846,83.0,0.0,0.0,83.0,125.00198129770493,0.0,0.0,0.0,0.0,3.0,66.0,10.0,4.0,0.0,0.0,20.999738187258448,21.00224311044649,96995,806,0,0,35,SALT LAKE
1950,351045,457.0,1132.4981691756484,2.478114155745401,291.0,4.0,44.0,243.0,323.0034180730613,3.0,1.0,0.0,44.0,17.0,2.0,125.0,99.0,0.0,0.0,0.0,32.00341807306131,97218,0,0,0,35,SALT LAKE
1951,351046,465.0,1225.2337512669544,2.634911293047214,0.0,0.0,0.0,0.0,44.00326846578042,0.0,0.0,0.0,0.0,0.0,0.0,0.0,0.0,0.0,0.0,11.999850392719113,32.00341807306131,78447,0,0,0,35,SALT LAKE
1952,351047,435.0,1291.7410879182953,2.9695197423409088,0.0,0.0,0.0,0.0,222.01205914933036,0.0,0.0,0.0,0.0,0.0,0.0,0.0,0.0,1.0112359550561798,0.0,190.9976187507792,30.00320444349498,111429,0,0,0,35,SALT LAKE
1953,351048,0.0,0.0,0.0,0.0,0.0,0.0,0.0,0.0,0.0,0.0,0.0,0.0,0.0,0.0,0.0,0.0,0.0,0.0,0.0,0.0,111741,0,0,0,35,SALT LAKE
1954,351049,768.0,2453.277671688191,3.1943719683439986,0.0,0.0,0.0,0.0,54.00576799829096,0.0,0.0,0.0,0.0,0.0,0.0,0.0,0.0,0.0,0.0,0.0,54.00576799829096,95609,0,0,0,35,SALT LAKE
1955,351050,276.0,853.3546998503024,3.091864854530081,0.0,0.0,0.0,0.0,19.002029480880157,0.0,0.0,0.0,0.0,0.0,0.0,0.0,0.0,0.0,0.0,0.0,19.002029480880157,121008,0,1160,0,35,SALT LAKE
1956,351051,427.0,1376.9828855981827,3.22478427540558,678.0,424.0,0.0,254.0,708.003204443495,342.0,82.0,0.0,0.0,8.0,14.0,0.0,232.0,0.0,0.0,0.0,30.00320444349498,108974,0,0,0,35,SALT LAKE
1957,351052,419.0,1286.120749609731,3.0695005957272823,0.0,0.0,0.0,0.0,31.025569538824172,0.0,0.0,0.0,0.0,0.0,0.0,0.0,0.0,2.02247191011236,0.0,0.0,29.003097628711814,126133,0,0,0,35,SALT LAKE
1958,351053,401.0,1062.243940318598,2.648987382340644,55.0,4.0,0.0,51.0,178.00180642295496,4.0,0.0,0.0,0.0,4.0,40.0,3.0,4.0,0.0,0.0,94.99881560902631,28.002990813928648,105501,0,1348,0,35,SALT LAKE
1959,351054,285.0,744.6948258847315,2.612964301349935,484.0,122.0,27.0,335.0,505.0133722507195,110.0,12.0,0.0,27.0,33.0,2.0,51.0,249.0,1.0112359550561798,0.0,0.0,20.00213629566332,97218,0,0,0,35,SALT LAKE
1960,351055,591.0,1532.4789121351205,2.5930269240864985,3894.0,458.0,2509.0,927.0,4044.0030204733084,354.0,104.0,2378.0,131.0,72.0,248.0,168.0,439.0,0.0,0.0,108.9986410671986,41.004379406109805,78447,0,0,0,35,SALT LAKE
1961,351056,293.0,888.0134527531138,3.030762637382641,1471.0,71.0,27.0,1373.0,1533.2209644498723,7.0,64.0,21.0,6.0,213.0,236.0,276.0,648.0,5.056179775280899,3.163072266224034,33.999576112704155,20.00213629566332,116012,0,0,0,35,SALT LAKE
1962,351057,293.0,879.5829452902678,3.001989574369514,601.0,42.0,0.0,559.0,781.6491806662812,18.0,24.0,0.0,0.0,182.0,5.0,131.0,241.0,6.067415730337078,1.581536133112017,152.99809250716868,20.00213629566332,116012,0,0,0,35,SALT LAKE
1963,351058,335.0,800.8982089703717,2.3907409222996168,1016.0,79.0,196.0,741.0,1039.0024567400128,78.0,1.0,82.0,114.0,632.0,31.0,14.0,64.0,0.0,0.0,0.0,23.002456740012818,78814,0,0,0,35,SALT LAKE
1964,351059,0.0,0.0,0.0,1273.0,0.0,101.0,1172.0,1273.0,0.0,0.0,71.0,30.0,114.0,969.0,0.0,89.0,0.0,0.0,0.0,0.0,111741,0,0,0,35,SALT LAKE
1965,351060,2.0,7.493784411418682,3.746892205709341,286.0,3.0,135.0,148.0,287.0112359550562,0.0,3.0,99.0,36.0,12.0,65.0,0.0,71.0,1.0112359550561798,0.0,0.0,0.0,111741,0,0,0,35,SALT LAKE
1966,351061,741.0,1800.3817048433384,2.429664918816921,1684.0,395.0,88.0,1201.0,11419.896069715378,386.0,9.0,6.0,82.0,7.0,31.0,3.0,1160.0,1.0112359550561798,0.0,9682.879279391596,52.00555436872463,111741,0,0,0,35,SALT LAKE
1967,351062,1470.0,4008.237937057568,2.726692474188821,1258.0,93.0,243.0,922.0,1364.0447097878346,86.0,7.0,10.0,233.0,14.0,319.0,5.0,584.0,3.033707865168539,0.0,0.0,103.0110019226661,111741,866,1286,148,35,SALT LAKE
1968,351063,656.0,1994.2833764887969,3.040066122696336,0.0,0.0,0.0,0.0,46.00491348002564,0.0,0.0,0.0,0.0,0.0,0.0,0.0,0.0,0.0,0.0,0.0,46.00491348002564,97253,0,0,0,35,SALT LAKE
1969,351064,147.0,469.29824876509497,3.192505093640102,0.0,0.0,0.0,0.0,10.00106814783166,0.0,0.0,0.0,0.0,0.0,0.0,0.0,0.0,0.0,0.0,0.0,10.00106814783166,97253,0,0,0,35,SALT LAKE
1970,351065,120.0,339.09374461669535,2.825781205139128,261.0,3.0,6.0,252.0,269.0008545182653,3.0,0.0,1.0,5.0,18.0,10.0,115.0,109.0,0.0,0.0,0.0,8.000854518265328,97253,0,0,0,35,SALT LAKE
1971,351066,229.0,606.0598142734859,2.646549407307799,769.0,173.0,117.0,479.0,785.0017090365307,139.0,34.0,0.0,117.0,40.0,178.0,15.0,246.0,0.0,0.0,0.0,16.001709036530656,97218,0,0,2477,35,SALT LAKE
1972,351067,1130.0,2802.675369870587,2.480243690150962,1152.0,2.0,1116.0,34.0,1239.0983260083196,0.0,2.0,1111.0,5.0,0.0,8.0,24.0,2.0,8.089887640449438,0.0,0.0,79.00843836787011,78814,0,0,0,35,SALT LAKE
1973,351068,696.0,1779.773797711937,2.557146261080369,1387.0,217.0,32.0,1138.0,2913.9868072942795,144.0,73.0,24.0,8.0,324.0,276.0,27.0,511.0,0.0,0.0,1477.981573369904,49.00523392437513,78814,0,0,0,35,SALT LAKE
1974,351069,748.0,1822.8630580775944,2.4369826979646985,1272.0,87.0,629.0,556.0,1338.1628577395113,38.0,49.0,532.0,97.0,122.0,83.0,46.0,305.0,14.157303370786517,0.0,0.0,52.00555436872463,111741,0,0,0,35,SALT LAKE
1975,351070,2541.0,6283.538228974565,2.472860381335917,229.0,95.0,13.0,121.0,627.0161509491974,89.0,6.0,5.0,8.0,3.0,2.0,1.0,115.0,0.0,0.0,220.99724473257697,177.0189062166204,111741,0,0,0,35,SALT LAKE
1976,351071,514.0,1565.2642189350772,3.045261126332835,0.0,0.0,0.0,0.0,45.00373312673331,0.0,0.0,0.0,0.0,0.0,0.0,0.0,0.0,0.0,0.0,8.999887794539335,36.003845332193976,111741,0,0,0,35,SALT LAKE
1977,351072,617.0,1811.6223814604664,2.9361789002600758,114.0,28.0,2.0,84.0,177.00434369020797,25.0,3.0,1.0,1.0,4.0,1.0,5.0,74.0,0.0,0.0,19.999750654531855,43.00459303567614,98787,0,0,0,35,SALT LAKE
1978,351073,747.0,2382.0867197797133,3.188871110816216,304.0,18.0,90.0,196.0,356.00555436872463,18.0,0.0,3.0,87.0,9.0,149.0,3.0,35.0,0.0,0.0,0.0,52.00555436872463,97253,957,0,0,35,SALT LAKE
1979,351074,248.0,788.7208093018163,3.180325843958937,24.0,13.0,4.0,7.0,41.00181585131382,13.0,0.0,2.0,2.0,5.0,0.0,2.0,0.0,0.0,0.0,0.0,17.001815851313822,97253,0,0,0,35,SALT LAKE
1980,351075,713.0,2148.842679974307,3.0138046002444696,305.0,102.0,1.0,202.0,355.0053407391583,29.0,73.0,0.0,1.0,18.0,4.0,25.0,155.0,0.0,0.0,0.0,50.0053407391583,97253,0,0,0,35,SALT LAKE
1981,351076,327.0,901.1275754730964,2.755741821018644,862.0,350.0,13.0,499.0,886.013692695069,340.0,10.0,3.0,10.0,24.0,16.0,147.0,312.0,1.0112359550561798,0.0,0.0,23.002456740012818,94859,0,0,0,35,SALT LAKE
1982,351077,658.0,1984.9161459745235,3.016589887499276,33.0,2.0,1.0,30.0,502.999627356101,2.0,0.0,0.0,1.0,3.0,0.0,14.0,13.0,0.0,0.0,423.9947138760753,46.00491348002564,94859,0,0,0,35,SALT LAKE
1983,351078,668.0,1884.6867794717984,2.82138739441886,257.0,14.0,0.0,243.0,390.0039481092958,14.0,0.0,0.0,0.0,10.0,69.0,135.0,29.0,0.0,0.0,85.99892781448698,47.0050202948088,94026,900,0,0,35,SALT LAKE
1984,351079,231.0,616.3637678391866,2.668241419217258,387.0,127.0,13.0,247.0,435.0013100837816,108.0,19.0,1.0,12.0,9.0,13.0,47.0,178.0,0.0,0.0,31.999601047250966,16.001709036530656,124040,0,0,0,35,SALT LAKE
1985,351080,805.0,2146.9692338714526,2.6670425265483884,2032.0,773.0,116.0,1143.0,2986.006034438667,494.0,279.0,7.0,109.0,18.0,334.0,216.0,575.0,1.0112359550561798,0.0,896.9888168557536,56.005981627857295,79751,0,0,0,35,SALT LAKE
1986,351081,328.0,995.7366036672572,3.035782328253833,452.0,0.0,230.0,222.0,475.0024567400128,0.0,0.0,5.0,225.0,13.0,113.0,55.0,41.0,0.0,0.0,0.0,23.002456740012818,79751,1045,0,0,35,SALT LAKE
1987,351082,361.0,1164.3467529241775,3.225337265717944,6356.0,751.0,190.0,5415.0,6417.640012259771,398.0,353.0,57.0,133.0,2899.0,708.0,244.0,1564.0,5.056179775280899,1.581536133112017,29.99962598179778,25.00267036957915,125200,0,0,0,35,SALT LAKE
1988,351083,1014.0,2540.392915470933,2.505318457071926,2098.0,204.0,117.0,1777.0,2169.007583849605,129.0,75.0,115.0,2.0,475.0,24.0,53.0,1225.0,0.0,0.0,0.0,71.00758384960479,78814,0,0,0,35,SALT LAKE
1989,351084,1549.0,4056.947535731789,2.619075232880432,6304.0,1303.0,1402.0,3599.0,6413.022771951638,1154.0,149.0,1335.0,67.0,1519.0,107.0,181.0,1792.0,1.0112359550561798,0.0,0.0,108.01153599658193,78814,6,3,518,35,SALT LAKE
1990,351085,0.0,0.0,0.0,4944.0,1441.0,1247.0,2256.0,4953.101123595506,638.0,803.0,888.0,359.0,40.0,297.0,26.0,1893.0,9.101123595505618,0.0,0.0,0.0,111741,0,0,0,35,SALT LAKE
1991,351086,0.0,0.0,0.0,0.0,0.0,0.0,0.0,2.02247191011236,0.0,0.0,0.0,0.0,0.0,0.0,0.0,0.0,2.02247191011236,0.0,0.0,0.0,111741,0,0,0,35,SALT LAKE
1992,351087,96.0,210.76268657115045,2.195444651782817,0.0,0.0,0.0,0.0,295.2783676869805,0.0,0.0,0.0,0.0,0.0,0.0,0.0,0.0,25.280898876404496,0.0,262.9967211070939,7.000747703482162,111741,0,0,0,35,SALT LAKE
1993,351088,148.0,442.1332802737022,2.987387028876366,0.0,0.0,0.0,0.0,18.0909557882811,0.0,0.0,0.0,0.0,0.0,0.0,0.0,0.0,8.089887640449438,0.0,0.0,10.00106814783166,111741,0,0,0,35,SALT LAKE
1994,351089,463.0,1107.2066467871102,2.391375047056393,1621.0,261.0,47.0,1313.0,2123.9975459872862,256.0,5.0,5.0,42.0,76.0,37.0,1063.0,137.0,0.0,0.0,470.99412791422515,32.00341807306131,111741,0,0,0,35,SALT LAKE
1995,351090,391.0,946.0902819416086,2.4196682402598686,608.0,62.0,7.0,539.0,638.0365918643141,62.0,0.0,0.0,7.0,19.0,11.0,5.0,504.0,3.033707865168539,0.0,0.0,27.00288399914548,111741,0,0,0,35,SALT LAKE
1996,351091,2028.0,5529.47617257556,2.72656616004712,5007.0,179.0,208.0,4620.0,5148.015060884426,97.0,82.0,24.0,184.0,456.0,908.0,331.0,2925.0,0.0,0.0,0.0,141.01506088442642,103606,0,0,0,35,SALT LAKE
1997,351092,622.0,1916.535363220328,3.081246564662907,105.0,6.0,18.0,81.0,148.00459303567612,3.0,3.0,1.0,17.0,16.0,2.0,4.0,59.0,0.0,0.0,0.0,43.00459303567614,97253,0,0,0,35,SALT LAKE
1998,351093,459.0,1353.5648093124994,2.948942939678648,0.0,0.0,0.0,0.0,178.01284627347343,0.0,0.0,0.0,0.0,0.0,0.0,0.0,0.0,1.0112359550561798,0.0,144.99819224535594,32.00341807306131,97253,0,0,0,35,SALT LAKE
1999,351094,1132.0,3096.8064080187705,2.7356947067303627,667.0,332.0,9.0,326.0,746.0084383678701,44.0,288.0,1.0,8.0,107.0,5.0,1.0,213.0,0.0,0.0,0.0,79.00843836787011,94859,0,0,0,35,SALT LAKE
2000,351095,419.0,1250.5252736554926,2.984547192495209,45.0,5.0,15.0,25.0,75.01433358376799,5.0,0.0,0.0,15.0,6.0,0.0,3.0,16.0,1.0112359550561798,0.0,0.0,29.003097628711814,94859,0,0,0,35,SALT LAKE
2001,351096,162.0,414.9683117823095,2.5615327887796884,299.0,22.0,115.0,162.0,311.012410917671,22.0,0.0,2.0,113.0,26.0,25.0,2.0,109.0,1.0112359550561798,0.0,0.0,11.001174962614826,124040,0,0,0,35,SALT LAKE
2002,351097,284.0,823.3795622046276,2.8992238105796746,0.0,0.0,0.0,0.0,398.0086720886449,0.0,0.0,0.0,0.0,0.0,0.0,0.0,0.0,1.0112359550561798,0.0,376.9952998379254,20.00213629566332,126394,0,0,0,35,SALT LAKE
2003,351098,184.0,495.5264942050604,2.693078772853589,25.0,1.0,2.0,22.0,247.02127977669818,1.0,0.0,1.0,1.0,3.0,0.0,0.0,19.0,2.02247191011236,0.0,206.99741927440468,13.001388592181158,78814,0,0,0,35,SALT LAKE
2004,351099,49.0,147.06551907409164,3.001337123961054,61.0,47.0,3.0,11.0,72.09020808479893,47.0,0.0,1.0,2.0,0.0,1.0,0.0,10.0,8.089887640449438,0.0,0.0,3.000320444349498,111741,0,0,0,35,SALT LAKE
2005,351100,150.0,420.5886500908735,2.8039243339391566,0.0,0.0,0.0,0.0,241.0544303193225,0.0,0.0,0.0,0.0,0.0,0.0,0.0,0.0,5.056179775280899,0.0,225.99718239620995,10.00106814783166,111741,0,0,0,35,SALT LAKE
2006,351101,768.0,2325.883336694073,3.028493927987075,0.0,0.0,0.0,0.0,54.00576799829096,0.0,0.0,0.0,0.0,0.0,0.0,0.0,0.0,0.0,0.0,0.0,54.00576799829096,111741,0,0,0,35,SALT LAKE
2007,351102,476.0,1480.959144306617,3.111258706526506,25.0,22.0,1.0,2.0,59.01476084290066,17.0,5.0,1.0,0.0,0.0,0.0,1.0,1.0,1.0112359550561798,0.0,0.0,33.00352488784448,111741,0,0,0,35,SALT LAKE
2008,351103,152.0,369.0688822623701,2.4280847517261197,1116.0,791.0,31.0,294.0,1129.0236468727273,612.0,179.0,17.0,14.0,31.0,51.0,46.0,166.0,2.02247191011236,0.0,0.0,11.001174962614826,111741,0,0,0,35,SALT LAKE
2009,351104,1395.0,3486.483197412542,2.4992711092563025,5441.0,537.0,328.0,4576.0,5538.0103610339675,529.0,8.0,25.0,303.0,300.0,79.0,749.0,3448.0,0.0,0.0,0.0,97.0103610339671,111741,0,0,0,35,SALT LAKE
2010,351105,590.0,1790.0777512776376,3.03403008691125,0.0,0.0,0.0,0.0,41.004379406109805,0.0,0.0,0.0,0.0,0.0,0.0,0.0,0.0,0.0,0.0,0.0,41.004379406109805,97253,0,0,0,35,SALT LAKE
2011,351106,499.0,1521.2382355179925,3.0485736182725303,649.0,0.0,168.0,481.0,684.0037385174109,0.0,0.0,5.0,163.0,30.0,225.0,1.0,225.0,0.0,0.0,0.0,35.00373851741081,97253,848,0,0,35,SALT LAKE
2012,351107,455.0,1454.7308988666516,3.197210766739893,16.0,0.0,0.0,16.0,48.00341807306131,0.0,0.0,0.0,0.0,5.0,0.0,1.0,10.0,0.0,0.0,0.0,32.00341807306131,97253,0,0,0,35,SALT LAKE
2013,351108,138.0,421.5253731423009,3.0545316894369625,594.0,389.0,3.0,202.0,605.0123041028879,175.0,214.0,0.0,3.0,2.0,36.0,6.0,158.0,1.0112359550561798,0.0,0.0,10.00106814783166,97253,371,132,0,35,SALT LAKE
2014,351109,595.0,1609.290202352162,2.7046894157179198,1667.0,1125.0,2.0,540.0,1709.0044862208929,666.0,459.0,2.0,0.0,216.0,51.0,30.0,243.0,0.0,0.0,0.0,42.00448622089297,94859,0,0,0,35,SALT LAKE
2015,351110,250.0,769.9863482732695,3.079945393093078,179.0,100.0,0.0,79.0,196.00181585131384,21.0,79.0,0.0,0.0,7.0,58.0,3.0,11.0,0.0,0.0,0.0,17.001815851313822,94859,0,174,264,35,SALT LAKE
2016,351111,357.0,1069.737724730017,2.996464214930019,0.0,0.0,0.0,0.0,25.00267036957915,0.0,0.0,0.0,0.0,0.0,0.0,0.0,0.0,0.0,0.0,0.0,25.00267036957915,94859,0,0,0,35,SALT LAKE
2017,351112,119.0,352.2078673366781,2.959729977619144,33.0,0.0,14.0,19.0,41.00085451826533,0.0,0.0,0.0,14.0,9.0,0.0,0.0,10.0,0.0,0.0,0.0,8.000854518265328,124040,0,0,0,35,SALT LAKE
2018,351113,295.0,856.1648690045844,2.902253793235879,669.0,6.0,5.0,658.0,705.0020561013454,6.0,0.0,2.0,3.0,421.0,58.0,64.0,115.0,0.0,0.0,14.99981299089889,21.00224311044649,95326,0,0,0,35,SALT LAKE
2019,351114,82.0,245.42143947396184,2.992944383828803,447.0,25.0,45.0,377.0,491.00016713230957,24.0,1.0,3.0,42.0,27.0,58.0,30.0,262.0,0.0,0.0,37.999526243610525,6.000640888698996,79953,625,0,0,35,SALT LAKE
2020,351115,264.0,821.506116101773,3.1117655912945947,0.0,0.0,0.0,0.0,19.013158621153167,0.0,0.0,0.0,0.0,0.0,0.0,0.0,0.0,1.0112359550561798,0.0,0.0,18.001922666096988,126394,0,0,0,35,SALT LAKE
2021,351116,292.0,909.5580829359424,3.114924941561447,233.0,41.0,18.0,174.0,253.00213629566332,41.0,0.0,0.0,18.0,3.0,79.0,2.0,90.0,0.0,0.0,0.0,20.00213629566332,100303,720,289,0,35,SALT LAKE
2022,351117,83.0,247.2948855768165,2.979456452732729,688.0,188.0,232.0,268.0,763.2472459380848,3.0,185.0,232.0,0.0,2.0,70.0,6.0,190.0,22.247191011235955,0.0,46.99941403814986,6.000640888698996,102017,0,0,0,35,SALT LAKE
2023,351118,89.0,253.85194693680785,2.852269066705706,206.0,194.0,1.0,11.0,324.2917035346467,193.0,1.0,0.0,1.0,0.0,2.0,0.0,9.0,26.292134831460675,0.0,85.99892781448698,6.000640888698996,70283,0,0,0,35,SALT LAKE
2024,351119,106.0,340.0304676681227,3.207834600642667,1500.0,10.0,286.0,1204.0,1511.0456915237069,9.0,1.0,0.0,286.0,2.0,999.0,0.0,203.0,4.044943820224719,0.0,0.0,7.000747703482162,70283,1677,60,2194,35,SALT LAKE
2025,351120,811.0,2480.442640179584,3.0584989398022,748.0,13.0,295.0,440.0,805.0060884426405,13.0,0.0,1.0,294.0,2.0,239.0,18.0,181.0,0.0,0.0,0.0,57.00608844264046,70283,0,1029,0,35,SALT LAKE
2026,351121,475.0,1440.6800530952416,3.033010638095245,81.0,38.0,9.0,34.0,213.00229062777714,37.0,1.0,1.0,8.0,0.0,12.0,1.0,21.0,0.0,0.0,98.99876573993268,33.00352488784448,70283,0,0,0,35,SALT LAKE
2027,351122,80.0,206.07907131401376,2.575988391425172,1049.0,413.0,233.0,403.0,1787.1377443348495,396.0,17.0,3.0,230.0,21.0,4.0,76.0,302.0,13.146067415730338,0.0,718.9910360304201,6.000640888698996,70283,0,0,0,35,SALT LAKE
2028,351123,768.0,2543.203084625215,3.311462349772416,52.0,38.0,3.0,11.0,107.01700395334714,38.0,0.0,0.0,3.0,1.0,0.0,1.0,9.0,1.0112359550561798,0.0,0.0,54.00576799829096,70283,0,0,0,35,SALT LAKE
2029,351124,1468.0,4663.007350005275,3.176435524526754,130.0,34.0,73.0,23.0,234.03336701799526,33.0,1.0,1.0,72.0,0.0,1.0,0.0,22.0,2.02247191011236,0.0,0.0,102.01089510788292,70283,0,0,0,35,SALT LAKE
2030,351125,276.0,842.1140232331744,3.0511377653375886,35.0,1.0,0.0,34.0,93.12527590284273,0.0,1.0,0.0,0.0,4.0,2.0,26.0,2.0,11.123595505617978,0.0,27.999650916344596,19.002029480880157,76828,0,0,0,35,SALT LAKE
2031,351126,259.0,855.2281459531571,3.302039173564313,38.0,2.0,14.0,22.0,81.05785309590973,1.0,1.0,0.0,14.0,3.0,0.0,3.0,16.0,5.056179775280899,0.0,19.999750654531855,18.001922666096988,70283,0,0,0,35,SALT LAKE
2032,351127,473.0,1502.5037744894455,3.176540749449145,550.0,66.0,173.0,311.0,583.0035248878445,63.0,3.0,12.0,161.0,21.0,119.0,48.0,123.0,0.0,0.0,0.0,33.00352488784448,76631,1008,0,0,35,SALT LAKE
2033,351128,588.0,1726.380583780579,2.936021400987379,49.0,4.0,20.0,25.0,90.0043794061098,2.0,2.0,1.0,19.0,0.0,1.0,0.0,24.0,0.0,0.0,0.0,41.004379406109805,86391,0,0,0,35,SALT LAKE
2034,351129,12.0,29.975137645674728,2.4979281371395605,530.0,249.0,161.0,120.0,534.0338146799518,248.0,1.0,3.0,158.0,3.0,13.0,5.0,99.0,3.033707865168539,0.0,0.0,1.000106814783166,102017,0,0,0,35,SALT LAKE
2035,351130,321.0,949.837174147318,2.958994311985414,1.0,0.0,1.0,0.0,29.06976565556673,0.0,0.0,0.0,1.0,0.0,0.0,0.0,0.0,6.067415730337078,0.0,0.0,22.00234992522965,102017,0,0,0,35,SALT LAKE
2036,351131,148.0,438.3863880679929,2.962070189648601,606.0,350.0,79.0,177.0,621.0572479231126,339.0,11.0,16.0,63.0,0.0,15.0,12.0,150.0,5.056179775280899,0.0,0.0,10.00106814783166,102017,0,0,0,35,SALT LAKE
2037,351132,114.0,350.3344212338234,3.0731089581914333,236.0,16.0,130.0,90.0,247.03456238343387,16.0,0.0,1.0,129.0,0.0,86.0,0.0,4.0,3.033707865168539,0.0,0.0,8.000854518265328,86391,933,0,0,35,SALT LAKE
2038,351133,218.0,671.6304278733994,3.080873522355043,549.0,245.0,8.0,296.0,564.0016022217475,134.0,111.0,2.0,6.0,43.0,38.0,115.0,100.0,0.0,0.0,0.0,15.00160222174749,86391,0,0,0,35,SALT LAKE
2039,351134,1212.0,3730.031190783649,3.077583490745585,771.0,582.0,31.0,158.0,856.0090792565691,344.0,238.0,4.0,27.0,25.0,3.0,19.0,111.0,0.0,0.0,0.0,85.00907925656911,86391,0,0,0,35,SALT LAKE
2040,351135,732.0,2134.791834202897,2.916382287162428,271.0,132.0,13.0,126.0,322.00544755394145,47.0,85.0,1.0,12.0,3.0,6.0,2.0,115.0,0.0,0.0,0.0,51.005447553941465,86391,0,0,0,35,SALT LAKE
2041,351136,353.0,1152.1693532556224,3.263935844916777,46.0,0.0,28.0,18.0,92.01365697916718,0.0,0.0,0.0,28.0,0.0,2.0,0.0,16.0,1.0112359550561798,0.0,19.999750654531855,25.00267036957915,102017,0,0,0,35,SALT LAKE
2042,351137,256.0,875.8360530845584,3.4212345823615564,52.0,3.0,0.0,49.0,70.00192266609699,3.0,0.0,0.0,0.0,1.0,0.0,14.0,34.0,0.0,0.0,0.0,18.001922666096988,86391,0,0,0,35,SALT LAKE
2043,351138,372.0,1188.7015522612885,3.195434280272281,50.0,25.0,2.0,23.0,87.00264004435483,25.0,0.0,1.0,1.0,16.0,1.0,0.0,6.0,0.0,0.0,10.99986285999252,26.00277718436232,86391,0,0,0,35,SALT LAKE
2044,351139,673.0,2102.9432504543674,3.124729941239773,24.0,0.0,0.0,24.0,89.00479588388747,0.0,0.0,0.0,0.0,0.0,13.0,9.0,2.0,0.0,0.0,17.99977558907867,47.0050202948088,102017,918,0,0,35,SALT LAKE
2045,351140,295.0,929.2292670159164,3.149929718698022,0.0,0.0,0.0,0.0,21.00224311044649,0.0,0.0,0.0,0.0,0.0,0.0,0.0,0.0,0.0,0.0,0.0,21.00224311044649,105639,0,0,0,35,SALT LAKE
2046,351141,256.0,826.1897313589097,3.227303638120741,0.0,0.0,0.0,0.0,18.001922666096988,0.0,0.0,0.0,0.0,0.0,0.0,0.0,0.0,0.0,0.0,0.0,18.001922666096988,106184,0,0,0,35,SALT LAKE
2047,351142,110.0,324.106175793858,2.946419779944164,1394.0,13.0,342.0,1039.0,1410.0907421587149,13.0,0.0,5.0,337.0,4.0,96.0,9.0,930.0,8.089887640449438,0.0,0.0,8.000854518265328,105293,600,0,1499,35,SALT LAKE
2048,351143,848.0,2769.8900630706303,3.2663797913568757,0.0,0.0,0.0,0.0,176.00484340121812,0.0,0.0,0.0,0.0,0.0,0.0,0.0,0.0,0.0,0.0,116.99854132901135,59.00630207220679,105293,0,0,0,35,SALT LAKE
2049,351144,13.0,35.59547595423874,2.738113534941441,0.0,0.0,0.0,0.0,1.000106814783166,0.0,0.0,0.0,0.0,0.0,0.0,0.0,0.0,0.0,0.0,0.0,1.000106814783166,110636,0,1519,0,35,SALT LAKE
2050,351145,342.0,1121.2574925585202,3.278530679995673,0.0,0.0,0.0,0.0,39.00237654569487,0.0,0.0,0.0,0.0,0.0,0.0,0.0,0.0,0.0,0.0,14.99981299089889,24.002563554795984,105293,0,0,0,35,SALT LAKE
2051,351146,336.0,1095.9659701699825,3.2618034826487565,0.0,0.0,0.0,0.0,23.002456740012818,0.0,0.0,0.0,0.0,0.0,0.0,0.0,0.0,0.0,0.0,0.0,23.002456740012818,105818,0,0,0,35,SALT LAKE
2052,351147,606.0,2022.3850680316168,3.337269089161084,126.0,0.0,0.0,126.0,168.00448622089297,0.0,0.0,0.0,0.0,4.0,85.0,5.0,32.0,0.0,0.0,0.0,42.00448622089297,105928,1039,0,0,35,SALT LAKE
2053,351148,1715.0,5641.88293874684,3.289727661076875,5.0,2.0,1.0,2.0,134.11394136948553,2.0,0.0,1.0,0.0,0.0,0.0,0.0,2.0,9.101123595505618,0.0,0.0,120.01281777397992,105293,0,0,0,35,SALT LAKE
2054,351149,521.0,1667.3670315406569,3.200320597966712,0.0,0.0,0.0,0.0,36.003845332193976,0.0,0.0,0.0,0.0,0.0,0.0,0.0,0.0,0.0,0.0,0.0,36.003845332193976,105293,0,0,0,35,SALT LAKE
2055,351150,718.0,2321.1997214369367,3.232868692809104,27.0,8.0,0.0,19.0,77.0053407391583,4.0,4.0,0.0,0.0,0.0,1.0,0.0,18.0,0.0,0.0,0.0,50.0053407391583,105293,0,0,0,35,SALT LAKE
2056,351151,1258.0,3748.765651812196,2.9799408996917296,838.0,468.0,43.0,327.0,1241.0054725097953,412.0,56.0,40.0,3.0,2.0,19.0,153.0,153.0,0.0,0.0,314.9960728088767,88.0093997009186,105293,0,0,0,35,SALT LAKE
2057,351152,458.0,1532.4789121351205,3.3460238256225336,67.0,0.0,0.0,67.0,99.00341807306131,0.0,0.0,0.0,0.0,1.0,56.0,7.0,3.0,0.0,0.0,0.0,32.00341807306131,105293,971,677,440,35,SALT LAKE
2058,351153,834.0,2620.951097893684,3.142627215699861,1.0,0.0,0.0,1.0,1335.0352807058741,0.0,0.0,0.0,0.0,0.0,0.0,0.0,1.0,4.044943820224719,0.0,1271.9841416282259,58.00619525742363,105293,0,0,308,35,SALT LAKE
2059,351154,290.0,812.1388855874997,2.800478915818964,141.0,9.0,54.0,78.0,399.999156617319,3.0,6.0,7.0,47.0,7.0,4.0,27.0,40.0,0.0,0.0,238.99702032165564,20.00213629566332,105293,0,0,0,35,SALT LAKE
2060,351155,0.0,0.0,0.0,0.0,0.0,0.0,0.0,0.0,0.0,0.0,0.0,0.0,0.0,0.0,0.0,0.0,0.0,0.0,0.0,0.0,105293,0,0,0,35,SALT LAKE
2061,351156,978.0,2324.0098905912187,2.3762882316883625,3159.0,618.0,732.0,1809.0,7020.9599625699475,523.0,95.0,116.0,616.0,96.0,76.0,27.0,1610.0,0.0,0.0,3793.9526991646926,68.00726340525529,105293,0,0,0,35,SALT LAKE
2062,351157,566.0,1877.19299506038,3.31659539763318,219.0,0.0,4.0,215.0,258.00416577654346,0.0,0.0,2.0,2.0,12.0,91.0,4.0,108.0,0.0,0.0,0.0,39.00416577654347,72003,912,0,0,35,SALT LAKE
2063,351158,205.0,636.971674970588,3.107178902295551,1213.0,388.0,41.0,784.0,1269.1247044271065,262.0,126.0,3.0,38.0,103.0,18.0,357.0,306.0,11.123595505617978,0.0,30.999613514524373,14.001495406964324,114476,0,0,0,35,SALT LAKE
2064,351159,372.0,1176.5241525927331,3.162699334926702,693.0,437.0,3.0,253.0,720.0140131394186,228.0,209.0,1.0,2.0,9.0,16.0,64.0,164.0,1.0112359550561798,0.0,0.0,26.00277718436232,114476,0,0,0,35,SALT LAKE
2065,351160,248.0,811.2021625360724,3.2709764618390014,99.0,0.0,12.0,87.0,138.00154157129884,0.0,0.0,0.0,12.0,12.0,32.0,10.0,33.0,0.0,0.0,21.99972571998504,17.001815851313822,114476,0,0,0,35,SALT LAKE
2066,351161,705.0,2338.9974594140563,3.3177268927858954,1392.0,406.0,44.0,942.0,1455.0050593825474,359.0,47.0,33.0,11.0,23.0,474.0,15.0,430.0,0.0,0.0,13.999825458172298,49.00523392437513,114057,0,0,2230,35,SALT LAKE
2067,351162,454.0,1281.4371343525945,2.8225487540806045,302.0,44.0,31.0,227.0,334.0034180730613,26.0,18.0,1.0,30.0,8.0,18.0,46.0,155.0,0.0,0.0,0.0,32.00341807306131,79738,0,0,0,35,SALT LAKE
2068,351163,169.0,505.83044777076105,2.9930795726080537,0.0,0.0,0.0,0.0,12.001281777397992,0.0,0.0,0.0,0.0,0.0,0.0,0.0,0.0,0.0,0.0,0.0,12.001281777397992,79738,0,0,0,35,SALT LAKE
2069,351164,886.0,2609.710421276556,2.945497089476926,1116.0,398.0,37.0,681.0,1187.0065103110956,241.0,157.0,6.0,31.0,34.0,138.0,57.0,452.0,0.0,0.0,8.999887794539335,62.00662251655629,84793,641,0,0,35,SALT LAKE
2070,351165,911.0,2710.8765108307084,2.975715160077616,255.0,96.0,9.0,150.0,693.0021733858682,90.0,6.0,1.0,8.0,37.0,3.0,9.0,101.0,0.0,0.0,373.99533723974565,64.00683614612262,88677,0,0,0,35,SALT LAKE
2071,351166,740.0,2131.044941997188,2.879790462158362,91.0,60.0,1.0,30.0,151.01670305286694,48.0,12.0,0.0,1.0,1.0,1.0,2.0,26.0,1.0112359550561798,0.0,6.999912729086149,52.00555436872463,123834,0,0,0,35,SALT LAKE
2072,351167,634.0,1949.3206700202848,3.0746382807890926,0.0,0.0,0.0,0.0,44.0046998504593,0.0,0.0,0.0,0.0,0.0,0.0,0.0,0.0,0.0,0.0,0.0,44.0046998504593,86391,0,0,0,35,SALT LAKE
2073,351168,278.0,886.1400066502591,3.187553980756328,83.0,15.0,38.0,30.0,444.99775320610144,15.0,0.0,0.0,38.0,2.0,3.0,4.0,21.0,0.0,0.0,342.9957237252213,19.002029480880157,86391,0,0,0,35,SALT LAKE
2074,351169,377.0,1008.85072638724,2.675996621716817,2973.0,187.0,9.0,2777.0,3008.103900779868,12.0,175.0,3.0,6.0,88.0,129.0,1793.0,767.0,9.101123595505618,0.0,0.0,26.00277718436232,127846,0,0,0,35,SALT LAKE
2075,351170,113.0,370.9423283652248,3.282675472258626,1853.0,43.0,9.0,1801.0,1861.0008545182654,26.0,17.0,2.0,7.0,93.0,407.0,1177.0,124.0,0.0,0.0,0.0,8.000854518265328,127846,859,0,0,35,SALT LAKE
2076,351171,100.0,325.0428988452853,3.250428988452853,693.0,11.0,114.0,568.0,702.0232196135945,11.0,0.0,5.0,109.0,329.0,114.0,76.0,49.0,2.02247191011236,0.0,0.0,7.000747703482162,127846,0,0,0,35,SALT LAKE
2077,351172,350.0,1207.436013289835,3.4498171808281,169.0,28.0,4.0,137.0,193.00256355479598,27.0,1.0,1.0,3.0,11.0,11.0,61.0,54.0,0.0,0.0,0.0,24.002563554795984,104529,0,0,0,35,SALT LAKE
2078,351173,280.0,873.9626069817037,3.121295024934656,247.0,10.0,18.0,219.0,267.0021362956633,10.0,0.0,2.0,16.0,5.0,140.0,7.0,67.0,0.0,0.0,0.0,20.00213629566332,88476,802,1304,0,35,SALT LAKE
2079,351174,741.0,2103.879973505795,2.83924422875276,630.0,129.0,59.0,442.0,682.0055543687247,58.0,71.0,0.0,59.0,20.0,169.0,54.0,199.0,0.0,0.0,0.0,52.00555436872463,68984,0,0,0,35,SALT LAKE
2080,351175,317.0,877.7094991874131,2.768799681979221,361.0,122.0,7.0,232.0,454.0127131711473,117.0,5.0,0.0,7.0,12.0,17.0,18.0,185.0,1.0112359550561798,0.0,69.9991272908615,22.00234992522965,113721,0,0,0,35,SALT LAKE
2081,351176,280.0,698.795396364792,2.4956978441599715,286.0,76.0,1.0,209.0,364.0014131938057,76.0,0.0,1.0,0.0,41.0,2.0,80.0,86.0,0.0,0.0,57.99927689814238,20.00213629566332,113721,0,0,0,35,SALT LAKE
2082,351177,146.0,317.54911443386663,2.1749939344785387,2141.0,1611.0,219.0,311.0,2241.0674366272024,958.0,653.0,11.0,208.0,4.0,20.0,20.0,267.0,6.067415730337078,0.0,83.99895274903379,10.00106814783166,86391,0,0,0,35,SALT LAKE
2083,351178,429.0,1064.117386421453,2.480460108208515,1981.0,1818.0,6.0,157.0,2031.1266877436522,14.0,1804.0,2.0,4.0,3.0,8.0,83.0,63.0,11.123595505617978,0.0,8.999887794539335,30.00320444349498,127846,0,0,0,35,SALT LAKE
2084,351179,0.0,0.0,0.0,714.0,486.0,61.0,167.0,716.0224719101124,341.0,145.0,0.0,61.0,0.0,2.0,23.0,142.0,2.02247191011236,0.0,0.0,0.0,127846,0,0,0,35,SALT LAKE
2085,351180,124.0,440.2598341708476,3.550482533635868,0.0,0.0,0.0,0.0,12.034669198217033,0.0,0.0,0.0,0.0,0.0,0.0,0.0,0.0,3.033707865168539,0.0,0.0,9.000961333048494,127846,0,0,0,35,SALT LAKE
2086,351181,365.0,1231.7908126269458,3.374769349662865,0.0,0.0,0.0,0.0,25.00267036957915,0.0,0.0,0.0,0.0,0.0,0.0,0.0,0.0,0.0,0.0,0.0,25.00267036957915,104529,0,0,0,35,SALT LAKE
2087,351182,371.0,1106.2699237356828,2.9818596327107354,19.0,0.0,1.0,18.0,45.002777184362316,0.0,0.0,0.0,1.0,2.0,0.0,15.0,1.0,0.0,0.0,0.0,26.00277718436232,94115,0,0,0,35,SALT LAKE
2088,351183,363.0,1031.3320796214962,2.84113520556886,27.0,0.0,0.0,27.0,52.00267036957915,0.0,0.0,0.0,0.0,0.0,21.0,0.0,6.0,0.0,0.0,0.0,25.00267036957915,92183,658,0,0,35,SALT LAKE
2089,351184,128.0,391.55023549662616,3.058986214817392,59.0,3.0,1.0,55.0,68.0009613330485,3.0,0.0,0.0,1.0,1.0,2.0,33.0,19.0,0.0,0.0,0.0,9.000961333048494,86391,0,0,0,35,SALT LAKE
2090,351185,499.0,1620.53087896929,3.247556871681944,0.0,0.0,0.0,0.0,36.58527465052283,0.0,0.0,0.0,0.0,0.0,0.0,0.0,0.0,0.0,1.581536133112017,0.0,35.00373851741081,110636,1025,0,0,35,SALT LAKE
2091,351186,523.0,1708.5828458034596,3.2668888065075707,168.0,103.0,13.0,52.0,204.00384533219398,4.0,99.0,0.0,13.0,2.0,7.0,2.0,41.0,0.0,0.0,0.0,36.003845332193976,90562,0,0,0,35,SALT LAKE
2092,351187,2.0,6.557061359991347,3.278530679995673,78.0,46.0,2.0,30.0,97.21348314606742,43.0,3.0,1.0,1.0,0.0,23.0,0.0,7.0,19.213483146067414,0.0,0.0,0.0,105293,0,0,0,35,SALT LAKE
2093,351188,130.0,434.6394958622836,3.3433807374021813,223.0,96.0,0.0,127.0,833.038462191049,6.0,90.0,0.0,0.0,0.0,77.0,26.0,24.0,4.044943820224719,0.0,596.9925570377758,9.000961333048494,127846,0,1341,0,35,SALT LAKE
2094,351189,377.0,1229.9173665240912,3.262380282557271,964.0,532.0,2.0,430.0,990.0027771843623,434.0,98.0,1.0,1.0,2.0,116.0,76.0,236.0,0.0,0.0,0.0,26.00277718436232,127846,0,0,0,35,SALT LAKE
2095,351190,312.0,1029.4586335186414,3.2995469023033377,155.0,1.0,0.0,154.0,177.00234992522965,1.0,0.0,0.0,0.0,6.0,136.0,10.0,2.0,0.0,0.0,0.0,22.00234992522965,113796,86,52,83,35,SALT LAKE
2096,351191,51.0,127.3943349941176,2.497928137139561,0.0,0.0,0.0,0.0,296.06427734927524,0.0,0.0,0.0,0.0,0.0,0.0,0.0,0.0,6.067415730337078,0.0,285.9964343598055,4.000427259132664,78975,0,0,0,35,SALT LAKE
2097,351192,561.0,1648.63257051211,2.938738984870072,114.0,55.0,31.0,28.0,153.00416577654346,35.0,20.0,0.0,31.0,2.0,2.0,4.0,20.0,0.0,0.0,0.0,39.00416577654347,78975,0,0,0,35,SALT LAKE
2098,351193,211.0,610.7434295306226,2.89451862336788,150.0,0.0,0.0,150.0,173.00150248356022,0.0,0.0,0.0,0.0,6.0,1.0,127.0,16.0,0.0,0.0,7.9999002618127415,15.00160222174749,112204,0,0,0,35,SALT LAKE
2099,351194,180.0,483.349094536505,2.6852727474250275,30.0,0.0,0.0,30.0,246.08884511431614,0.0,0.0,0.0,0.0,0.0,0.0,17.0,13.0,8.089887640449438,0.0,194.99756888168557,13.001388592181158,113721,0,0,0,35,SALT LAKE
2100,351195,483.0,1532.4789121351205,3.172834186615156,0.0,0.0,0.0,0.0,34.003631702627644,0.0,0.0,0.0,0.0,0.0,0.0,0.0,0.0,0.0,0.0,0.0,34.003631702627644,110636,0,0,0,35,SALT LAKE
2101,351196,352.0,901.1275754730964,2.560021521230388,255.0,37.0,99.0,119.0,311.08102284041064,37.0,0.0,1.0,98.0,26.0,17.0,7.0,69.0,7.078651685393258,0.0,23.999700785438225,25.00267036957915,148008,0,0,0,35,SALT LAKE
2102,351197,300.0,795.2778706618076,2.650926235539359,182.0,44.0,5.0,133.0,481.0775161647464,44.0,0.0,4.0,1.0,45.0,5.0,53.0,30.0,7.078651685393258,0.0,270.99662136890663,21.00224311044649,148008,0,0,0,35,SALT LAKE
2103,351198,409.0,1021.0281260557954,2.4964012861999887,1242.0,343.0,3.0,896.0,1272.0143335837681,342.0,1.0,3.0,0.0,12.0,189.0,0.0,695.0,1.0112359550561798,0.0,0.0,29.003097628711814,90059,0,0,0,35,SALT LAKE
2104,351199,229.0,568.5908922163925,2.482929660333592,4190.0,448.0,509.0,3233.0,5605.99550327609,408.0,40.0,435.0,74.0,1436.0,492.0,17.0,1288.0,1.0112359550561798,0.0,1398.982558284503,16.001709036530656,90059,0,0,0,35,SALT LAKE
2105,351200,537.0,1327.336563872534,2.4717626887756685,1801.0,255.0,167.0,1379.0,1838.003952146977,198.0,57.0,117.0,50.0,269.0,161.0,293.0,656.0,0.0,0.0,0.0,37.00395214697714,97701,0,0,0,35,SALT LAKE
2106,351201,300.0,776.5434096332609,2.58847803211087,0.0,0.0,0.0,0.0,21.00224311044649,0.0,0.0,0.0,0.0,0.0,0.0,0.0,0.0,0.0,0.0,0.0,21.00224311044649,114601,0,0,0,35,SALT LAKE
2107,351202,284.0,678.1874892333907,2.387984117018981,567.0,161.0,1.0,405.0,587.0021362956634,154.0,7.0,0.0,1.0,19.0,27.0,126.0,233.0,0.0,0.0,0.0,20.00213629566332,114601,0,0,0,35,SALT LAKE
2108,351203,643.0,1560.5806036779404,2.4270304878350557,2273.0,915.0,7.0,1351.0,3830.9859436805773,515.0,400.0,3.0,4.0,102.0,36.0,434.0,779.0,0.0,0.0,1512.9811370153348,45.00480666524247,90770,0,0,0,35,SALT LAKE
2109,351204,492.0,1226.1704743183818,2.4922164112162237,911.0,163.0,8.0,740.0,1059.0247072781185,11.0,152.0,6.0,2.0,187.0,196.0,172.0,185.0,2.02247191011236,0.0,111.99860366537838,34.003631702627644,90770,0,0,0,35,SALT LAKE
2110,351205,396.0,1172.7772603870235,2.96155873835107,1002.0,28.0,221.0,753.0,1039.0028786084679,27.0,1.0,35.0,186.0,181.0,57.0,118.0,397.0,0.0,0.0,8.999887794539335,28.002990813928648,81668,0,0,0,35,SALT LAKE
2111,351206,516.0,1316.095887255406,2.5505734249135776,2370.0,37.0,1555.0,778.0,2407.0150812872503,25.0,12.0,1200.0,355.0,23.0,147.0,0.0,608.0,1.0112359550561798,0.0,0.0,36.003845332193976,90059,1228,526,188,35,SALT LAKE
2112,351207,83.0,198.58528690259507,2.392593818103555,628.0,94.0,64.0,470.0,690.9999302541147,48.0,46.0,61.0,3.0,83.0,60.0,42.0,285.0,0.0,0.0,56.999289365415784,6.000640888698996,90770,0,0,0,35,SALT LAKE
2113,351208,286.0,738.1377645247402,2.580901274562029,1046.0,475.0,27.0,544.0,1949.9911152259713,362.0,113.0,14.0,13.0,100.0,33.0,57.0,354.0,0.0,0.0,883.9889789303079,20.00213629566332,114181,0,0,0,35,SALT LAKE
2114,351209,114.0,274.4598540682092,2.407542579545695,400.0,235.0,2.0,163.0,448.00035582732903,173.0,62.0,1.0,1.0,4.0,33.0,47.0,79.0,0.0,0.0,39.99950130906371,8.000854518265328,111398,0,0,0,35,SALT LAKE
2115,351210,211.0,636.0349519191607,3.014383658384648,0.0,0.0,0.0,0.0,15.00160222174749,0.0,0.0,0.0,0.0,0.0,0.0,0.0,0.0,0.0,0.0,0.0,15.00160222174749,144924,0,0,0,35,SALT LAKE
2116,351211,249.0,751.2518872447229,3.0170758523884453,8.0,0.0,0.0,8.0,25.001815851313822,0.0,0.0,0.0,0.0,4.0,0.0,1.0,3.0,0.0,0.0,0.0,17.001815851313822,155809,0,0,0,35,SALT LAKE
2117,351212,453.0,918.925313450216,2.0285327007731038,3740.0,1678.0,13.0,2049.0,4911.00046627098,1634.0,44.0,7.0,6.0,538.0,1104.0,6.0,401.0,1.0112359550561798,0.0,1137.9858122428625,32.00341807306131,90059,0,0,0,35,SALT LAKE
2118,351213,1045.0,2759.586109504929,2.6407522578994542,1419.0,273.0,781.0,365.0,2262.998185211374,264.0,9.0,126.0,655.0,64.0,12.0,5.0,284.0,0.0,0.0,770.990387732203,73.00779747917112,90059,0,0,0,35,SALT LAKE
2119,351214,85.0,232.30731675397917,2.733027255929166,1179.0,120.0,333.0,726.0,1257.022240089673,103.0,17.0,190.0,143.0,133.0,226.0,4.0,363.0,2.02247191011236,0.0,69.9991272908615,6.000640888698996,90059,0,0,0,35,SALT LAKE
2120,351215,204.0,603.2496451192039,2.957106103525509,2157.0,717.0,297.0,1143.0,2231.00074737056,305.0,412.0,157.0,140.0,113.0,518.0,284.0,228.0,0.0,0.0,59.99925196359556,14.001495406964324,60380,0,0,0,35,SALT LAKE
2121,351216,275.0,809.3287164332177,2.943013514302609,940.0,155.0,54.0,731.0,1008.1645282525275,36.0,119.0,1.0,53.0,118.0,111.0,86.0,416.0,0.0,3.163072266224034,45.999426505423266,19.002029480880157,149201,0,0,0,35,SALT LAKE
2122,351217,208.0,595.7558607077852,2.864210868787429,1124.0,175.0,125.0,824.0,1224.000542503508,139.0,36.0,77.0,48.0,140.0,119.0,182.0,383.0,0.0,0.0,84.99894028176038,15.00160222174749,149504,0,0,0,35,SALT LAKE
2123,351218,138.0,391.55023549662616,2.837320547077001,799.0,14.0,246.0,539.0,810.0123041028879,9.0,5.0,212.0,34.0,97.0,364.0,48.0,30.0,1.0112359550561798,0.0,0.0,10.00106814783166,149709,705,0,0,35,SALT LAKE
2124,351219,308.0,977.938865690138,3.1751261873056427,66.0,1.0,0.0,65.0,92.00218077407945,1.0,0.0,0.0,0.0,8.0,33.0,20.0,4.0,0.0,0.0,4.999937663632964,21.00224311044649,114770,0,1609,0,35,SALT LAKE
2125,351220,108.0,291.3208689939013,2.6974154536472343,0.0,0.0,0.0,0.0,8.000854518265328,0.0,0.0,0.0,0.0,0.0,0.0,0.0,0.0,0.0,0.0,0.0,8.000854518265328,114770,0,0,0,35,SALT LAKE
2126,351221,433.0,1312.348995049697,3.0308290878745883,0.0,0.0,0.0,0.0,43.01429079127027,0.0,0.0,0.0,0.0,0.0,0.0,0.0,0.0,1.0112359550561798,0.0,11.999850392719113,30.00320444349498,114770,0,0,0,35,SALT LAKE
2127,351222,515.0,1317.0326103068337,2.557344874382201,2501.0,1012.0,22.0,1467.0,2537.003845332194,1011.0,1.0,21.0,1.0,401.0,36.0,2.0,1028.0,0.0,0.0,0.0,36.003845332193976,90059,0,0,0,35,SALT LAKE
2128,351223,119.0,311.92877612530265,2.621250219540358,2801.0,543.0,477.0,1781.0,2979.9987226145126,542.0,1.0,460.0,17.0,424.0,537.0,12.0,808.0,0.0,0.0,170.99786809624734,8.000854518265328,90059,0,0,0,35,SALT LAKE
2129,351224,870.0,2432.6697645567897,2.796172143168724,848.0,155.0,174.0,519.0,916.0289252755184,141.0,14.0,4.0,170.0,23.0,128.0,3.0,365.0,2.02247191011236,0.0,4.999937663632964,61.006515701773125,60380,513,108,0,35,SALT LAKE
2130,351225,318.0,912.3682520902246,2.8690825537428446,0.0,0.0,0.0,0.0,22.00234992522965,0.0,0.0,0.0,0.0,0.0,0.0,0.0,0.0,0.0,0.0,0.0,22.00234992522965,149201,0,0,0,35,SALT LAKE
2131,351226,19.0,45.899429519939424,2.4157594484178646,0.0,0.0,0.0,0.0,1.000106814783166,0.0,0.0,0.0,0.0,0.0,0.0,0.0,0.0,0.0,0.0,0.0,1.000106814783166,149201,0,0,2351,35,SALT LAKE
2132,351227,248.0,747.5049950390136,3.0141330445121515,286.0,1.0,80.0,205.0,314.01292713363597,1.0,0.0,1.0,79.0,17.0,127.0,13.0,48.0,1.0112359550561798,0.0,9.999875327265928,17.001815851313822,149709,0,0,0,35,SALT LAKE
2133,351228,0.0,0.0,0.0,0.0,0.0,0.0,0.0,2.02247191011236,0.0,0.0,0.0,0.0,0.0,0.0,0.0,0.0,2.02247191011236,0.0,0.0,0.0,90059,0,0,0,35,SALT LAKE
2134,351229,804.0,1924.0291476317464,2.3930710791439638,1140.0,129.0,2.0,1009.0,1586.034864658217,129.0,0.0,2.0,0.0,40.0,214.0,9.0,746.0,3.033707865168539,0.0,386.99517516519137,56.005981627857295,90059,0,0,0,35,SALT LAKE
2135,351230,620.0,1840.6607960547135,2.9688077355721187,222.0,0.0,0.0,222.0,265.0045930356761,0.0,0.0,0.0,0.0,63.0,59.0,24.0,76.0,0.0,0.0,0.0,43.00459303567614,149201,683,0,0,35,SALT LAKE
2136,351231,539.0,1611.1636484550163,2.9891718895269324,7.0,0.0,0.0,7.0,52.01522011317604,0.0,0.0,0.0,0.0,1.0,0.0,0.0,6.0,1.0112359550561798,0.0,5.999925196359556,38.00405896176031,149081,0,0,0,35,SALT LAKE
2137,351232,214.0,643.5287363305794,3.0071436277129875,0.0,0.0,0.0,0.0,15.00160222174749,0.0,0.0,0.0,0.0,0.0,0.0,0.0,0.0,0.0,0.0,0.0,15.00160222174749,138222,0,0,0,35,SALT LAKE
2138,351233,0.0,0.0,0.0,0.0,0.0,0.0,0.0,0.0,0.0,0.0,0.0,0.0,0.0,0.0,0.0,0.0,0.0,0.0,0.0,0.0,148008,0,0,0,35,SALT LAKE
2139,351234,335.0,741.8846567304495,2.214581064867013,4430.0,151.0,123.0,4156.0,4498.0018957127095,101.0,50.0,20.0,103.0,3652.0,243.0,34.0,227.0,0.0,0.0,44.99943897269667,23.002456740012818,148008,0,0,0,35,SALT LAKE
2140,351235,3572.0,9964.859821083992,2.789714395600221,10954.0,0.0,1329.0,9625.0,11826.018829769677,0.0,0.0,69.0,1260.0,3638.0,1792.0,6.0,4189.0,0.0,0.0,622.9922328886672,249.02659688100837,148008,0,0,0,35,SALT LAKE
2141,351236,0.0,0.0,0.0,0.0,0.0,0.0,0.0,0.0,0.0,0.0,0.0,0.0,0.0,0.0,0.0,0.0,0.0,0.0,0.0,0.0,148008,0,0,0,35,SALT LAKE
2142,351237,2.0,3.746892205709341,1.8734461028546705,2048.0,65.0,1.0,1982.0,2049.0112359550562,49.0,16.0,1.0,0.0,1206.0,212.0,2.0,562.0,1.0112359550561798,0.0,0.0,0.0,96451,0,0,0,35,SALT LAKE
2143,351238,0.0,0.0,0.0,1215.0,315.0,4.0,896.0,1215.0,199.0,116.0,4.0,0.0,175.0,59.0,16.0,646.0,0.0,0.0,0.0,0.0,60380,0,0,0,35,SALT LAKE
2144,351239,378.0,1031.3320796214962,2.728391745030413,229.0,84.0,0.0,145.0,261.00270238072187,84.0,0.0,0.0,0.0,83.0,5.0,32.0,25.0,0.0,0.0,5.999925196359556,26.00277718436232,96451,0,0,0,35,SALT LAKE
2145,351240,259.0,797.1513167646623,3.077804311832673,0.0,0.0,0.0,0.0,18.001922666096988,0.0,0.0,0.0,0.0,0.0,0.0,0.0,0.0,0.0,0.0,0.0,18.001922666096988,96652,0,0,0,35,SALT LAKE
2146,351241,816.0,2306.2121526140995,2.8262403831055143,144.0,0.0,0.0,144.0,201.00608844264048,0.0,0.0,0.0,0.0,22.0,54.0,1.0,67.0,0.0,0.0,0.0,57.00608844264046,120884,662,0,0,35,SALT LAKE
2147,351242,469.0,1356.3749784667814,2.892057523383329,0.0,0.0,0.0,0.0,33.00352488784448,0.0,0.0,0.0,0.0,0.0,0.0,0.0,0.0,0.0,0.0,0.0,33.00352488784448,130577,0,0,0,35,SALT LAKE
2148,351243,244.0,669.7569817705447,2.744905662994036,0.0,0.0,0.0,0.0,31.001641309486118,0.0,0.0,0.0,0.0,0.0,0.0,0.0,0.0,0.0,0.0,13.999825458172298,17.001815851313822,148614,0,0,0,35,SALT LAKE
2149,351244,0.0,0.0,0.0,1074.0,2.0,18.0,1054.0,1074.0,2.0,0.0,0.0,18.0,4.0,1043.0,0.0,7.0,0.0,0.0,0.0,0.0,148008,0,0,1,35,SALT LAKE
2150,351245,392.0,1080.0416782957177,2.755208362999279,428.0,22.0,7.0,399.0,455.00288399914547,21.0,1.0,2.0,5.0,76.0,42.0,45.0,236.0,0.0,0.0,0.0,27.00288399914548,96451,0,0,0,35,SALT LAKE
2151,351246,402.0,1097.8394162728368,2.730943821574221,15.0,2.0,0.0,13.0,43.00299081392865,2.0,0.0,0.0,0.0,0.0,0.0,0.0,13.0,0.0,0.0,0.0,28.002990813928648,95085,0,0,0,35,SALT LAKE
2152,351247,475.0,1267.3862885811843,2.668181660170915,43.0,15.0,0.0,28.0,76.00352488784448,11.0,4.0,0.0,0.0,1.0,0.0,17.0,10.0,0.0,0.0,0.0,33.00352488784448,100700,0,0,0,35,SALT LAKE
2153,351248,43.0,109.59659701699825,2.5487580701627497,857.0,501.0,0.0,356.0,860.0003204443495,493.0,8.0,0.0,0.0,5.0,274.0,0.0,77.0,0.0,0.0,0.0,3.000320444349498,96451,0,0,0,35,SALT LAKE
2154,351249,856.0,2197.5522786485285,2.567233970383795,0.0,0.0,0.0,0.0,150.00528683238332,0.0,0.0,0.0,0.0,0.0,0.0,0.0,0.0,0.0,0.0,89.99887794539335,60.00640888698996,95085,0,0,0,35,SALT LAKE
2155,351250,714.0,1936.206547300302,2.711773875770731,0.0,0.0,0.0,0.0,67.00512879551037,0.0,0.0,0.0,0.0,0.0,0.0,0.0,0.0,0.0,0.0,16.999788056352077,50.0053407391583,95085,0,0,0,35,SALT LAKE
2156,351251,459.0,1354.5015323639268,2.9509837306403632,82.0,21.0,0.0,61.0,195.00240822391532,1.0,20.0,0.0,0.0,4.0,0.0,13.0,44.0,0.0,0.0,80.99899015085401,32.00341807306131,145738,0,0,0,35,SALT LAKE
2157,351252,0.0,0.0,0.0,201.0,3.0,55.0,143.0,201.0,0.0,3.0,0.0,55.0,7.0,14.0,1.0,121.0,0.0,0.0,0.0,0.0,95085,0,0,0,35,SALT LAKE
2158,351253,888.0,2306.2121526140995,2.59708575744831,2552.0,24.0,166.0,2362.0,3163.9997655161824,8.0,16.0,2.0,164.0,506.0,103.0,60.0,1693.0,0.0,0.0,549.993142999626,62.00662251655629,95085,0,0,0,35,SALT LAKE
2159,351254,0.0,0.0,0.0,98.0,2.0,75.0,21.0,98.0,2.0,0.0,6.0,69.0,0.0,10.0,0.0,11.0,0.0,0.0,0.0,0.0,95085,0,0,0,35,SALT LAKE
2160,351255,0.0,0.0,0.0,0.0,0.0,0.0,0.0,0.0,0.0,0.0,0.0,0.0,0.0,0.0,0.0,0.0,0.0,0.0,0.0,0.0,95085,0,0,0,35,SALT LAKE
2161,351256,0.0,0.0,0.0,1597.0,229.0,189.0,1179.0,1597.0,216.0,13.0,3.0,186.0,146.0,117.0,570.0,346.0,0.0,0.0,0.0,0.0,95085,0,0,0,35,SALT LAKE
2162,351257,173.0,606.0598142734859,3.503235920655988,0.0,0.0,0.0,0.0,15.034989642566531,0.0,0.0,0.0,0.0,0.0,0.0,0.0,0.0,3.033707865168539,0.0,0.0,12.001281777397992,141675,0,0,0,35,SALT LAKE
2163,351258,75.0,217.3197479311418,2.8975966390818906,0.0,0.0,0.0,0.0,20.169073399758528,0.0,0.0,0.0,0.0,0.0,0.0,0.0,0.0,15.168539325842698,0.0,0.0,5.00053407391583,141675,0,0,0,35,SALT LAKE
2164,351259,71.0,217.3197479311418,3.060841520156927,117.0,1.0,30.0,86.0,124.02300598402819,1.0,0.0,0.0,30.0,5.0,40.0,20.0,21.0,2.02247191011236,0.0,0.0,5.00053407391583,141675,358,171,0,35,SALT LAKE
2165,351260,110.0,354.0813134395327,3.2189210312684797,231.0,0.0,0.0,231.0,242.03456238343387,0.0,0.0,0.0,0.0,0.0,186.0,14.0,31.0,3.033707865168539,0.0,0.0,8.000854518265328,141675,796,0,0,35,SALT LAKE
2166,351261,168.0,530.1852471078718,3.1558645661182845,81.0,26.0,9.0,46.0,96.03498964256653,26.0,0.0,0.0,9.0,0.0,23.0,8.0,15.0,3.033707865168539,0.0,0.0,12.001281777397992,96281,500,0,0,35,SALT LAKE
2167,351262,575.0,1894.9907330374992,3.2956360574565204,138.0,2.0,71.0,65.0,183.06045236660754,2.0,0.0,1.0,70.0,13.0,9.0,1.0,42.0,5.056179775280899,0.0,0.0,40.00427259132664,96281,0,0,0,35,SALT LAKE
2168,351263,15.0,37.46892205709341,2.4979281371395605,7.0,0.0,4.0,3.0,13.056286590064065,0.0,0.0,0.0,4.0,0.0,0.0,0.0,3.0,5.056179775280899,0.0,0.0,1.000106814783166,96281,0,0,0,35,SALT LAKE
2169,351264,220.0,562.0338308564011,2.5546992311654595,0.0,0.0,0.0,0.0,17.024074131859848,0.0,0.0,0.0,0.0,0.0,0.0,0.0,0.0,2.02247191011236,0.0,0.0,15.00160222174749,90059,0,0,0,35,SALT LAKE
2170,351265,807.0,1966.1816849459767,2.4364085315315696,621.0,7.0,389.0,225.0,677.0059816278573,7.0,0.0,203.0,186.0,115.0,4.0,0.0,106.0,0.0,0.0,0.0,56.005981627857295,90059,0,0,0,35,SALT LAKE
2171,351266,143.0,473.0451409708043,3.3080079788168133,0.0,0.0,0.0,0.0,12.02354005794402,0.0,0.0,0.0,0.0,0.0,0.0,0.0,0.0,2.02247191011236,0.0,0.0,10.00106814783166,141675,0,0,0,35,SALT LAKE
2172,351267,172.0,577.0213996792385,3.354775579530456,0.0,0.0,0.0,0.0,14.023753687510352,0.0,0.0,0.0,0.0,0.0,0.0,0.0,0.0,2.02247191011236,0.0,0.0,12.001281777397992,114950,0,0,0,35,SALT LAKE
2173,351268,168.0,551.7298772907004,3.284106412444645,0.0,0.0,0.0,0.0,13.012517732454171,0.0,0.0,0.0,0.0,0.0,0.0,0.0,0.0,1.0112359550561798,0.0,0.0,12.001281777397992,114950,0,0,0,35,SALT LAKE
2174,351269,94.0,313.8022222281573,3.338321513065503,0.0,0.0,0.0,0.0,7.000747703482162,0.0,0.0,0.0,0.0,0.0,0.0,0.0,0.0,0.0,0.0,0.0,7.000747703482162,96281,0,0,0,35,SALT LAKE
2175,351270,107.0,340.0304676681227,3.1778548380198384,0.0,0.0,0.0,0.0,9.023219613594522,0.0,0.0,0.0,0.0,0.0,0.0,0.0,0.0,2.02247191011236,0.0,0.0,7.000747703482162,96281,0,0,0,35,SALT LAKE
2176,351271,7.0,20.607907131401376,2.9439867330573395,0.0,0.0,0.0,0.0,6.067415730337078,0.0,0.0,0.0,0.0,0.0,0.0,0.0,0.0,6.067415730337078,0.0,0.0,0.0,96281,0,0,0,35,SALT LAKE
2177,351272,429.0,1286.120749609731,2.997950465290749,360.0,4.0,238.0,118.0,391.0144403985512,1.0,3.0,94.0,144.0,36.0,16.0,0.0,66.0,1.0112359550561798,0.0,0.0,30.00320444349498,96281,0,0,0,35,SALT LAKE
2178,351273,868.0,2389.580504191132,2.7529729310957745,2938.0,323.0,1082.0,1533.0,3131.331089358957,237.0,86.0,423.0,659.0,375.0,197.0,7.0,954.0,0.0,6.326144533633547,125.99842912355068,61.006515701773125,96281,0,0,542,35,SALT LAKE
2179,351274,145.0,356.8914825938147,2.461320569612515,1109.0,39.0,291.0,779.0,1666.9942360820044,39.0,0.0,10.0,281.0,568.0,20.0,4.0,187.0,0.0,0.0,547.9931679341728,10.00106814783166,96281,0,0,0,35,SALT LAKE
2180,351275,161.0,550.7931542392731,3.421075492169398,0.0,0.0,0.0,0.0,19.349791406360733,0.0,0.0,0.0,0.0,0.0,0.0,0.0,0.0,2.02247191011236,6.326144533633547,0.0,11.001174962614826,114950,0,0,0,35,SALT LAKE
2181,351276,311.0,1043.5094792900516,3.3553359462702623,59.0,5.0,45.0,9.0,84.03605779039819,0.0,5.0,0.0,45.0,1.0,1.0,0.0,7.0,3.033707865168539,0.0,0.0,22.00234992522965,96281,0,0,0,35,SALT LAKE
2182,351277,824.0,2442.036995071063,2.96363712994061,43.0,26.0,5.0,12.0,100.00608844264046,24.0,2.0,4.0,1.0,8.0,1.0,0.0,3.0,0.0,0.0,0.0,57.00608844264046,96281,348,0,0,35,SALT LAKE
2183,351278,1084.0,3543.6233035496093,3.2690251877763923,248.0,1.0,4.0,243.0,324.0081179235206,1.0,0.0,3.0,1.0,10.0,202.0,0.0,31.0,0.0,0.0,0.0,76.00811792352062,96281,716,256,0,35,SALT LAKE
2184,351279,308.0,829.936623564619,2.694599427157854,76.0,4.0,27.0,45.0,97.00224311044649,4.0,0.0,1.0,26.0,16.0,9.0,0.0,20.0,0.0,0.0,0.0,21.00224311044649,96281,0,0,0,35,SALT LAKE
2185,351280,18.0,49.64632172564877,2.758128984758265,52498.0,3053.0,2717.0,46728.0,52878.56877880909,1404.0,1649.0,1321.0,1396.0,20733.0,5071.0,11031.0,9893.0,0.0,379.5686719943032,0.0,1.000106814783166,96281,0,0,0,35,SALT LAKE
2186,351281,459.0,1119.3840464556656,2.438745199249816,206.0,2.0,6.0,198.0,471.04550688767574,2.0,0.0,0.0,6.0,3.0,189.0,3.0,3.0,4.044943820224719,0.0,228.9971449943897,32.00341807306131,96691,0,0,0,35,SALT LAKE
2187,351282,0.0,0.0,0.0,0.0,0.0,0.0,0.0,0.0,0.0,0.0,0.0,0.0,0.0,0.0,0.0,0.0,0.0,0.0,0.0,0.0,120184,0,0,0,35,SALT LAKE
2188,351283,0.0,0.0,0.0,0.0,0.0,0.0,0.0,0.0,0.0,0.0,0.0,0.0,0.0,0.0,0.0,0.0,0.0,0.0,0.0,0.0,120184,0,0,0,35,SALT LAKE
2189,351284,0.0,0.0,0.0,0.0,0.0,0.0,0.0,0.0,0.0,0.0,0.0,0.0,0.0,0.0,0.0,0.0,0.0,0.0,0.0,0.0,120184,0,0,0,35,SALT LAKE
2190,351285,0.0,0.0,0.0,0.0,0.0,0.0,0.0,0.0,0.0,0.0,0.0,0.0,0.0,0.0,0.0,0.0,0.0,0.0,0.0,0.0,133856,0,0,0,35,SALT LAKE
2191,351286,0.0,0.0,0.0,0.0,0.0,0.0,0.0,0.0,0.0,0.0,0.0,0.0,0.0,0.0,0.0,0.0,0.0,0.0,0.0,0.0,109943,0,0,0,35,SALT LAKE
2192,351287,0.0,0.0,0.0,0.0,0.0,0.0,0.0,0.0,0.0,0.0,0.0,0.0,0.0,0.0,0.0,0.0,0.0,0.0,0.0,0.0,136616,0,0,0,35,SALT LAKE
2193,351288,0.0,0.0,0.0,0.0,0.0,0.0,0.0,0.0,0.0,0.0,0.0,0.0,0.0,0.0,0.0,0.0,0.0,0.0,0.0,0.0,136616,0,0,0,35,SALT LAKE
2194,351289,0.0,0.0,0.0,0.0,0.0,0.0,0.0,0.0,0.0,0.0,0.0,0.0,0.0,0.0,0.0,0.0,0.0,0.0,0.0,0.0,136616,0,0,0,35,SALT LAKE
2195,351290,0.0,0.0,0.0,0.0,0.0,0.0,0.0,0.0,0.0,0.0,0.0,0.0,0.0,0.0,0.0,0.0,0.0,0.0,0.0,0.0,136616,0,0,0,35,SALT LAKE
2196,351291,0.0,0.0,0.0,0.0,0.0,0.0,0.0,0.0,0.0,0.0,0.0,0.0,0.0,0.0,0.0,0.0,0.0,0.0,0.0,0.0,154242,13,0,0,35,SALT LAKE
2197,351292,0.0,0.0,0.0,0.0,0.0,0.0,0.0,0.0,0.0,0.0,0.0,0.0,0.0,0.0,0.0,0.0,0.0,0.0,0.0,0.0,154321,0,0,0,35,SALT LAKE
2198,351293,0.0,0.0,0.0,0.0,0.0,0.0,0.0,0.0,0.0,0.0,0.0,0.0,0.0,0.0,0.0,0.0,0.0,0.0,0.0,0.0,137723,0,0,0,35,SALT LAKE
2199,351294,0.0,0.0,0.0,0.0,0.0,0.0,0.0,0.0,0.0,0.0,0.0,0.0,0.0,0.0,0.0,0.0,0.0,0.0,0.0,0.0,143773,0,0,0,35,SALT LAKE
2200,351295,0.0,0.0,0.0,623.0,0.0,27.0,596.0,623.0,0.0,0.0,6.0,21.0,232.0,132.0,31.0,201.0,0.0,0.0,0.0,0.0,31535,0,0,0,35,SALT LAKE
2201,351296,0.0,0.0,0.0,0.0,0.0,0.0,0.0,0.0,0.0,0.0,0.0,0.0,0.0,0.0,0.0,0.0,0.0,0.0,0.0,0.0,120184,0,0,0,35,SALT LAKE
2202,351297,0.0,0.0,0.0,0.0,0.0,0.0,0.0,0.0,0.0,0.0,0.0,0.0,0.0,0.0,0.0,0.0,0.0,0.0,0.0,0.0,116535,0,0,0,35,SALT LAKE
2203,351298,0.0,0.0,0.0,0.0,0.0,0.0,0.0,0.0,0.0,0.0,0.0,0.0,0.0,0.0,0.0,0.0,0.0,0.0,0.0,0.0,120184,0,0,0,35,SALT LAKE
2204,351299,0.0,0.0,0.0,0.0,0.0,0.0,0.0,0.0,0.0,0.0,0.0,0.0,0.0,0.0,0.0,0.0,0.0,0.0,0.0,0.0,120184,0,0,0,35,SALT LAKE
2205,351300,0.0,0.0,0.0,0.0,0.0,0.0,0.0,0.0,0.0,0.0,0.0,0.0,0.0,0.0,0.0,0.0,0.0,0.0,0.0,0.0,120184,0,0,0,35,SALT LAKE
2206,351301,0.0,0.0,0.0,0.0,0.0,0.0,0.0,0.0,0.0,0.0,0.0,0.0,0.0,0.0,0.0,0.0,0.0,0.0,0.0,0.0,110139,0,0,0,35,SALT LAKE
2207,351302,0.0,0.0,0.0,0.0,0.0,0.0,0.0,0.0,0.0,0.0,0.0,0.0,0.0,0.0,0.0,0.0,0.0,0.0,0.0,0.0,109943,0,0,0,35,SALT LAKE
2208,351303,0.0,0.0,0.0,0.0,0.0,0.0,0.0,0.0,0.0,0.0,0.0,0.0,0.0,0.0,0.0,0.0,0.0,0.0,0.0,0.0,109943,0,0,0,35,SALT LAKE
2209,351304,0.0,0.0,0.0,0.0,0.0,0.0,0.0,0.0,0.0,0.0,0.0,0.0,0.0,0.0,0.0,0.0,0.0,0.0,0.0,0.0,109943,0,0,0,35,SALT LAKE
2210,351305,0.0,0.0,0.0,0.0,0.0,0.0,0.0,0.0,0.0,0.0,0.0,0.0,0.0,0.0,0.0,0.0,0.0,0.0,0.0,0.0,133856,0,0,0,35,SALT LAKE
2211,351306,0.0,0.0,0.0,0.0,0.0,0.0,0.0,0.0,0.0,0.0,0.0,0.0,0.0,0.0,0.0,0.0,0.0,0.0,0.0,0.0,140499,0,0,0,35,SALT LAKE
2212,351307,2.0,6.557061359991347,3.278530679995673,0.0,0.0,0.0,0.0,0.0,0.0,0.0,0.0,0.0,0.0,0.0,0.0,0.0,0.0,0.0,0.0,0.0,136616,0,0,0,35,SALT LAKE
2213,351308,0.0,0.0,0.0,0.0,0.0,0.0,0.0,0.0,0.0,0.0,0.0,0.0,0.0,0.0,0.0,0.0,0.0,0.0,0.0,0.0,136616,0,0,0,35,SALT LAKE
2214,351309,0.0,0.0,0.0,0.0,0.0,0.0,0.0,0.0,0.0,0.0,0.0,0.0,0.0,0.0,0.0,0.0,0.0,0.0,0.0,0.0,136616,0,0,0,35,SALT LAKE
2215,351310,0.0,0.0,0.0,0.0,0.0,0.0,0.0,0.0,0.0,0.0,0.0,0.0,0.0,0.0,0.0,0.0,0.0,0.0,0.0,0.0,154321,0,0,0,35,SALT LAKE
2216,351311,0.0,0.0,0.0,0.0,0.0,0.0,0.0,0.0,0.0,0.0,0.0,0.0,0.0,0.0,0.0,0.0,0.0,0.0,0.0,0.0,155809,0,0,0,35,SALT LAKE
154,570001,0.0,0.0,0.0,170.0,16.0,9.0,145.0,170.0,0.0,16.0,4.0,5.0,47.0,69.0,0.0,29.0,0.0,0.0,0.0,0.0,77375,0,0,0,57,WEBER
155,570002,23.0,62.00129436949271,2.695708450847509,0.0,0.0,0.0,0.0,19.077064091780866,0.0,0.0,0.0,0.0,0.0,0.0,0.0,0.0,18.077530509691314,0.0,0.0,0.9995335820895522,77375,0,0,0,57,WEBER
156,570003,23.0,60.06375392044606,2.6114675617585243,0.0,0.0,0.0,0.0,26.107214845549713,0.0,0.0,0.0,0.0,0.0,0.0,0.0,0.0,25.10768126346016,0.0,0.0,0.9995335820895522,77375,0,0,0,57,WEBER
157,570004,48.0,129.81521008612535,2.704483543460945,0.0,0.0,0.0,0.0,43.17566443625376,0.0,0.0,0.0,0.0,0.0,0.0,0.0,0.0,41.17659727207466,0.0,0.0,1.9990671641791045,77375,0,0,0,57,WEBER
158,570005,109.0,306.13139094937026,2.80854487109514,0.0,0.0,0.0,0.0,35.1316590950488,0.0,0.0,0.0,0.0,0.0,0.0,0.0,0.0,31.133524766690595,0.0,0.0,3.998134328358209,77375,0,0,0,57,WEBER
159,570006,3.0,5.812621347139941,1.937540449046647,571.0,54.0,20.0,497.0,700.5765972720747,1.0,53.0,9.0,11.0,155.0,233.0,7.0,102.0,41.17659727207466,88.4,0.0,0.0,77375,0,0,0,57,WEBER
160,570007,2.0,4.843851122616617,2.4219255613083086,0.0,0.0,0.0,0.0,13.055994256999282,0.0,0.0,0.0,0.0,0.0,0.0,0.0,0.0,13.055994256999282,0.0,0.0,0.0,77375,0,0,0,57,WEBER
161,570008,24.0,65.876375267586,2.74484896948275,2.0,1.0,1.0,0.0,8.021069834781585,0.0,1.0,1.0,0.0,0.0,0.0,0.0,0.0,5.021536252692032,0.0,0.0,0.9995335820895522,83325,0,0,0,57,WEBER
162,570009,48.0,135.6278314332653,2.825579821526361,0.0,0.0,0.0,0.0,39.158435434100134,0.0,0.0,0.0,0.0,0.0,0.0,0.0,0.0,37.15936826992103,0.0,0.0,1.9990671641791045,77375,0,0,0,57,WEBER
163,570010,8.0,22.28171516403644,2.785214395504555,0.0,0.0,0.0,0.0,2.0086145010768126,0.0,0.0,0.0,0.0,0.0,0.0,0.0,0.0,2.0086145010768126,0.0,0.0,0.0,83325,0,0,0,57,WEBER
164,570011,1.0,1.937540449046647,1.937540449046647,0.0,0.0,0.0,0.0,16.0689160086145,0.0,0.0,0.0,0.0,0.0,0.0,0.0,0.0,16.0689160086145,0.0,0.0,0.0,83325,0,0,0,57,WEBER
165,570012,0.0,0.0,0.0,422.0,2.0,397.0,23.0,428.0258435032304,0.0,2.0,397.0,0.0,0.0,15.0,0.0,8.0,6.025843503230438,0.0,0.0,0.0,77375,0,0,0,57,WEBER
166,570013,28.0,79.43915841091253,2.837112800389733,0.0,0.0,0.0,0.0,24.098600344472896,0.0,0.0,0.0,0.0,0.0,0.0,0.0,0.0,23.099066762383345,0.0,0.0,0.9995335820895522,77375,0,0,0,57,WEBER
167,570014,15.0,49.407281450689496,3.2938187633793,0.0,0.0,0.0,0.0,39.063271495615396,0.0,0.0,0.0,0.0,0.0,0.0,0.0,0.0,16.0689160086145,0.0,21.994821904911344,0.9995335820895522,83325,0,0,0,57,WEBER
168,570015,45.0,132.72152075969532,2.9493671279932294,0.0,0.0,0.0,0.0,6.0162961663327295,0.0,0.0,0.0,0.0,0.0,0.0,0.0,0.0,4.017229002153625,0.0,0.0,1.9990671641791045,83325,0,0,0,57,WEBER
169,570016,19.0,52.31359212425947,2.753346953908393,0.0,0.0,0.0,0.0,10.038298836935208,0.0,0.0,0.0,0.0,0.0,0.0,0.0,0.0,9.038765254845655,0.0,0.0,0.9995335820895522,83325,0,0,0,57,WEBER
170,570017,29.0,79.43915841091253,2.739281324514225,240.0,0.0,146.0,94.0,284.0530094188286,0.0,0.0,144.0,2.0,3.0,73.0,0.0,18.0,14.060301507537687,0.0,28.993174329201317,0.9995335820895522,77375,0,0,0,57,WEBER
171,570018,36.0,97.84579267685568,2.717938685468213,0.0,0.0,0.0,0.0,17.068449590704052,0.0,0.0,0.0,0.0,0.0,0.0,0.0,0.0,16.0689160086145,0.0,0.0,0.9995335820895522,77375,0,0,0,57,WEBER
172,570019,73.0,222.8171516403644,3.0522897484981426,0.0,0.0,0.0,0.0,15.050287752729533,0.0,0.0,0.0,0.0,0.0,0.0,0.0,0.0,12.051687006460876,0.0,0.0,2.998600746268657,83325,538,0,0,57,WEBER
173,570020,65.0,217.0045302932245,3.338531235280376,0.0,0.0,0.0,0.0,21.080904924408827,0.0,0.0,0.0,0.0,0.0,0.0,0.0,0.0,19.08183776022972,0.0,0.0,1.9990671641791045,83325,0,0,0,57,WEBER
174,570021,32.0,86.22054998257579,2.694392186955493,0.0,0.0,0.0,0.0,20.081371342319272,0.0,0.0,0.0,0.0,0.0,0.0,0.0,0.0,19.08183776022972,0.0,0.0,0.9995335820895522,83325,0,0,0,57,WEBER
175,570022,33.0,88.15809043162244,2.6714572858067407,16.0,12.0,0.0,4.0,25.0339915863968,12.0,0.0,0.0,0.0,3.0,0.0,0.0,1.0,8.03445800430725,0.0,0.0,0.9995335820895522,83325,0,0,0,57,WEBER
176,570023,13.0,31.969417409269678,2.4591859545592056,0.0,0.0,0.0,0.0,8.03445800430725,0.0,0.0,0.0,0.0,0.0,0.0,0.0,0.0,8.03445800430725,0.0,0.0,0.0,82362,0,0,0,57,WEBER
177,570024,27.0,81.37669885995918,3.013951809628117,0.0,0.0,0.0,0.0,9.033991586396803,0.0,0.0,0.0,0.0,0.0,0.0,0.0,0.0,8.03445800430725,0.0,0.0,0.9995335820895522,77375,0,0,0,57,WEBER
178,570025,33.0,70.72022639020261,2.143037163339473,13.0,0.0,9.0,4.0,31.07275684124246,0.0,0.0,8.0,1.0,0.0,4.0,0.0,0.0,17.073223259152908,0.0,0.0,0.9995335820895522,77375,0,0,0,57,WEBER
179,570026,5.0,15.500323592373176,3.100064718474635,0.0,0.0,0.0,0.0,19.08183776022972,0.0,0.0,0.0,0.0,0.0,0.0,0.0,0.0,19.08183776022972,0.0,0.0,0.0,77375,0,0,0,57,WEBER
180,570027,29.0,70.72022639020261,2.438628496213884,0.0,0.0,0.0,0.0,14.055527839088835,0.0,0.0,0.0,0.0,0.0,0.0,0.0,0.0,13.055994256999282,0.0,0.0,0.9995335820895522,84402,0,0,0,57,WEBER
181,570028,42.0,116.25242694279882,2.767914927209496,0.0,0.0,0.0,0.0,10.033525168486355,0.0,0.0,0.0,0.0,0.0,0.0,0.0,0.0,8.03445800430725,0.0,0.0,1.9990671641791045,87610,0,0,0,57,WEBER
182,570029,43.0,124.0025887389854,2.883781133464777,0.0,0.0,0.0,0.0,10.033525168486355,0.0,0.0,0.0,0.0,0.0,0.0,0.0,0.0,8.03445800430725,0.0,0.0,1.9990671641791045,88528,0,0,0,57,WEBER
183,570030,23.0,55.21990279782944,2.400865339036063,10.0,0.0,0.0,10.0,34.0986003444729,0.0,0.0,0.0,0.0,0.0,0.0,10.0,0.0,23.099066762383345,0.0,0.0,0.9995335820895522,88528,0,0,0,57,WEBER
184,570031,63.0,168.56601906705828,2.6756510963025124,0.0,0.0,0.0,0.0,14.05075417063998,0.0,0.0,0.0,0.0,0.0,0.0,0.0,0.0,12.051687006460876,0.0,0.0,1.9990671641791045,88528,0,0,0,57,WEBER
185,570032,45.0,110.43980559565888,2.454217902125753,0.0,0.0,0.0,0.0,12.042139669563168,0.0,0.0,0.0,0.0,0.0,0.0,0.0,0.0,10.043072505384064,0.0,0.0,1.9990671641791045,88528,0,0,0,57,WEBER
186,570033,13.0,35.84449830736297,2.7572691005663823,0.0,0.0,0.0,0.0,5.021536252692032,0.0,0.0,0.0,0.0,0.0,0.0,0.0,0.0,5.021536252692032,0.0,0.0,0.0,60702,0,0,0,57,WEBER
187,570034,14.0,35.84449830736297,2.5603213076687834,5.0,1.0,4.0,0.0,10.016762584243178,1.0,0.0,4.0,0.0,0.0,0.0,0.0,0.0,4.017229002153625,0.0,0.0,0.9995335820895522,77375,0,0,0,57,WEBER
188,570035,4.0,10.656472469756558,2.6641181174391395,0.0,0.0,0.0,0.0,6.025843503230438,0.0,0.0,0.0,0.0,0.0,0.0,0.0,0.0,6.025843503230438,0.0,0.0,0.0,77375,0,0,0,57,WEBER
189,570036,57.0,152.0969252501618,2.6683671096519617,0.0,0.0,0.0,0.0,13.046446920101571,0.0,0.0,0.0,0.0,0.0,0.0,0.0,0.0,11.047379755922467,0.0,0.0,1.9990671641791045,88528,0,0,0,57,WEBER
190,570037,72.0,181.1600319858615,2.5161115553591875,0.0,0.0,0.0,0.0,12.037366001114313,0.0,0.0,0.0,0.0,0.0,0.0,0.0,0.0,9.038765254845655,0.0,0.0,2.998600746268657,88528,0,0,0,57,WEBER
191,570038,80.0,224.7546920894111,2.8094336511176383,0.0,0.0,0.0,0.0,10.028751500037501,0.0,0.0,0.0,0.0,0.0,0.0,0.0,0.0,7.030150753768844,0.0,0.0,2.998600746268657,88528,0,0,0,57,WEBER
192,570039,39.0,126.9088994125554,3.2540743439116766,0.0,0.0,0.0,0.0,16.064142340165645,0.0,0.0,0.0,0.0,0.0,0.0,0.0,0.0,15.064608758076094,0.0,0.0,0.9995335820895522,88528,0,0,0,57,WEBER
193,570040,123.0,352.63236172648976,2.866929770134063,0.0,0.0,0.0,0.0,13.01872910921594,0.0,0.0,0.0,0.0,0.0,0.0,0.0,0.0,5.021536252692032,0.0,3.999058528165699,3.998134328358209,88528,0,0,0,57,WEBER
194,570041,0.0,0.0,0.0,0.0,0.0,0.0,0.0,0.0,0.0,0.0,0.0,0.0,0.0,0.0,0.0,0.0,0.0,0.0,0.0,0.0,77375,0,0,0,57,WEBER
195,570042,55.0,153.06569547468513,2.783012644994275,0.0,0.0,0.0,0.0,13.046446920101571,0.0,0.0,0.0,0.0,0.0,0.0,0.0,0.0,11.047379755922467,0.0,0.0,1.9990671641791045,95539,0,0,0,57,WEBER
196,570043,87.0,259.6304201722507,2.9842577031293183,0.0,0.0,0.0,0.0,9.024444249499094,0.0,0.0,0.0,0.0,0.0,0.0,0.0,0.0,6.025843503230438,0.0,0.0,2.998600746268657,95539,0,0,0,57,WEBER
197,570044,93.0,265.44304151939065,2.854226252896673,0.0,0.0,0.0,0.0,12.037366001114313,0.0,0.0,0.0,0.0,0.0,0.0,0.0,0.0,9.038765254845655,0.0,0.0,2.998600746268657,95539,0,0,0,57,WEBER
198,570045,24.0,54.25113257330612,2.260463857221088,0.0,0.0,0.0,0.0,13.051220588550429,0.0,0.0,0.0,0.0,0.0,0.0,0.0,0.0,12.051687006460876,0.0,0.0,0.9995335820895522,95539,0,0,0,57,WEBER
199,570046,83.0,188.91019378204808,2.2760264311090133,0.0,0.0,0.0,0.0,12.037366001114313,0.0,0.0,0.0,0.0,0.0,0.0,0.0,0.0,9.038765254845655,0.0,0.0,2.998600746268657,77375,0,0,0,57,WEBER
200,570047,66.0,174.37864041419823,2.642100612336337,0.0,0.0,0.0,0.0,23.089519425485637,0.0,0.0,0.0,0.0,0.0,0.0,0.0,0.0,21.09045226130653,0.0,0.0,1.9990671641791045,77375,0,0,0,57,WEBER
201,570048,33.0,89.12686065614577,2.7008139592771445,0.0,0.0,0.0,0.0,16.064142340165645,0.0,0.0,0.0,0.0,0.0,0.0,0.0,0.0,15.064608758076094,0.0,0.0,0.9995335820895522,113700,0,0,0,57,WEBER
202,570049,74.0,212.16067917060784,2.867036205008214,0.0,0.0,0.0,0.0,16.054595003267938,0.0,0.0,0.0,0.0,0.0,0.0,0.0,0.0,13.055994256999282,0.0,0.0,2.998600746268657,117003,0,0,0,57,WEBER
203,570050,102.0,302.25631005127696,2.9632971573654605,8.0,0.0,0.0,8.0,28.06705033697271,0.0,0.0,0.0,0.0,8.0,0.0,0.0,0.0,16.0689160086145,0.0,0.0,3.998134328358209,64761,0,0,0,57,WEBER
204,570051,85.0,243.1613263553542,2.8607214865335786,0.0,0.0,0.0,0.0,14.045980502191124,0.0,0.0,0.0,0.0,0.0,0.0,0.0,0.0,11.047379755922467,0.0,0.0,2.998600746268657,117003,0,0,0,57,WEBER
205,570052,234.0,593.8561476327973,2.537846784755544,0.0,0.0,0.0,0.0,91.98558298519006,0.0,0.0,0.0,0.0,0.0,0.0,0.0,0.0,2.0086145010768126,0.0,81.98069982739683,7.996268656716418,117003,0,0,0,57,WEBER
206,570053,56.0,153.06569547468513,2.7333159906193774,0.0,0.0,0.0,0.0,70.01031785397788,0.0,0.0,0.0,0.0,0.0,0.0,0.0,0.0,6.025843503230438,0.0,61.98540718656833,1.9990671641791045,117003,0,0,0,57,WEBER
207,570054,48.0,111.4085758201822,2.321011996253796,0.0,0.0,0.0,0.0,37.04988332608973,0.0,0.0,0.0,0.0,0.0,0.0,0.0,0.0,13.055994256999282,0.0,21.994821904911344,1.9990671641791045,77375,0,0,0,57,WEBER
208,570055,70.0,207.31682804799124,2.9616689721141607,0.0,0.0,0.0,0.0,7.0158297484222825,0.0,0.0,0.0,0.0,0.0,0.0,0.0,0.0,4.017229002153625,0.0,0.0,2.998600746268657,117003,0,0,0,57,WEBER
209,570056,167.0,460.16585664857865,2.755484171548375,0.0,0.0,0.0,0.0,169.01334793725331,0.0,0.0,0.0,0.0,0.0,0.0,0.0,0.0,12.051687006460876,0.0,150.96445943825515,5.997201492537314,117003,0,0,0,57,WEBER
210,570057,24.0,52.31359212425947,2.179733005177478,0.0,0.0,0.0,0.0,43.05778740528412,0.0,0.0,0.0,0.0,0.0,0.0,0.0,0.0,15.064608758076094,0.0,26.993645065118468,0.9995335820895522,77375,0,0,0,57,WEBER
211,570058,17.0,35.84449830736297,2.108499900433116,0.0,0.0,0.0,0.0,8.029684335858397,0.0,0.0,0.0,0.0,0.0,0.0,0.0,0.0,7.030150753768844,0.0,0.0,0.9995335820895522,64761,0,0,0,57,WEBER
212,570059,121.0,334.22572746054664,2.7621960947152613,13.0,6.0,1.0,6.0,19.006748829435022,6.0,0.0,0.0,1.0,2.0,2.0,1.0,1.0,2.0086145010768126,0.0,0.0,3.998134328358209,64761,0,0,0,57,WEBER
213,570060,250.0,701.3896425548862,2.805558570219545,399.0,166.0,8.0,225.0,429.0090299856638,159.0,7.0,0.0,8.0,0.0,174.0,1.0,50.0,4.017229002153625,0.0,16.99599874470422,8.99580223880597,72451,696,0,0,57,WEBER
214,570061,328.0,937.7695773385772,2.859053589446882,0.0,0.0,0.0,0.0,24.018834280553612,0.0,0.0,0.0,0.0,0.0,0.0,0.0,0.0,6.025843503230438,0.0,5.998587792248548,11.994402985074627,74830,0,0,0,57,WEBER
215,570062,139.0,384.6017791357594,2.766919274357982,24.0,5.0,8.0,11.0,37.032125914755014,5.0,0.0,6.0,2.0,0.0,2.0,6.0,3.0,8.03445800430725,0.0,0.0,4.9976679104477615,64761,0,0,0,57,WEBER
216,570063,80.0,212.16067917060784,2.652008489632598,3.0,0.0,0.0,3.0,5.998600746268657,0.0,0.0,0.0,0.0,0.0,0.0,0.0,3.0,0.0,0.0,0.0,2.998600746268657,64761,0,0,0,57,WEBER
217,570064,160.0,499.8854358540349,3.124283974087718,5.0,4.0,0.0,1.0,13.005815993614126,4.0,0.0,0.0,0.0,0.0,0.0,0.0,1.0,2.0086145010768126,0.0,0.0,5.997201492537314,74417,0,0,0,57,WEBER
218,570065,202.0,564.7930408970976,2.796005152955929,0.0,0.0,0.0,0.0,10.009656826242084,0.0,0.0,0.0,0.0,0.0,0.0,0.0,0.0,3.012921751615219,0.0,0.0,6.996735074626866,76308,0,0,0,57,WEBER
219,570066,123.0,381.6954684621895,3.103215190749508,163.0,0.0,0.0,163.0,168.00244157889662,0.0,0.0,0.0,0.0,0.0,162.0,1.0,0.0,1.0043072505384063,0.0,0.0,3.998134328358209,64761,0,0,2020,57,WEBER
220,570067,125.0,363.2888341962464,2.906310673569971,3.0,0.0,0.0,3.0,20.03572706141769,0.0,0.0,0.0,0.0,0.0,0.0,0.0,3.0,9.038765254845655,0.0,2.999293896124274,4.9976679104477615,65849,0,0,0,57,WEBER
221,570068,261.0,729.4839790660626,2.7949577741994736,0.0,0.0,0.0,0.0,22.051796495805252,0.0,0.0,0.0,0.0,0.0,0.0,0.0,0.0,13.055994256999282,0.0,0.0,8.99580223880597,66478,0,0,0,57,WEBER
222,570069,120.0,362.320063971723,3.019333866431025,0.0,0.0,0.0,0.0,14.041206833742272,0.0,0.0,0.0,0.0,0.0,0.0,0.0,0.0,10.043072505384064,0.0,0.0,3.998134328358209,77375,0,0,0,57,WEBER
223,570070,92.0,250.9114881515408,2.7272987842558782,6.0,5.0,0.0,1.0,11.00721524734547,3.0,2.0,0.0,0.0,1.0,0.0,0.0,0.0,2.0086145010768126,0.0,0.0,2.998600746268657,80917,0,0,0,57,WEBER
224,570071,602.0,1762.1930384079255,2.927230960810508,418.0,5.0,2.0,411.0,439.98973880597015,0.0,5.0,0.0,2.0,13.0,237.0,6.0,155.0,0.0,0.0,0.0,21.98973880597015,103331,562,0,0,57,WEBER
225,570072,28.0,72.65776683924926,2.594920244258902,475.0,178.0,194.0,103.0,475.99953358208955,177.0,1.0,3.0,191.0,7.0,80.0,0.0,16.0,0.0,0.0,0.0,0.9995335820895522,101021,0,0,0,57,WEBER
226,570073,257.0,789.5477329865087,3.07217016726268,5.0,0.0,0.0,5.0,20.021645742036405,0.0,0.0,0.0,0.0,0.0,1.0,1.0,3.0,6.025843503230438,0.0,0.0,8.99580223880597,102455,0,0,0,57,WEBER
227,570074,124.0,407.8522645243192,3.289131165518703,388.0,60.0,29.0,299.0,396.01536333051183,29.0,31.0,4.0,25.0,15.0,123.0,77.0,84.0,4.017229002153625,0.0,0.0,3.998134328358209,101021,767,0,0,57,WEBER
228,570075,282.0,838.9550144371982,2.975017781692192,390.0,2.0,42.0,346.0,399.99533582089555,0.0,2.0,19.0,23.0,65.0,58.0,1.0,222.0,0.0,0.0,0.0,9.995335820895525,100927,0,1165,0,57,WEBER
229,570076,138.0,439.8216819335889,3.18711363719992,27.0,1.0,3.0,23.0,35.01058966206298,0.0,1.0,3.0,0.0,1.0,1.0,3.0,18.0,3.012921751615219,0.0,0.0,4.9976679104477615,101021,0,0,0,57,WEBER
230,570077,0.0,0.0,0.0,1440.0,155.0,1053.0,232.0,1441.0043072505384,10.0,145.0,183.0,870.0,5.0,52.0,0.0,175.0,1.0043072505384063,0.0,0.0,0.0,77602,0,0,0,57,WEBER
231,570078,17.0,38.75080898093294,2.2794593518195847,2550.0,45.0,2064.0,441.0,2550.9995335820895,7.0,38.0,1857.0,207.0,12.0,230.0,1.0,198.0,0.0,0.0,0.0,0.9995335820895522,77602,0,0,0,57,WEBER
232,570079,105.0,304.1938505003236,2.8970842904792726,0.0,0.0,0.0,0.0,6.006748829435022,0.0,0.0,0.0,0.0,0.0,0.0,0.0,0.0,2.0086145010768126,0.0,0.0,3.998134328358209,101021,0,0,0,57,WEBER
233,570080,37.0,113.34611626922884,3.063408547816996,213.0,3.0,85.0,125.0,217.01245533370476,0.0,3.0,79.0,6.0,0.0,83.0,20.0,22.0,3.012921751615219,0.0,0.0,0.9995335820895522,101021,0,0,0,57,WEBER
234,570081,156.0,479.5412611390452,3.0739824431990077,29.0,0.0,10.0,19.0,40.018737745229345,0.0,0.0,10.0,0.0,0.0,5.0,3.0,11.0,5.021536252692032,0.0,0.0,5.997201492537314,77602,0,0,0,57,WEBER
235,570082,82.0,234.4423943346443,2.859053589446882,1197.0,12.0,650.0,535.0,1214.0589022538063,3.0,9.0,632.0,18.0,31.0,345.0,134.0,25.0,14.060301507537687,0.0,0.0,2.998600746268657,66478,0,0,0,57,WEBER
236,570083,242.0,744.0155324339124,3.0744443489004647,71.0,1.0,0.0,70.0,85.017338491498,1.0,0.0,0.0,0.0,1.0,56.0,10.0,3.0,5.021536252692032,0.0,0.0,8.99580223880597,77602,0,0,0,57,WEBER
237,570084,20.0,48.43851122616618,2.421925561308309,160.0,16.0,5.0,139.0,167.02537708532,10.0,6.0,5.0,0.0,2.0,38.0,18.0,81.0,6.025843503230438,0.0,0.0,0.9995335820895522,77602,0,0,0,57,WEBER
238,570085,413.0,1089.866502588739,2.638901943314138,442.0,64.0,108.0,270.0,462.0145399840353,59.0,5.0,7.0,101.0,15.0,159.0,46.0,50.0,5.021536252692032,0.0,0.0,14.993003731343284,66478,0,0,0,57,WEBER
239,570086,7.0,24.21925561308309,3.4598936590118696,0.0,0.0,0.0,0.0,0.0,0.0,0.0,0.0,0.0,0.0,0.0,0.0,0.0,0.0,0.0,0.0,0.0,134880,0,0,0,57,WEBER
240,570087,14.0,45.53220055259621,3.252300039471158,0.0,0.0,0.0,0.0,0.9995335820895522,0.0,0.0,0.0,0.0,0.0,0.0,0.0,0.0,0.0,0.0,0.0,0.9995335820895522,97564,0,0,0,57,WEBER
241,570088,1.0,4.843851122616617,4.843851122616617,0.0,0.0,0.0,0.0,0.0,0.0,0.0,0.0,0.0,0.0,0.0,0.0,0.0,0.0,0.0,0.0,0.0,134880,0,0,0,57,WEBER
242,570089,8.0,15.500323592373176,1.937540449046647,0.0,0.0,0.0,0.0,0.0,0.0,0.0,0.0,0.0,0.0,0.0,0.0,0.0,0.0,0.0,0.0,0.0,134880,0,0,0,57,WEBER
243,570090,122.0,386.5393195848061,3.168355078563984,1.0,0.0,0.0,1.0,6.002441578896615,0.0,0.0,0.0,0.0,0.0,0.0,0.0,1.0,1.0043072505384063,0.0,0.0,3.998134328358209,96635,0,0,0,57,WEBER
244,570091,0.0,0.0,0.0,384.0,66.0,179.0,139.0,392.0344580043072,54.0,12.0,164.0,15.0,17.0,49.0,23.0,50.0,8.03445800430725,0.0,0.0,0.0,90010,0,0,0,57,WEBER
245,570092,199.0,630.6694161646836,3.1691930460536866,293.0,3.0,160.0,130.0,305.0182713273189,1.0,2.0,154.0,6.0,3.0,53.0,3.0,71.0,5.021536252692032,0.0,0.0,6.996735074626866,90010,0,139,38,57,WEBER
246,570093,69.0,205.3792875989446,2.9765114144774576,0.0,0.0,0.0,0.0,7.0158297484222825,0.0,0.0,0.0,0.0,0.0,0.0,0.0,0.0,4.017229002153625,0.0,0.0,2.998600746268657,134880,0,0,0,57,WEBER
247,570094,443.0,1365.9660165778862,3.0834447326814587,0.0,0.0,0.0,0.0,19.005459065048054,0.0,0.0,0.0,0.0,0.0,0.0,0.0,0.0,3.012921751615219,0.0,0.0,15.992537313432836,134880,0,0,0,57,WEBER
248,570095,104.0,350.6948212774431,3.372065589206184,0.0,0.0,0.0,0.0,3.998134328358209,0.0,0.0,0.0,0.0,0.0,0.0,0.0,0.0,0.0,0.0,0.0,3.998134328358209,97564,0,0,0,57,WEBER
249,570096,300.0,994.9270205854532,3.31642340195151,0.0,0.0,0.0,0.0,14.993927931150774,0.0,0.0,0.0,0.0,0.0,0.0,0.0,0.0,0.0,0.0,3.999058528165699,10.994869402985074,104259,0,0,0,57,WEBER
250,570097,276.0,911.6127812764474,3.302944859697273,38.0,0.0,0.0,38.0,47.99533582089553,0.0,0.0,0.0,0.0,0.0,29.0,7.0,2.0,0.0,0.0,0.0,9.995335820895525,97564,473,0,0,57,WEBER
251,570098,91.0,273.19320331557725,3.002123113357992,188.0,0.0,0.0,188.0,190.99860074626866,0.0,0.0,0.0,0.0,0.0,184.0,0.0,4.0,0.0,0.0,0.0,2.998600746268657,105075,0,0,2077,57,WEBER
252,570099,127.0,334.22572746054664,2.631698641421627,943.0,162.0,371.0,410.0,1541.8987429095268,42.0,120.0,369.0,2.0,44.0,81.0,4.0,281.0,9.038765254845655,0.0,584.8623097442335,4.9976679104477615,90010,0,0,0,57,WEBER
253,570100,570.0,1623.6588963010902,2.848524379475597,784.0,25.0,221.0,538.0,808.0031269754958,12.0,13.0,118.0,103.0,2.0,162.0,240.0,134.0,3.012921751615219,0.0,0.0,20.9902052238806,90010,0,0,0,57,WEBER
254,570101,326.0,976.52038631951,2.9954613077285583,421.0,4.0,141.0,276.0,436.00732473668984,4.0,0.0,129.0,12.0,13.0,110.0,10.0,143.0,3.012921751615219,0.0,0.0,11.994402985074627,90010,404,0,0,57,WEBER
255,570102,265.0,763.3909369243789,2.880720516695769,50.0,0.0,0.0,50.0,62.00395032197234,0.0,0.0,0.0,0.0,0.0,0.0,1.0,49.0,2.0086145010768126,0.0,0.0,9.995335820895525,60933,0,0,0,57,WEBER
256,570103,86.0,262.53673084582067,3.0527526842537287,9.0,0.0,1.0,8.0,13.002907996807064,0.0,0.0,1.0,0.0,0.0,1.0,1.0,6.0,1.0043072505384063,0.0,0.0,2.998600746268657,60933,0,0,0,57,WEBER
257,570104,449.0,1177.055822795838,2.621505173264673,319.0,28.0,152.0,139.0,642.9245866006887,26.0,2.0,36.0,116.0,4.0,28.0,46.0,61.0,1.0043072505384063,0.0,306.9277420367174,15.992537313432836,63255,0,0,0,57,WEBER
258,570105,2.0,5.812621347139941,2.9063106735699704,156.0,8.0,45.0,103.0,158.0086145010768,7.0,1.0,15.0,30.0,0.0,14.0,26.0,63.0,2.0086145010768126,0.0,0.0,0.0,90010,0,0,0,57,WEBER
259,570106,138.0,402.0396431771792,2.9133307476607198,13.0,2.0,5.0,6.0,19.00197516098617,1.0,1.0,2.0,3.0,1.0,1.0,0.0,4.0,1.0043072505384063,0.0,0.0,4.9976679104477615,60933,0,0,0,57,WEBER
260,570107,16.0,38.75080898093294,2.4219255613083086,0.0,0.0,0.0,0.0,0.9995335820895522,0.0,0.0,0.0,0.0,0.0,0.0,0.0,0.0,0.0,0.0,0.0,0.9995335820895522,93399,0,0,0,57,WEBER
261,570108,49.0,148.2218443520685,3.024935599021806,0.0,0.0,0.0,0.0,18.995065908883326,0.0,0.0,0.0,0.0,0.0,0.0,0.0,0.0,0.0,0.0,16.99599874470422,1.9990671641791045,111812,0,0,0,57,WEBER
262,570109,111.0,369.10145554338624,3.3252383382287047,0.0,0.0,0.0,0.0,3.998134328358209,0.0,0.0,0.0,0.0,0.0,0.0,0.0,0.0,0.0,0.0,0.0,3.998134328358209,111812,0,0,0,57,WEBER
263,570110,334.0,1060.803395853039,3.1760580714162856,6.0,3.0,1.0,2.0,17.99440298507463,3.0,0.0,0.0,1.0,1.0,0.0,0.0,1.0,0.0,0.0,0.0,11.994402985074627,93800,0,0,0,57,WEBER
264,570111,711.0,2176.826694503908,3.061640920539955,0.0,0.0,0.0,0.0,35.98551945474261,0.0,0.0,0.0,0.0,0.0,0.0,0.0,0.0,0.0,0.0,9.997646320414248,25.98787313432836,94584,0,0,0,57,WEBER
265,570112,422.0,1295.2457901876835,3.069302820349961,162.0,4.0,2.0,156.0,202.98688416442033,4.0,0.0,0.0,2.0,26.0,100.0,3.0,27.0,0.0,0.0,25.99388043307704,14.993003731343284,105281,789,0,0,57,WEBER
266,570113,217.0,732.3902897396325,3.375070459629643,17.0,0.0,0.0,17.0,26.000575907254824,0.0,0.0,0.0,0.0,2.0,2.0,8.0,5.0,1.0043072505384063,0.0,0.0,7.996268656716418,94424,0,0,0,57,WEBER
267,570114,298.0,977.4891565440334,3.2801649548457497,0.0,0.0,0.0,0.0,25.991338883606446,0.0,0.0,0.0,0.0,0.0,0.0,0.0,0.0,0.0,0.0,14.996469480621371,10.994869402985074,97076,0,0,0,57,WEBER
268,570115,155.0,459.1970864240553,2.962561847897131,0.0,0.0,0.0,0.0,5.997201492537314,0.0,0.0,0.0,0.0,0.0,0.0,0.0,0.0,0.0,0.0,0.0,5.997201492537314,105241,0,0,0,57,WEBER
269,570116,192.0,572.5432026932842,2.981995847360855,224.0,106.0,3.0,115.0,233.00534957570366,31.0,75.0,3.0,0.0,7.0,3.0,77.0,28.0,2.0086145010768126,0.0,0.0,6.996735074626866,60933,0,0,0,57,WEBER
270,570117,293.0,807.9543672524518,2.7575234377216784,140.0,100.0,0.0,40.0,171.989926675855,17.0,83.0,0.0,0.0,8.0,1.0,5.0,26.0,0.0,0.0,20.995057272869918,10.994869402985074,60933,0,0,0,57,WEBER
271,570118,375.0,1050.146923383283,2.800391795688754,89.0,8.0,0.0,81.0,145.983349327035,3.0,5.0,0.0,0.0,2.0,56.0,11.0,12.0,0.0,0.0,42.98987917778126,13.993470149253731,68928,554,0,0,57,WEBER
272,570119,289.0,928.081875093344,3.211355969181121,7.0,0.0,0.0,7.0,16.995335820895527,0.0,0.0,0.0,0.0,0.0,6.0,0.0,1.0,0.0,0.0,0.0,9.995335820895525,79703,0,913,0,57,WEBER
273,570120,310.0,982.33300766665,3.168816153763387,0.0,0.0,0.0,0.0,10.994869402985074,0.0,0.0,0.0,0.0,0.0,0.0,0.0,0.0,0.0,0.0,0.0,10.994869402985074,74199,0,0,0,57,WEBER
274,570121,589.0,1715.692067630806,2.9128897582865974,0.0,0.0,0.0,0.0,25.989028384087725,0.0,0.0,0.0,0.0,0.0,0.0,0.0,0.0,0.0,0.0,4.998823160207124,20.9902052238806,82716,0,0,0,57,WEBER
275,570122,1.0,2.9063106735699704,2.9063106735699704,1.0,0.0,0.0,1.0,1.0,0.0,0.0,0.0,0.0,0.0,1.0,0.0,0.0,0.0,0.0,0.0,0.0,111812,0,0,0,57,WEBER
276,570123,1523.0,3997.145946383233,2.624521304256883,404.0,105.0,1.0,298.0,496.97448826949346,31.0,74.0,1.0,0.0,4.0,78.0,65.0,151.0,2.0086145010768126,0.0,35.99152675349129,54.97434701492537,63002,364,53,0,57,WEBER
277,570124,90.0,159.84708704634838,1.7760787449594264,385.0,136.0,3.0,246.0,389.0029079968071,31.0,105.0,2.0,1.0,5.0,28.0,26.0,187.0,1.0043072505384063,0.0,0.0,2.998600746268657,60933,0,0,0,57,WEBER
278,570125,765.0,1999.54174341614,2.613780056753124,924.0,403.0,4.0,517.0,953.9955547995843,303.0,100.0,4.0,0.0,3.0,253.0,146.0,115.0,2.0086145010768126,0.0,0.0,27.986940298507463,77863,0,0,0,57,WEBER
279,570126,105.0,300.3187696022303,2.8601787581164797,105.0,2.0,6.0,97.0,111.00674882943501,0.0,2.0,5.0,1.0,1.0,23.0,71.0,2.0,2.0086145010768126,0.0,0.0,3.998134328358209,77863,0,0,0,57,WEBER
280,570127,139.0,373.94530666600286,2.690254004791388,0.0,0.0,0.0,0.0,20.99844464160754,0.0,0.0,0.0,0.0,0.0,0.0,0.0,0.0,1.0043072505384063,0.0,14.996469480621371,4.9976679104477615,68585,0,0,0,57,WEBER
281,570128,303.0,881.5809043162244,2.9095079350370443,13.0,0.0,0.0,13.0,57.009815352836995,0.0,0.0,0.0,0.0,3.0,0.0,7.0,3.0,5.021536252692032,0.0,27.993409697159894,10.994869402985074,82256,0,0,0,57,WEBER
282,570129,663.0,1800.9438473888583,2.716355727585005,509.0,60.0,88.0,361.0,536.0017277217644,33.0,27.0,35.0,53.0,17.0,52.0,1.0,291.0,3.012921751615219,0.0,0.0,23.98880597014925,75400,0,0,0,57,WEBER
283,570130,613.0,1650.7844625877433,2.692959971595013,280.0,40.0,22.0,218.0,301.98973880597015,3.0,37.0,22.0,0.0,9.0,94.0,6.0,109.0,0.0,0.0,0.0,21.98973880597015,71576,515,0,0,57,WEBER
284,570131,350.0,992.9894801364064,2.837112800389733,3.0,1.0,0.0,2.0,16.998243817702587,1.0,0.0,0.0,0.0,0.0,1.0,0.0,1.0,1.0043072505384063,0.0,0.0,12.993936567164178,71576,0,0,0,57,WEBER
285,570132,93.0,260.599190396774,2.8021418322233766,10.0,0.0,0.0,10.0,50.998742000836764,0.0,0.0,0.0,0.0,2.0,0.0,0.0,8.0,2.0086145010768126,0.0,35.99152675349129,2.998600746268657,76600,0,0,0,57,WEBER
286,570133,202.0,569.6368920197142,2.8199846139589813,143.0,1.0,0.0,142.0,164.9977471737452,0.0,1.0,0.0,0.0,77.0,3.0,57.0,5.0,1.0043072505384063,0.0,13.996704848579947,6.996735074626866,43190,0,0,0,57,WEBER
287,570134,175.0,493.10404428237166,2.8177373958992664,0.0,0.0,0.0,0.0,5.997201492537314,0.0,0.0,0.0,0.0,0.0,0.0,0.0,0.0,0.0,0.0,0.0,5.997201492537314,79548,0,0,0,57,WEBER
288,570135,1010.0,2838.496757853338,2.81039282955776,269.0,11.0,26.0,232.0,326.98688504717734,1.0,10.0,0.0,26.0,2.0,177.0,28.0,25.0,2.0086145010768126,0.0,18.99552800878707,36.98274253731344,63006,860,1052,0,57,WEBER
289,570136,44.0,124.0025887389854,2.8182406531587594,412.0,246.0,6.0,160.0,417.01198891579435,220.0,26.0,5.0,1.0,18.0,21.0,3.0,118.0,3.012921751615219,0.0,0.0,1.9990671641791045,71352,0,0,0,57,WEBER
290,570137,121.0,350.6948212774431,2.898304308078042,1.0,0.0,0.0,1.0,7.006748829435022,0.0,0.0,0.0,0.0,0.0,0.0,0.0,1.0,2.0086145010768126,0.0,0.0,3.998134328358209,77602,0,0,0,57,WEBER
291,570138,1524.0,3867.3307362971073,2.537618593370805,18.0,1.0,0.0,17.0,72.97434701492537,0.0,1.0,0.0,0.0,2.0,1.0,1.0,13.0,0.0,0.0,0.0,54.97434701492537,75400,0,0,0,57,WEBER
292,570139,370.0,943.5821986857172,2.550222158610046,238.0,76.0,4.0,158.0,418.99073569809934,64.0,12.0,1.0,3.0,1.0,12.0,24.0,121.0,8.03445800430725,0.0,159.96234112662796,12.993936567164178,69984,0,0,0,57,WEBER
293,570140,358.0,1034.6465997909097,2.890074301091926,333.0,71.0,28.0,234.0,348.00255106824096,22.0,49.0,11.0,17.0,3.0,26.0,2.0,203.0,2.0086145010768126,0.0,0.0,12.993936567164178,75400,0,0,0,57,WEBER
294,570141,614.0,1471.5619710509284,2.3966807346106327,2143.0,1190.0,41.0,912.0,2166.998353307047,819.0,371.0,36.0,5.0,8.0,198.0,49.0,657.0,2.0086145010768126,0.0,0.0,21.98973880597015,68722,328,50,0,57,WEBER
295,570142,7.0,14.531553367849853,2.0759361954071216,0.0,0.0,0.0,0.0,4.017229002153625,0.0,0.0,0.0,0.0,0.0,0.0,0.0,0.0,4.017229002153625,0.0,0.0,0.0,66478,0,0,0,57,WEBER
296,570143,9.0,18.406634265943147,2.0451815851047943,0.0,0.0,0.0,0.0,8.03445800430725,0.0,0.0,0.0,0.0,0.0,0.0,0.0,0.0,8.03445800430725,0.0,0.0,0.0,80917,0,0,0,57,WEBER
297,570144,44.0,107.5334949220889,2.443943066411112,0.0,0.0,0.0,0.0,20.07659767387042,0.0,0.0,0.0,0.0,0.0,0.0,0.0,0.0,18.077530509691314,0.0,0.0,1.9990671641791045,80917,0,0,0,57,WEBER
298,570145,29.0,69.75145616567929,2.405222626402734,0.0,0.0,0.0,0.0,8.029684335858397,0.0,0.0,0.0,0.0,0.0,0.0,0.0,0.0,7.030150753768844,0.0,0.0,0.9995335820895522,66478,0,0,0,57,WEBER
299,570146,19.0,37.78203875640962,1.9885283556005064,115.0,50.0,49.0,16.0,120.01676258424318,37.0,13.0,0.0,49.0,4.0,5.0,0.0,7.0,4.017229002153625,0.0,0.0,0.9995335820895522,66478,0,0,0,57,WEBER
300,570147,5.0,12.594012918803204,2.518802583760641,525.0,4.0,2.0,519.0,531.0258435032305,3.0,1.0,2.0,0.0,2.0,203.0,2.0,312.0,6.025843503230438,0.0,0.0,0.0,77602,357,215,212,57,WEBER
301,570148,12.0,34.87572808283964,2.9063106735699704,30.0,1.0,7.0,22.0,33.01292175161522,0.0,1.0,0.0,7.0,0.0,0.0,0.0,22.0,3.012921751615219,0.0,0.0,0.0,77602,0,0,0,57,WEBER
302,570149,76.0,221.8483814158411,2.919057650208436,3.0,1.0,2.0,0.0,17.045980502191124,1.0,0.0,0.0,2.0,0.0,0.0,0.0,0.0,11.047379755922467,0.0,0.0,2.998600746268657,80917,0,0,0,57,WEBER
303,570150,56.0,167.59724884253498,2.9928080150452674,239.0,120.0,0.0,119.0,243.00768166525592,75.0,45.0,0.0,0.0,47.0,8.0,35.0,29.0,2.0086145010768126,0.0,0.0,1.9990671641791045,80917,0,0,0,57,WEBER
304,570151,78.0,227.661002762981,2.918730804653603,30.0,0.0,0.0,30.0,38.02013699896069,0.0,0.0,0.0,0.0,0.0,29.0,0.0,1.0,5.021536252692032,0.0,0.0,2.998600746268657,77602,439,0,0,57,WEBER
305,570152,2.0,7.750161796186588,3.875080898093294,0.0,0.0,0.0,0.0,10.043072505384064,0.0,0.0,0.0,0.0,0.0,0.0,0.0,0.0,10.043072505384064,0.0,0.0,0.0,80917,0,0,0,57,WEBER
306,570153,26.0,68.78268594115598,2.645487920813691,0.0,0.0,0.0,0.0,9.033991586396803,0.0,0.0,0.0,0.0,0.0,0.0,0.0,0.0,8.03445800430725,0.0,0.0,0.9995335820895522,80917,0,0,0,57,WEBER
307,570154,94.0,305.16262072484693,3.246410858774967,10.0,6.0,0.0,4.0,594.8979575423537,3.0,3.0,0.0,0.0,0.0,1.0,0.0,3.0,8.03445800430725,0.0,573.8648987917778,2.998600746268657,80917,0,0,0,57,WEBER
308,570155,40.0,143.37799322945187,3.584449830736297,505.0,340.0,14.0,151.0,511.0210698347816,329.0,11.0,7.0,7.0,11.0,49.0,1.0,90.0,5.021536252692032,0.0,0.0,0.9995335820895522,80917,0,0,0,57,WEBER
309,570156,185.0,537.6674746104445,2.9063106735699704,382.0,20.0,228.0,134.0,418.0217077333071,2.0,18.0,224.0,4.0,19.0,44.0,0.0,71.0,7.030150753768844,0.0,21.994821904911344,6.996735074626866,77602,0,0,0,57,WEBER
310,570157,0.0,0.0,0.0,160.0,37.0,73.0,50.0,168.00265967482838,37.0,0.0,10.0,63.0,0.0,6.0,0.0,44.0,1.0043072505384063,0.0,6.9983524242899735,0.0,80917,0,0,0,57,WEBER
311,570158,30.0,88.15809043162244,2.938603014387415,1721.0,220.0,258.0,1243.0,1726.0167625842432,87.0,133.0,189.0,69.0,229.0,419.0,33.0,562.0,4.017229002153625,0.0,0.0,0.9995335820895522,77602,0,0,494,57,WEBER
312,570159,486.0,1273.9328452481705,2.621260998453025,418.0,0.0,0.0,418.0,442.01744798084235,0.0,0.0,0.0,0.0,0.0,39.0,223.0,156.0,6.025843503230438,0.0,0.0,17.99160447761194,41462,0,0,0,57,WEBER
313,570160,710.0,1897.8208698411904,2.6729871406213954,15.0,3.0,0.0,12.0,40.98787313432836,0.0,3.0,0.0,0.0,0.0,5.0,6.0,1.0,0.0,0.0,0.0,25.98787313432836,43190,548,0,0,57,WEBER
314,570161,619.0,1652.7220030367898,2.6699870808348787,10.0,1.0,3.0,6.0,32.99404605650855,1.0,0.0,0.0,3.0,2.0,0.0,0.0,4.0,1.0043072505384063,0.0,0.0,21.98973880597015,79834,0,0,0,57,WEBER
315,570162,0.0,0.0,0.0,2233.0,89.0,463.0,1681.0,2233.0,0.0,89.0,132.0,331.0,778.0,404.0,12.0,487.0,0.0,0.0,0.0,0.0,41462,0,0,0,57,WEBER
316,570163,1237.0,3412.977500995669,2.7590763953077357,246.0,9.0,4.0,233.0,290.97901119402985,6.0,3.0,3.0,1.0,3.0,29.0,139.0,62.0,0.0,0.0,0.0,44.97901119402985,43476,0,0,0,57,WEBER
317,570164,530.0,1455.092877234032,2.7454582589321355,15.0,0.0,0.0,15.0,33.99113805970149,0.0,0.0,0.0,0.0,0.0,0.0,8.0,7.0,0.0,0.0,0.0,18.99113805970149,65873,0,0,0,57,WEBER
318,570165,113.0,300.3187696022303,2.6576882265684096,0.0,0.0,0.0,0.0,3.998134328358209,0.0,0.0,0.0,0.0,0.0,0.0,0.0,0.0,0.0,0.0,0.0,3.998134328358209,61741,0,0,0,57,WEBER
319,570166,0.0,0.0,0.0,2541.0,116.0,1577.0,848.0,2541.0,85.0,31.0,1116.0,461.0,230.0,291.0,24.0,303.0,0.0,0.0,0.0,0.0,41462,0,0,0,57,WEBER
320,570167,642.0,1844.538507492408,2.873112940019327,22.0,0.0,0.0,22.0,56.99553320955076,0.0,0.0,0.0,0.0,0.0,14.0,0.0,8.0,2.0086145010768126,0.0,9.997646320414248,22.9892723880597,66407,376,0,0,57,WEBER
321,570168,563.0,1607.1898024841937,2.8546888143591365,32.0,0.0,0.0,32.0,51.99067164179105,0.0,0.0,0.0,0.0,0.0,29.0,0.0,3.0,0.0,0.0,0.0,19.99067164179105,71102,0,0,0,57,WEBER
322,570169,313.0,858.3304189276646,2.742269709034072,308.0,151.0,10.0,147.0,318.99486940298505,115.0,36.0,2.0,8.0,11.0,32.0,3.0,101.0,0.0,0.0,0.0,10.994869402985074,34275,0,0,0,57,WEBER
323,570170,401.0,949.3948200328572,2.3675681297577484,434.0,180.0,40.0,214.0,448.99300373134326,166.0,14.0,2.0,38.0,10.0,42.0,3.0,159.0,0.0,0.0,0.0,14.993003731343284,32841,0,0,0,57,WEBER
324,570171,398.0,967.8014542988002,2.431661945474372,845.0,169.0,10.0,666.0,859.9977773997922,168.0,1.0,10.0,0.0,0.0,552.0,5.0,109.0,1.0043072505384063,0.0,0.0,13.993470149253731,32841,0,0,0,57,WEBER
325,570172,459.0,1334.9653693931398,2.9084212840809145,0.0,0.0,0.0,0.0,28.989246480019485,0.0,0.0,0.0,0.0,0.0,0.0,0.0,0.0,0.0,0.0,11.997175584497096,16.99207089552239,57133,0,0,0,57,WEBER
326,570173,0.0,0.0,0.0,4470.0,758.0,1245.0,2467.0,4472.008614501076,756.0,2.0,1074.0,171.0,234.0,611.0,33.0,1589.0,2.0086145010768126,0.0,0.0,0.0,41462,0,0,13,57,WEBER
327,570174,526.0,1504.500158684721,2.860266461377797,97.0,2.0,25.0,70.0,117.99975256077829,1.0,1.0,4.0,21.0,2.0,51.0,5.0,12.0,2.0086145010768126,0.0,0.0,18.99113805970149,71102,693,0,0,57,WEBER
328,570175,361.0,1058.8658554039926,2.933146413861475,547.0,169.0,10.0,368.0,572.9908767837027,98.0,71.0,4.0,6.0,50.0,20.0,38.0,260.0,0.0,0.0,12.99694021653852,12.993936567164178,34275,0,0,0,57,WEBER
329,570176,794.0,1869.7265333300145,2.3548193114987583,321.0,105.0,2.0,214.0,349.98647388059703,99.0,6.0,2.0,0.0,18.0,101.0,11.0,84.0,0.0,0.0,0.0,28.98647388059701,46053,462,839,0,57,WEBER
330,570177,430.0,1209.0252402051078,2.8116866051281577,245.0,77.0,5.0,163.0,302.9826518591727,77.0,0.0,4.0,1.0,7.0,79.0,17.0,60.0,0.0,0.0,41.990114545739836,15.992537313432836,55023,392,0,0,57,WEBER
331,570178,315.0,768.2347880469955,2.4388405969745888,290.0,0.0,0.0,290.0,300.99486940298505,0.0,0.0,0.0,0.0,0.0,280.0,5.0,5.0,0.0,0.0,0.0,10.994869402985074,67626,435,0,0,57,WEBER
332,570179,367.0,944.5509689102404,2.573708362153244,125.0,15.0,7.0,103.0,137.99393656716418,2.0,13.0,4.0,3.0,2.0,17.0,5.0,79.0,0.0,0.0,0.0,12.993936567164178,47967,0,0,0,57,WEBER
333,570180,549.0,1589.751938442774,2.89572302084294,1058.0,218.0,238.0,602.0,1077.990671641791,181.0,37.0,206.0,32.0,15.0,143.0,9.0,435.0,0.0,0.0,0.0,19.99067164179105,71102,0,0,0,57,WEBER
334,570181,284.0,783.7351116393687,2.7596306747865094,1259.0,609.0,6.0,644.0,1277.9932175092683,285.0,324.0,4.0,2.0,5.0,23.0,42.0,574.0,0.0,0.0,8.997881688372823,9.995335820895525,31607,0,0,0,57,WEBER
335,570182,478.0,1201.2750784089212,2.513127779098161,842.0,365.0,7.0,470.0,858.9920708955224,43.0,322.0,7.0,0.0,7.0,80.0,38.0,345.0,0.0,0.0,0.0,16.99207089552239,50524,0,0,0,57,WEBER
336,570183,236.0,568.6681217951909,2.4096106855728427,339.0,9.0,7.0,323.0,368.9908595116759,6.0,3.0,1.0,6.0,2.0,167.0,75.0,79.0,0.0,0.0,20.995057272869918,8.99580223880597,39176,0,0,0,57,WEBER
337,570184,331.0,814.7357588241151,2.461437337837206,168.0,1.0,0.0,167.0,213.98640047448308,1.0,0.0,0.0,0.0,0.0,82.0,81.0,4.0,0.0,0.0,33.99199748940844,11.994402985074627,62358,0,0,1223,57,WEBER
338,570185,504.0,1246.807278961517,2.473823966193487,6.0,0.0,0.0,6.0,23.99160447761194,0.0,0.0,0.0,0.0,0.0,0.0,1.0,5.0,0.0,0.0,0.0,17.99160447761194,67311,0,0,0,57,WEBER
339,570186,3.0,10.656472469756558,3.552157489918853,845.0,20.0,227.0,598.0,845.0,20.0,0.0,206.0,21.0,9.0,314.0,1.0,274.0,0.0,0.0,0.0,0.0,77602,0,0,0,57,WEBER
340,570187,44.0,122.06504828993876,2.7742056429531536,3175.0,441.0,2017.0,717.0,3176.999067164179,324.0,117.0,1949.0,68.0,15.0,183.0,69.0,450.0,0.0,0.0,0.0,1.9990671641791045,28702,0,0,0,57,WEBER
341,570188,98.0,253.8177988251108,2.5899775390317425,684.0,333.0,16.0,335.0,805.9703609092463,259.0,74.0,10.0,6.0,57.0,124.0,29.0,125.0,0.0,0.0,117.97222658088812,3.998134328358209,28702,736,324,0,57,WEBER
342,570189,225.0,626.7943352665903,2.785752601184846,79.0,77.0,0.0,2.0,86.99626865671642,2.0,75.0,0.0,0.0,0.0,0.0,0.0,2.0,0.0,0.0,0.0,7.996268656716418,38613,0,0,0,57,WEBER
343,570190,168.0,438.8529117090656,2.6122197125539617,299.0,183.0,3.0,113.0,309.99602465274444,45.0,138.0,1.0,2.0,13.0,5.0,3.0,92.0,0.0,0.0,4.998823160207124,5.997201492537314,37980,0,0,0,57,WEBER
344,570191,373.0,887.3935256633644,2.379071114378993,462.0,231.0,15.0,216.0,475.9934701492537,94.0,137.0,15.0,0.0,12.0,35.0,6.0,163.0,0.0,0.0,0.0,13.993470149253731,33182,0,0,0,57,WEBER
345,570192,239.0,600.6375392044606,2.513127779098161,65.0,0.0,1.0,64.0,73.99580223880596,0.0,0.0,1.0,0.0,0.0,0.0,64.0,0.0,0.0,0.0,0.0,8.99580223880597,63799,0,0,0,57,WEBER
346,570193,453.0,1098.5854346094488,2.4251334097338826,193.0,28.0,4.0,161.0,208.99253731343285,1.0,27.0,4.0,0.0,0.0,99.0,49.0,13.0,0.0,0.0,0.0,15.992537313432836,44259,0,716,0,57,WEBER
347,570194,713.0,1664.3472457310695,2.334287862175413,367.0,229.0,2.0,136.0,401.9857548227012,228.0,1.0,0.0,2.0,0.0,27.0,2.0,107.0,0.0,0.0,8.997881688372823,25.98787313432836,44259,0,0,0,57,WEBER
348,570195,214.0,463.07216732214863,2.163888632346489,328.0,133.0,2.0,193.0,335.99626865671644,28.0,105.0,0.0,2.0,1.0,30.0,5.0,157.0,0.0,0.0,0.0,7.996268656716418,69985,0,0,0,57,WEBER
349,570196,169.0,408.8210347488425,2.419059377212086,0.0,0.0,0.0,0.0,5.997201492537314,0.0,0.0,0.0,0.0,0.0,0.0,0.0,0.0,0.0,0.0,0.0,5.997201492537314,67576,0,0,0,57,WEBER
350,570197,236.0,613.2315521232638,2.5984387801833213,47.0,3.0,0.0,44.0,55.99580223880597,3.0,0.0,0.0,0.0,0.0,1.0,0.0,43.0,0.0,0.0,0.0,8.99580223880597,44259,0,0,0,57,WEBER
351,570198,7.0,20.344174714989794,2.9063106735699704,406.0,1.0,301.0,104.0,406.0,1.0,0.0,175.0,126.0,26.0,22.0,0.0,56.0,0.0,0.0,0.0,0.0,77602,0,0,0,57,WEBER
352,570199,34.0,82.3454690844825,2.421925561308309,237.0,9.0,205.0,23.0,237.99953358208955,4.0,5.0,24.0,181.0,0.0,5.0,2.0,16.0,0.0,0.0,0.0,0.9995335820895522,28702,0,0,0,57,WEBER
353,570200,648.0,1528.7194142978044,2.359134898607723,764.0,456.0,8.0,300.0,852.9735070528418,451.0,5.0,3.0,5.0,11.0,89.0,1.0,199.0,0.0,0.0,64.98470108269261,23.98880597014925,31804,0,0,0,57,WEBER
354,570201,651.0,1635.28413899537,2.511957202757865,106.0,21.0,0.0,85.0,129.98880597014926,18.0,3.0,0.0,0.0,12.0,15.0,0.0,58.0,0.0,0.0,0.0,23.98880597014925,31804,0,0,0,57,WEBER
355,570202,33.0,71.68899661472594,2.172393836809877,87.0,39.0,28.0,20.0,87.99953358208955,39.0,0.0,11.0,17.0,0.0,9.0,0.0,11.0,0.0,0.0,0.0,0.9995335820895522,47780,0,0,0,57,WEBER
356,570203,266.0,471.79109934285856,1.7736507494092426,246.0,28.0,0.0,218.0,255.99533582089552,19.0,9.0,0.0,0.0,55.0,11.0,0.0,152.0,0.0,0.0,0.0,9.995335820895525,31804,0,0,0,57,WEBER
357,570204,49.0,133.69029098421865,2.7283732853922174,5.0,1.0,1.0,3.0,6.999067164179104,0.0,1.0,1.0,0.0,0.0,0.0,0.0,3.0,0.0,0.0,0.0,1.9990671641791045,47780,0,0,0,57,WEBER
358,570205,143.0,322.60048476626673,2.255947445917949,175.0,132.0,0.0,43.0,179.99766791044777,22.0,110.0,0.0,0.0,4.0,6.0,0.0,33.0,0.0,0.0,0.0,4.9976679104477615,31804,0,0,0,57,WEBER
359,570206,176.0,421.41504766764575,2.3944036799298054,107.0,22.0,2.0,83.0,112.99720149253731,12.0,10.0,2.0,0.0,2.0,2.0,2.0,77.0,0.0,0.0,0.0,5.997201492537314,47780,0,0,0,57,WEBER
360,570207,653.0,1496.7499968885347,2.292113318359165,5505.0,630.0,65.0,4810.0,5582.976096100386,7.0,623.0,61.0,4.0,544.0,294.0,1178.0,2794.0,0.0,0.0,53.987290130236936,23.98880597014925,30412,0,0,0,57,WEBER
361,570208,317.0,808.9231374769752,2.5518080046592275,312.0,0.0,0.0,312.0,323.9944029850746,0.0,0.0,0.0,0.0,1.0,307.0,4.0,0.0,0.0,0.0,0.0,11.994402985074627,53605,0,0,0,57,WEBER
362,570209,348.0,847.6739464579081,2.435844673729621,462.0,171.0,2.0,289.0,474.99393656716416,122.0,49.0,0.0,2.0,83.0,88.0,4.0,114.0,0.0,0.0,0.0,12.993936567164178,69985,354,0,0,57,WEBER
363,570210,253.0,587.074756061134,2.3204535812693043,0.0,0.0,0.0,0.0,8.99580223880597,0.0,0.0,0.0,0.0,0.0,0.0,0.0,0.0,0.0,0.0,0.0,8.99580223880597,57928,0,0,0,57,WEBER
364,570211,2.0,6.7813915716632645,3.390695785831632,585.0,67.0,369.0,149.0,585.0,14.0,53.0,121.0,248.0,15.0,51.0,21.0,62.0,0.0,0.0,0.0,0.0,60702,0,0,0,57,WEBER
365,570212,1.0,1.0,1.0,530.0,2.0,232.0,296.0,531.0043072505384,1.0,1.0,24.0,208.0,11.0,94.0,0.0,191.0,1.0043072505384063,0.0,0.0,0.0,49643,0,0,0,57,WEBER
366,570213,146.0,323.56925499079006,2.216227773909521,1105.0,2.0,352.0,751.0,1109.9976679104477,1.0,1.0,209.0,143.0,7.0,27.0,0.0,717.0,0.0,0.0,0.0,4.9976679104477615,49643,0,0,0,57,WEBER
367,570214,6.0,25.18802583760641,4.198004306267735,122.0,10.0,33.0,79.0,122.0,9.0,1.0,29.0,4.0,1.0,11.0,0.0,67.0,0.0,0.0,0.0,0.0,31804,0,0,0,57,WEBER
368,570215,613.0,1416.342068253099,2.3105090836102757,354.0,144.0,5.0,205.0,697.9139503233089,138.0,6.0,3.0,2.0,24.0,3.0,23.0,155.0,0.0,0.0,321.9242115173388,21.98973880597015,31804,0,0,0,57,WEBER
369,570216,1031.0,2684.462292154129,2.6037461611582247,1039.0,67.0,28.0,944.0,1075.9827425373135,2.0,65.0,20.0,8.0,166.0,14.0,17.0,747.0,0.0,0.0,0.0,36.98274253731344,31804,0,0,0,57,WEBER
370,570217,205.0,497.9478954049883,2.429014123926772,568.0,130.0,13.0,425.0,1019.8919963330608,86.0,44.0,2.0,11.0,59.0,22.0,4.0,340.0,0.0,0.0,444.895261258434,6.996735074626866,31804,0,0,0,57,WEBER
371,570218,774.0,1879.414235575248,2.428183766893085,843.0,23.0,33.0,787.0,1034.9483399533012,11.0,12.0,27.0,6.0,78.0,29.0,26.0,654.0,0.0,0.0,163.96139965479367,27.986940298507463,31804,0,0,0,57,WEBER
372,570219,320.0,604.5126201025539,1.889101937820481,1164.0,200.0,1.0,963.0,1175.9944029850747,162.0,38.0,0.0,1.0,133.0,466.0,1.0,363.0,0.0,0.0,0.0,11.994402985074627,31804,747,293,229,57,WEBER
373,570220,459.0,1010.4273441778264,2.2013667629146543,1955.0,168.0,28.0,1759.0,2222.93299353792,41.0,127.0,28.0,0.0,655.0,238.0,84.0,782.0,0.0,0.0,250.94092264239762,16.99207089552239,31804,0,0,0,57,WEBER
374,570221,382.0,840.8925548862449,2.201289410696976,16.0,2.0,0.0,14.0,29.99347014925373,0.0,2.0,0.0,0.0,4.0,0.0,0.0,10.0,0.0,0.0,0.0,13.993470149253731,31804,0,0,0,57,WEBER
375,570222,473.0,1032.709059341863,2.183317250194213,915.0,56.0,1.0,858.0,1256.9155763089855,18.0,38.0,1.0,0.0,226.0,296.0,117.0,219.0,0.0,0.0,324.92350541346303,16.99207089552239,30513,0,0,0,57,WEBER
376,570223,507.0,1233.244495818191,2.4324349029944594,73.0,18.0,0.0,55.0,210.9633603225829,13.0,5.0,0.0,0.0,2.0,4.0,1.0,48.0,0.0,0.0,119.97175584497097,17.99160447761194,30591,0,0,0,57,WEBER
377,570224,670.0,1457.030417683079,2.174672265198625,327.0,0.0,5.0,322.0,350.98880597014926,0.0,0.0,0.0,5.0,44.0,10.0,161.0,107.0,0.0,0.0,0.0,23.98880597014925,21759,0,0,0,57,WEBER
378,570225,322.0,668.4514549210933,2.075936195407122,343.0,2.0,15.0,326.0,354.9944029850746,1.0,1.0,1.0,14.0,10.0,116.0,43.0,157.0,0.0,0.0,0.0,11.994402985074627,30412,707,0,0,57,WEBER
379,570226,732.0,1696.3166631403394,2.317372490628879,30.0,1.0,1.0,28.0,56.98740671641791,0.0,1.0,0.0,1.0,9.0,1.0,3.0,15.0,0.0,0.0,0.0,26.98740671641791,32903,0,0,0,57,WEBER
380,570227,467.0,1121.8359199980086,2.4022182441070847,35.0,2.0,0.0,33.0,51.99207089552239,2.0,0.0,0.0,0.0,1.0,17.0,2.0,13.0,0.0,0.0,0.0,16.99207089552239,53605,0,0,0,57,WEBER
381,570228,377.0,793.422813884602,2.1045697981023923,30.0,19.0,1.0,10.0,43.99347014925373,19.0,0.0,0.0,1.0,7.0,0.0,2.0,1.0,0.0,0.0,0.0,13.993470149253731,60224,0,0,0,57,WEBER
382,570229,157.0,379.7579280131428,2.418840305816196,0.0,0.0,0.0,0.0,5.997201492537314,0.0,0.0,0.0,0.0,0.0,0.0,0.0,0.0,0.0,0.0,0.0,5.997201492537314,57928,0,0,0,57,WEBER
383,570230,1.0,1.0,1.0,2438.0,102.0,1548.0,788.0,2438.0,87.0,15.0,1299.0,249.0,705.0,33.0,28.0,22.0,0.0,0.0,0.0,0.0,49643,0,0,0,57,WEBER
384,570231,6.0,12.594012918803204,2.0990021531338674,936.0,13.0,536.0,387.0,936.0,13.0,0.0,341.0,195.0,52.0,82.0,109.0,144.0,0.0,0.0,0.0,0.0,49643,0,0,0,57,WEBER
385,570232,8.0,18.406634265943147,2.3008292832428934,702.0,15.0,566.0,121.0,703.0043072505384,15.0,0.0,211.0,355.0,9.0,50.0,2.0,60.0,1.0043072505384063,0.0,0.0,0.0,49643,0,0,0,57,WEBER
386,570233,8.0,24.21925561308309,3.027406951635386,716.0,6.0,619.0,91.0,716.0,5.0,1.0,189.0,430.0,1.0,39.0,0.0,51.0,0.0,0.0,0.0,0.0,49643,0,0,0,57,WEBER
387,570234,842.0,2105.137697889182,2.500163536685489,356.0,6.0,214.0,136.0,473.9650640323801,3.0,3.0,156.0,58.0,20.0,11.0,11.0,94.0,0.0,0.0,86.97952298760396,30.98554104477612,49643,0,0,0,57,WEBER
388,570235,0.0,0.0,0.0,51.0,2.0,33.0,16.0,51.0,2.0,0.0,5.0,28.0,2.0,1.0,1.0,12.0,0.0,0.0,0.0,0.0,31804,0,0,0,57,WEBER
389,570236,820.0,2075.105820928959,2.5306168547914134,418.0,60.0,33.0,325.0,1064.8407854322456,4.0,56.0,30.0,3.0,122.0,3.0,66.0,134.0,0.0,0.0,616.8547779695591,29.986007462686565,36446,0,0,0,57,WEBER
390,570237,879.0,2320.20468773336,2.639595776715995,1038.0,155.0,44.0,839.0,1597.860800344738,23.0,132.0,10.0,34.0,469.0,35.0,96.0,239.0,0.0,0.0,527.8757257178722,31.98507462686567,31804,0,0,0,57,WEBER
391,570238,518.0,1361.1221654552696,2.627648968060366,309.0,0.0,0.0,309.0,409.97183788709833,0.0,0.0,0.0,0.0,16.0,265.0,3.0,25.0,0.0,0.0,81.98069982739683,18.99113805970149,35436,0,0,0,57,WEBER
392,570239,392.0,1017.2087357494896,2.5949202442589026,1288.0,291.0,19.0,978.0,1681.9040303249951,16.0,275.0,16.0,3.0,399.0,126.0,75.0,378.0,0.0,0.0,379.9105601757414,13.993470149253731,31804,0,0,0,57,WEBER
393,570240,969.0,2349.2677944690595,2.4244249684923216,614.0,40.0,1.0,573.0,777.9533129064781,9.0,31.0,1.0,0.0,338.0,6.0,10.0,219.0,0.0,0.0,128.96963753334379,34.983675373134325,27413,0,0,0,57,WEBER
394,570241,255.0,641.3258886344402,2.5150034848409417,4221.0,87.0,2.0,4132.0,4229.995802238806,3.0,84.0,1.0,1.0,601.0,3427.0,11.0,93.0,0.0,0.0,0.0,8.99580223880597,31804,0,0,0,57,WEBER
395,570242,613.0,1513.2190907054314,2.4685466406287624,453.0,19.0,7.0,427.0,499.98385460700575,9.0,10.0,1.0,6.0,93.0,41.0,8.0,285.0,0.0,0.0,24.99411580103562,21.98973880597015,26719,0,0,0,57,WEBER
396,570243,764.0,1706.973135610096,2.234258030903267,1813.0,167.0,3.0,1643.0,2638.7991166675642,13.0,154.0,3.0,0.0,862.0,496.0,44.0,241.0,0.0,0.0,797.8121763690569,27.986940298507463,31804,0,0,0,57,WEBER
397,570244,699.0,1624.6276665256134,2.324216976431493,181.0,2.0,4.0,175.0,205.9883395522388,1.0,1.0,1.0,3.0,26.0,2.0,85.0,62.0,0.0,0.0,0.0,24.98833955223881,32440,0,0,0,57,WEBER
398,570245,902.0,2062.511808010156,2.2865984567740085,601.0,39.0,4.0,558.0,633.9846082089553,2.0,37.0,3.0,1.0,381.0,56.0,33.0,88.0,0.0,0.0,0.0,32.98460820895522,25250,426,0,0,57,WEBER
399,570246,547.0,1278.776696370787,2.3378001761805978,125.0,106.0,2.0,17.0,144.99067164179104,104.0,2.0,1.0,1.0,2.0,2.0,0.0,13.0,0.0,0.0,0.0,19.99067164179105,54074,0,0,0,57,WEBER
400,570247,474.0,1088.8977323642157,2.297252599924505,510.0,27.0,16.0,467.0,526.9920708955224,25.0,2.0,13.0,3.0,52.0,208.0,7.0,200.0,0.0,0.0,0.0,16.99207089552239,32208,0,0,0,57,WEBER
401,570248,312.0,815.7045290486384,2.6144375931046104,94.0,16.0,6.0,72.0,104.99486940298507,0.0,16.0,1.0,5.0,15.0,37.0,0.0,20.0,0.0,0.0,0.0,10.994869402985074,83523,666,0,0,57,WEBER
402,570249,381.0,889.331066112411,2.3342022732609213,41.0,1.0,0.0,40.0,54.99347014925373,0.0,1.0,0.0,0.0,0.0,0.0,23.0,17.0,0.0,0.0,0.0,13.993470149253731,62434,0,0,0,57,WEBER
403,570250,225.0,541.5425555085378,2.4068558022601683,0.0,0.0,0.0,0.0,7.996268656716418,0.0,0.0,0.0,0.0,0.0,0.0,0.0,0.0,0.0,0.0,0.0,7.996268656716418,80777,0,0,0,57,WEBER
404,570251,197.0,496.97912518046496,2.5227366760429693,0.0,0.0,0.0,0.0,19.99367529116539,0.0,0.0,0.0,0.0,0.0,0.0,0.0,0.0,0.0,0.0,12.99694021653852,6.996735074626866,88144,0,0,0,57,WEBER
405,570252,10.0,22.28171516403644,2.228171516403644,1215.0,50.0,410.0,755.0,1215.0,50.0,0.0,151.0,259.0,80.0,131.0,1.0,543.0,0.0,0.0,0.0,0.0,49643,0,0,0,57,WEBER
406,570253,2.0,9.687702245233234,4.843851122616617,150.0,21.0,35.0,94.0,151.0043072505384,21.0,0.0,19.0,16.0,3.0,10.0,17.0,64.0,1.0043072505384063,0.0,0.0,0.0,49643,0,0,0,57,WEBER
407,570254,0.0,0.0,0.0,295.0,102.0,103.0,90.0,295.0,102.0,0.0,42.0,61.0,7.0,18.0,1.0,64.0,0.0,0.0,0.0,0.0,49643,0,0,0,57,WEBER
408,570255,0.0,0.0,0.0,286.0,1.0,280.0,5.0,286.0,1.0,0.0,1.0,279.0,0.0,3.0,0.0,2.0,0.0,0.0,0.0,0.0,49643,0,0,0,57,WEBER
409,570256,230.0,555.1053386518644,2.4135014723994104,1119.0,132.0,806.0,181.0,1126.9962686567164,124.0,8.0,309.0,497.0,15.0,46.0,3.0,117.0,0.0,0.0,0.0,7.996268656716418,38386,0,0,0,57,WEBER
410,570257,812.0,1977.2600282521032,2.4350492958769743,160.0,24.0,3.0,133.0,364.9450491198878,21.0,3.0,3.0,0.0,12.0,3.0,20.0,98.0,0.0,0.0,175.95857523929075,28.98647388059701,38386,0,0,0,57,WEBER
411,570258,1563.0,3933.2071115646936,2.5164472882691578,862.0,147.0,35.0,680.0,1470.843491065971,104.0,43.0,14.0,21.0,370.0,2.0,32.0,276.0,0.0,0.0,551.8700768868664,56.97341417910448,38386,0,0,0,57,WEBER
412,570259,322.0,841.8613251107681,2.6144761649402737,960.0,47.0,0.0,913.0,1719.8183477520604,30.0,17.0,0.0,0.0,54.0,4.0,75.0,780.0,0.0,0.0,747.8239447669857,11.994402985074627,26382,0,0,0,57,WEBER
413,570260,614.0,1537.4383463185145,2.5039712480757563,506.0,129.0,4.0,373.0,758.9353688075394,65.0,64.0,0.0,4.0,249.0,6.0,3.0,115.0,0.0,0.0,230.94563000156913,21.98973880597015,26382,0,0,0,57,WEBER
414,570261,206.0,592.887377408274,2.878094065088709,156.0,31.0,20.0,105.0,162.99673507462686,2.0,29.0,0.0,20.0,24.0,15.0,6.0,60.0,0.0,0.0,0.0,6.996735074626866,26382,0,0,251,57,WEBER
415,570262,405.0,1176.0870525713146,2.903918648324234,59.0,1.0,0.0,58.0,73.99300373134328,0.0,1.0,0.0,0.0,0.0,1.0,0.0,57.0,0.0,0.0,0.0,14.993003731343284,34285,0,0,0,57,WEBER
416,570263,432.0,1214.8378615522477,2.812124679519092,15.0,6.0,1.0,8.0,30.992537313432834,5.0,1.0,0.0,1.0,0.0,1.0,4.0,3.0,0.0,0.0,0.0,15.992537313432836,30060,0,0,0,57,WEBER
417,570264,402.0,1066.6160172001792,2.653273674627312,421.0,120.0,1.0,300.0,435.99300373134326,77.0,43.0,0.0,1.0,42.0,27.0,195.0,36.0,0.0,0.0,0.0,14.993003731343284,49860,0,0,0,57,WEBER
418,570265,414.0,1143.1488649375217,2.7612291423611635,104.0,5.0,0.0,99.0,118.99300373134328,5.0,0.0,0.0,0.0,1.0,2.0,27.0,69.0,0.0,0.0,0.0,14.993003731343284,56499,0,0,0,57,WEBER
419,570266,506.0,1165.4305801015582,2.303222490319285,10.0,0.0,0.0,10.0,27.99160447761194,0.0,0.0,0.0,0.0,1.0,0.0,6.0,3.0,0.0,0.0,0.0,17.99160447761194,30663,0,0,0,57,WEBER
420,570267,147.0,336.16326790959323,2.2868249517659405,0.0,0.0,0.0,0.0,4.9976679104477615,0.0,0.0,0.0,0.0,0.0,0.0,0.0,0.0,0.0,0.0,0.0,4.9976679104477615,83523,0,0,1205,57,WEBER
421,570268,106.0,231.53608366107431,2.1843026760478708,8.0,0.0,1.0,7.0,11.998134328358208,0.0,0.0,0.0,1.0,2.0,1.0,0.0,4.0,0.0,0.0,0.0,3.998134328358209,74368,0,0,0,57,WEBER
422,570269,128.0,253.8177988251108,1.982951553321178,3242.0,20.0,3143.0,79.0,3246.997667910448,16.0,4.0,3082.0,61.0,16.0,31.0,20.0,12.0,0.0,0.0,0.0,4.9976679104477615,49643,0,0,0,57,WEBER
423,570270,72.0,164.690938168965,2.287374141235625,484.0,84.0,136.0,264.0,537.9865969803813,84.0,0.0,8.0,128.0,8.0,11.0,17.0,228.0,0.0,0.0,50.987996234112664,2.998600746268657,36574,0,0,0,57,WEBER
424,570271,21.0,34.87572808283964,1.6607489563256972,1266.0,221.0,196.0,849.0,1406.966582067889,209.0,12.0,128.0,68.0,27.0,151.0,94.0,577.0,0.0,0.0,139.96704848579947,0.9995335820895522,36574,0,0,0,57,WEBER
425,570272,300.0,752.7344644546224,2.509114881515408,485.0,137.0,6.0,342.0,1015.8724780645259,111.0,26.0,3.0,3.0,34.0,19.0,76.0,213.0,0.0,0.0,519.8776086615409,10.994869402985074,36574,0,0,0,57,WEBER
426,570273,263.0,676.2016167172798,2.571108808810949,916.0,84.0,87.0,745.0,976.9833320550082,84.0,0.0,24.0,63.0,7.0,7.0,166.0,565.0,0.0,0.0,50.987996234112664,9.995335820895525,36574,0,0,0,57,WEBER
427,570274,111.0,270.2868926420073,2.435017050828894,732.0,91.0,0.0,641.0,779.9877781381809,59.0,32.0,0.0,0.0,78.0,64.0,39.0,460.0,0.0,0.0,43.98964380982269,3.998134328358209,36641,551,0,0,57,WEBER
428,570275,99.0,244.13009657987752,2.4659605715139143,360.0,21.0,0.0,339.0,541.9562388317318,14.0,7.0,0.0,0.0,10.0,25.0,11.0,293.0,0.0,0.0,177.9581045033736,3.998134328358209,36641,0,0,0,57,WEBER
429,570276,131.0,357.4762128491064,2.728826052283255,495.0,156.0,8.0,331.0,499.9976679104478,129.0,27.0,3.0,5.0,9.0,18.0,16.0,288.0,0.0,0.0,0.0,4.9976679104477615,36641,0,0,0,57,WEBER
430,570277,399.0,1179.962133469408,2.9572985801238296,1.0,0.0,0.0,1.0,14.993470149253731,0.0,0.0,0.0,0.0,0.0,0.0,0.0,1.0,0.0,0.0,0.0,13.993470149253731,46361,0,0,0,57,WEBER
431,570278,235.0,726.5776683924927,3.0918198654999687,47.0,0.0,1.0,46.0,55.99580223880597,0.0,0.0,1.0,0.0,0.0,26.0,0.0,20.0,0.0,0.0,0.0,8.99580223880597,37492,494,0,0,57,WEBER
432,570279,847.0,2099.325076542042,2.4785420030012304,427.0,36.0,2.0,389.0,457.98554104477614,4.0,32.0,2.0,0.0,8.0,5.0,335.0,41.0,0.0,0.0,0.0,30.98554104477612,58206,0,0,0,57,WEBER
433,570280,362.0,873.8307425200378,2.4138970787846348,256.0,4.0,0.0,252.0,268.99393656716416,4.0,0.0,0.0,0.0,10.0,88.0,130.0,24.0,0.0,0.0,0.0,12.993936567164178,74486,0,871,0,57,WEBER
434,570281,64.0,130.78398031064867,2.043499692353885,4008.0,1078.0,83.0,2847.0,4009.999067164179,558.0,520.0,36.0,47.0,447.0,773.0,262.0,1365.0,0.0,0.0,0.0,1.9990671641791045,51729,0,0,0,57,WEBER
435,570282,92.0,267.3805819684373,2.9063106735699704,324.0,6.0,4.0,314.0,352.9924811793457,4.0,2.0,3.0,1.0,12.0,14.0,12.0,276.0,0.0,0.0,25.99388043307704,2.998600746268657,36641,0,0,0,57,WEBER
436,570283,488.0,1221.619253123911,2.5033181416473584,508.0,54.0,1.0,453.0,626.9678323137958,11.0,43.0,1.0,0.0,158.0,34.0,120.0,141.0,0.0,0.0,100.9762278361839,17.99160447761194,56636,0,0,0,57,WEBER
437,570284,222.0,523.1359212425947,2.3564681137053816,3026.0,79.0,34.0,2913.0,3036.9955625528405,13.0,66.0,1.0,33.0,6.0,2782.0,47.0,78.0,0.0,0.0,2.999293896124274,7.996268656716418,96760,33,0,0,57,WEBER
438,570285,176.0,427.2276690147857,2.427429937584009,0.0,0.0,0.0,0.0,5.997201492537314,0.0,0.0,0.0,0.0,0.0,0.0,0.0,0.0,0.0,0.0,0.0,5.997201492537314,109652,0,0,0,57,WEBER
439,570286,268.0,618.0754032458804,2.3062515046488072,1962.0,14.0,11.0,1937.0,1971.9953358208954,0.0,14.0,3.0,8.0,213.0,201.0,630.0,893.0,0.0,0.0,0.0,9.995335820895525,64041,0,0,0,57,WEBER
440,570287,365.0,942.6134284611936,2.582502543729298,4096.0,217.0,0.0,3879.0,4108.993936567164,163.0,54.0,0.0,0.0,103.0,49.0,3429.0,298.0,0.0,0.0,0.0,12.993936567164178,76085,0,0,0,57,WEBER
441,570288,303.0,717.8587363717827,2.369170747101593,425.0,126.0,17.0,282.0,435.99486940298505,17.0,109.0,1.0,16.0,18.0,38.0,139.0,87.0,0.0,0.0,0.0,10.994869402985074,85639,0,0,0,57,WEBER
442,570289,255.0,695.5770212077463,2.727753024344103,405.0,47.0,0.0,358.0,413.995802238806,1.0,46.0,0.0,0.0,38.0,1.0,13.0,306.0,0.0,0.0,0.0,8.99580223880597,79597,0,0,0,57,WEBER
443,570290,477.0,1210.9627806541544,2.538706039107242,664.0,118.0,3.0,543.0,680.9920708955224,7.0,111.0,3.0,0.0,6.0,49.0,398.0,90.0,0.0,0.0,0.0,16.99207089552239,92070,630,0,0,57,WEBER
444,570291,446.0,1149.930256509185,2.578318960782926,0.0,0.0,0.0,0.0,15.992537313432836,0.0,0.0,0.0,0.0,0.0,0.0,0.0,0.0,0.0,0.0,0.0,15.992537313432836,106185,0,0,0,57,WEBER
445,570292,180.0,463.07216732214863,2.5726231517897147,0.0,0.0,0.0,0.0,6.996735074626866,0.0,0.0,0.0,0.0,0.0,0.0,0.0,0.0,0.0,0.0,0.0,6.996735074626866,109367,0,0,0,57,WEBER
446,570293,324.0,870.9244318464679,2.688038369896506,175.0,58.0,0.0,117.0,186.99440298507463,2.0,56.0,0.0,0.0,2.0,0.0,75.0,40.0,0.0,0.0,0.0,11.994402985074627,127550,0,0,0,57,WEBER
447,570294,160.0,462.1033970976253,2.888146231860158,2131.0,187.0,383.0,1561.0,2496.9306395014382,187.0,0.0,344.0,39.0,115.0,356.0,1.0,1089.0,4.017229002153625,0.0,355.9162090067472,5.997201492537314,60702,0,0,0,57,WEBER
448,570295,534.0,1304.9334924329169,2.4436956787133277,734.0,87.0,383.0,264.0,906.9594340125778,25.0,62.0,36.0,347.0,10.0,33.0,8.0,213.0,1.0043072505384063,0.0,152.96398870233799,18.99113805970149,60702,0,0,0,57,WEBER
449,570296,264.0,804.0792863543585,3.0457548725543884,0.0,0.0,0.0,0.0,14.01256482304915,0.0,0.0,0.0,0.0,0.0,0.0,0.0,0.0,4.017229002153625,0.0,0.0,9.995335820895525,88528,0,0,0,57,WEBER
450,570297,462.0,1178.0245930203614,2.5498367814293537,698.0,16.0,552.0,130.0,721.0179143987529,2.0,14.0,38.0,514.0,2.0,91.0,0.0,37.0,6.025843503230438,0.0,0.0,16.99207089552239,60702,0,0,0,57,WEBER
451,570298,249.0,620.9817139194504,2.493902465539961,721.0,230.0,112.0,379.0,760.9885058320901,96.0,134.0,3.0,109.0,6.0,84.0,2.0,287.0,0.0,0.0,30.992703593284165,8.99580223880597,60702,0,0,0,57,WEBER
452,570299,54.0,146.28430390302185,2.708968590796701,0.0,0.0,0.0,0.0,13.046446920101571,0.0,0.0,0.0,0.0,0.0,0.0,0.0,0.0,11.047379755922467,0.0,0.0,1.9990671641791045,88528,0,0,0,57,WEBER
453,570300,346.0,1027.865208219246,2.970708694275278,498.0,81.0,239.0,178.0,515.0111655693178,60.0,21.0,165.0,74.0,10.0,71.0,0.0,97.0,4.017229002153625,0.0,0.0,12.993936567164178,60702,0,0,0,57,WEBER
454,570301,352.0,863.1742700502813,2.4521996308246625,182.0,11.0,123.0,48.0,194.99393656716418,0.0,11.0,120.0,3.0,0.0,24.0,0.0,24.0,0.0,0.0,0.0,12.993936567164178,60702,0,0,0,57,WEBER
455,570302,705.0,1867.788992880968,2.649346089192862,688.0,150.0,46.0,492.0,746.9846486101924,78.0,72.0,14.0,32.0,4.0,78.0,6.0,404.0,1.0043072505384063,0.0,31.99246822532559,25.98787313432836,60702,0,0,0,57,WEBER
456,570303,140.0,403.9771836262259,2.8855513116158997,0.0,0.0,0.0,0.0,12.027818664216605,0.0,0.0,0.0,0.0,0.0,0.0,0.0,0.0,7.030150753768844,0.0,0.0,4.9976679104477615,95539,0,0,0,57,WEBER
457,570304,127.0,363.2888341962464,2.8605420015452467,816.0,72.0,397.0,347.0,831.0407404158318,37.0,35.0,303.0,94.0,61.0,135.0,6.0,145.0,10.043072505384064,0.0,0.0,4.9976679104477615,60702,0,0,0,57,WEBER
458,570305,108.0,313.8815527455568,2.9063106735699704,0.0,0.0,0.0,0.0,12.032592332665459,0.0,0.0,0.0,0.0,0.0,0.0,0.0,0.0,8.03445800430725,0.0,0.0,3.998134328358209,95539,865,0,0,57,WEBER
459,570306,374.0,1027.865208219246,2.7483026957733854,670.0,20.0,254.0,396.0,712.1193136524843,20.0,0.0,63.0,191.0,46.0,76.0,2.0,272.0,6.025843503230438,22.1,0.0,13.993470149253731,60702,0,0,0,57,WEBER
460,570307,362.0,1044.3343020361428,2.8849013868401734,299.0,17.0,4.0,278.0,311.99393656716416,0.0,17.0,2.0,2.0,14.0,128.0,4.0,132.0,0.0,0.0,0.0,12.993936567164178,95539,785,215,0,57,WEBER
461,570308,81.0,249.94271792701747,3.085712567000216,3.0,2.0,0.0,1.0,18.05028775272953,1.0,1.0,0.0,0.0,0.0,0.0,0.0,1.0,12.051687006460876,0.0,0.0,2.998600746268657,95539,0,0,0,57,WEBER
462,570309,388.0,1115.054528426345,2.873851877387488,9.0,0.0,0.0,9.0,29.01931365248417,0.0,0.0,0.0,0.0,3.0,0.0,3.0,3.0,6.025843503230438,0.0,0.0,13.993470149253731,95539,0,0,0,57,WEBER
463,570310,47.0,126.9088994125554,2.700189349203306,9.0,0.0,0.0,9.0,20.037832419024763,0.0,0.0,0.0,0.0,0.0,0.0,0.0,9.0,9.038765254845655,0.0,0.0,1.9990671641791045,95539,0,0,0,57,WEBER
464,570311,173.0,444.6655330562055,2.5703210003248875,368.0,9.0,27.0,332.0,377.01012324415257,0.0,9.0,1.0,26.0,4.0,37.0,269.0,22.0,3.012921751615219,0.0,0.0,5.997201492537314,60702,0,0,0,57,WEBER
465,570312,785.0,2098.356306317519,2.6730653583662662,128.0,4.0,27.0,97.0,158.99986205012266,3.0,1.0,2.0,25.0,28.0,4.0,0.0,65.0,3.012921751615219,0.0,0.0,27.986940298507463,67067,0,0,0,57,WEBER
466,570313,141.0,417.5399667695525,2.961276360067748,20.0,12.0,0.0,8.0,42.01637974763689,12.0,0.0,0.0,0.0,1.0,1.0,2.0,4.0,5.021536252692032,0.0,11.997175584497096,4.9976679104477615,95539,0,0,0,57,WEBER
467,570314,598.0,1244.8697385124708,2.0817219707566403,0.0,0.0,0.0,0.0,23.998353307046962,0.0,0.0,0.0,0.0,0.0,0.0,0.0,0.0,2.0086145010768126,0.0,0.0,21.98973880597015,74477,0,0,0,57,WEBER
468,570315,302.0,744.0155324339124,2.463627590840769,12.0,0.0,2.0,10.0,46.99376319047625,0.0,0.0,2.0,0.0,3.0,0.0,5.0,2.0,1.0043072505384063,0.0,22.99458653695277,10.994869402985074,74477,0,0,0,57,WEBER
469,570316,309.0,983.3017778911734,3.182206400942309,0.0,0.0,0.0,0.0,13.003483904061888,0.0,0.0,0.0,0.0,0.0,0.0,0.0,0.0,2.0086145010768126,0.0,0.0,10.994869402985074,102334,0,0,0,57,WEBER
470,570317,215.0,624.8567948175437,2.9063106735699704,222.0,3.0,4.0,215.0,229.9962686567164,2.0,1.0,2.0,2.0,0.0,197.0,0.0,18.0,0.0,0.0,0.0,7.996268656716418,102334,691,1078,0,57,WEBER
471,570318,148.0,424.32135834121567,2.867036205008214,4.0,0.0,0.0,4.0,10.001975160986168,0.0,0.0,0.0,0.0,0.0,4.0,0.0,0.0,1.0043072505384063,0.0,0.0,4.9976679104477615,74477,611,0,0,57,WEBER
472,570319,477.0,1336.9029098421863,2.8027314671743957,44.0,0.0,10.0,34.0,71.99402446647504,0.0,0.0,0.0,10.0,0.0,2.0,11.0,21.0,1.0043072505384063,0.0,9.997646320414248,16.99207089552239,74477,0,0,0,57,WEBER
473,570320,724.0,1876.5079249016776,2.591861774726074,292.0,58.0,9.0,225.0,321.0007948859436,23.0,35.0,7.0,2.0,32.0,12.0,91.0,90.0,3.012921751615219,0.0,0.0,25.98787313432836,74477,0,0,0,57,WEBER
474,570321,132.0,379.7579280131428,2.8769540000995666,1.0,0.0,0.0,1.0,5.9976679104477615,0.0,0.0,0.0,0.0,0.0,0.0,0.0,1.0,0.0,0.0,0.0,4.9976679104477615,74477,0,0,0,57,WEBER
475,570322,213.0,634.5444970627769,2.9790821458346337,0.0,0.0,0.0,0.0,33.10394992017658,0.0,0.0,0.0,0.0,0.0,0.0,0.0,0.0,25.10768126346016,0.0,0.0,7.996268656716418,94980,0,0,0,57,WEBER
476,570323,45.0,117.22119716732216,2.6049154926071587,0.0,0.0,0.0,0.0,22.085212174947234,0.0,0.0,0.0,0.0,0.0,0.0,0.0,0.0,20.086145010768128,0.0,0.0,1.9990671641791045,94980,0,0,0,57,WEBER
477,570324,106.0,338.1008083586399,3.1896302675343384,0.0,0.0,0.0,0.0,18.058435835895896,0.0,0.0,0.0,0.0,0.0,0.0,0.0,0.0,14.060301507537687,0.0,0.0,3.998134328358209,94980,0,0,0,57,WEBER
478,570325,35.0,96.87702245233235,2.767914927209496,0.0,0.0,0.0,0.0,11.042606087473617,0.0,0.0,0.0,0.0,0.0,0.0,0.0,0.0,10.043072505384064,0.0,0.0,0.9995335820895522,94980,0,0,0,57,WEBER
479,570326,111.0,354.5699021755364,3.1943234430228507,35.0,6.0,0.0,29.0,44.01967058105024,6.0,0.0,0.0,0.0,13.0,16.0,0.0,0.0,5.021536252692032,0.0,0.0,3.998134328358209,94980,0,0,0,57,WEBER
480,570327,121.0,366.19514486981626,3.026406155948895,59.0,0.0,15.0,44.0,67.01536333051183,0.0,0.0,1.0,14.0,6.0,2.0,30.0,6.0,4.017229002153625,0.0,0.0,3.998134328358209,94980,0,0,0,57,WEBER
481,570328,97.0,302.25631005127696,3.116044433518319,4.0,0.0,0.0,4.0,11.011056079973427,0.0,0.0,0.0,0.0,3.0,0.0,0.0,1.0,3.012921751615219,0.0,0.0,3.998134328358209,94980,0,0,0,57,WEBER
482,570329,59.0,211.1919089460845,3.579523880442111,0.0,0.0,0.0,0.0,7.020603416871136,0.0,0.0,0.0,0.0,0.0,0.0,0.0,0.0,5.021536252692032,0.0,0.0,1.9990671641791045,94980,0,0,0,57,WEBER
483,570330,113.0,328.4131061134067,2.906310673569971,0.0,0.0,0.0,0.0,7.011056079973428,0.0,0.0,0.0,0.0,0.0,0.0,0.0,0.0,3.012921751615219,0.0,0.0,3.998134328358209,94980,0,0,0,57,WEBER
484,570331,234.0,754.6720049036691,3.225094038049868,0.0,0.0,0.0,0.0,12.013497658870044,0.0,0.0,0.0,0.0,0.0,0.0,0.0,0.0,4.017229002153625,0.0,0.0,7.996268656716418,102334,0,0,0,57,WEBER
485,570332,248.0,777.9224902922288,3.1367842350493094,0.0,0.0,0.0,0.0,13.013031240959595,0.0,0.0,0.0,0.0,0.0,0.0,0.0,0.0,4.017229002153625,0.0,0.0,8.99580223880597,102334,0,0,0,57,WEBER
486,570333,80.0,258.66164994772737,3.2332706243465923,0.0,0.0,0.0,0.0,24.08905300757519,0.0,0.0,0.0,0.0,0.0,0.0,0.0,0.0,21.09045226130653,0.0,0.0,2.998600746268657,94145,0,0,0,57,WEBER
487,570334,107.0,323.56925499079006,3.0240117288858883,0.0,0.0,0.0,0.0,16.049821334819086,0.0,0.0,0.0,0.0,0.0,0.0,0.0,0.0,12.051687006460876,0.0,0.0,3.998134328358209,93962,0,0,0,57,WEBER
488,570335,97.0,310.0064718474635,3.1959430087367373,0.0,0.0,0.0,0.0,27.056317524268717,0.0,0.0,0.0,0.0,0.0,0.0,0.0,0.0,14.060301507537687,0.0,8.997881688372823,3.998134328358209,93962,0,0,0,57,WEBER
489,570336,168.0,519.2608403445014,3.090838335383937,67.0,42.0,12.0,13.0,74.00150874307572,38.0,4.0,5.0,7.0,3.0,5.0,0.0,5.0,1.0043072505384063,0.0,0.0,5.997201492537314,93962,0,0,0,57,WEBER
490,570337,105.0,350.6948212774431,3.339950678832792,97.0,2.0,32.0,63.0,102.00244157889661,2.0,0.0,25.0,7.0,2.0,55.0,0.0,6.0,1.0043072505384063,0.0,0.0,3.998134328358209,93962,668,0,0,57,WEBER
491,570338,58.0,155.97200614825508,2.689172519797501,154.0,80.0,39.0,35.0,161.02060341687115,65.0,15.0,39.0,0.0,3.0,12.0,14.0,6.0,5.021536252692032,0.0,0.0,1.9990671641791045,93962,0,0,0,57,WEBER
492,570339,162.0,508.60436787474487,3.139533135029289,10.0,0.0,0.0,10.0,18.005815993614128,0.0,0.0,0.0,0.0,3.0,0.0,0.0,7.0,2.0086145010768126,0.0,0.0,5.997201492537314,93962,0,0,0,57,WEBER
493,570340,81.0,205.3792875989446,2.535546760480797,240.0,164.0,37.0,39.0,252.03736600111432,156.0,8.0,9.0,28.0,5.0,20.0,0.0,14.0,9.038765254845655,0.0,0.0,2.998600746268657,93962,0,0,0,57,WEBER
494,570341,65.0,214.0982196196545,3.2938187633793,35.0,3.0,18.0,14.0,46.03783241902476,1.0,2.0,18.0,0.0,1.0,4.0,7.0,2.0,9.038765254845655,0.0,0.0,1.9990671641791045,93962,0,0,0,57,WEBER
495,570342,94.0,270.2868926420073,2.875392474914971,0.0,0.0,0.0,0.0,9.024444249499094,0.0,0.0,0.0,0.0,0.0,0.0,0.0,0.0,6.025843503230438,0.0,0.0,2.998600746268657,102334,0,0,0,57,WEBER
496,570343,371.0,1158.649188529895,3.1230436348514687,0.0,0.0,0.0,0.0,15.00255106824099,0.0,0.0,0.0,0.0,0.0,0.0,0.0,0.0,2.0086145010768126,0.0,0.0,12.993936567164178,102334,842,0,0,57,WEBER
497,570344,648.0,1749.5990254891224,2.699998496125189,43.0,14.0,7.0,22.0,67.99311322068766,14.0,0.0,0.0,7.0,0.0,1.0,4.0,17.0,1.0043072505384063,0.0,0.0,23.98880597014925,67182,0,0,0,57,WEBER
498,570345,651.0,1751.536565938169,2.690532359352026,188.0,5.0,3.0,180.0,211.98880597014926,0.0,5.0,3.0,0.0,160.0,12.0,0.0,8.0,0.0,0.0,0.0,23.98880597014925,48340,0,0,0,57,WEBER
499,570346,505.0,1393.0915828645393,2.758597193791167,231.0,103.0,0.0,128.0,248.99160447761193,68.0,35.0,0.0,0.0,2.0,71.0,5.0,50.0,0.0,0.0,0.0,17.99160447761194,74238,550,0,0,57,WEBER
500,570347,567.0,1623.6588963010902,2.86359593703896,193.0,94.0,3.0,96.0,213.9902052238806,50.0,44.0,1.0,2.0,17.0,3.0,46.0,30.0,0.0,0.0,0.0,20.9902052238806,71613,0,0,0,57,WEBER
501,570348,353.0,1017.2087357494896,2.8816111494319823,76.0,0.0,0.0,76.0,89.99824381770259,0.0,0.0,0.0,0.0,1.0,49.0,22.0,4.0,1.0043072505384063,0.0,0.0,12.993936567164178,70658,441,0,0,57,WEBER
502,570349,513.0,1429.9048513964256,2.787338891610966,919.0,14.0,108.0,797.0,1597.8357952070419,9.0,5.0,72.0,36.0,246.0,168.0,0.0,383.0,0.0,0.0,659.8446571473403,18.99113805970149,68303,507,0,0,57,WEBER
503,570350,718.0,1985.0101900482896,2.764638147699568,142.0,45.0,0.0,97.0,167.98787313432837,30.0,15.0,0.0,0.0,0.0,13.0,8.0,76.0,0.0,0.0,0.0,25.98787313432836,74477,0,0,0,57,WEBER
504,570351,491.0,1356.2783143326528,2.762277625932083,192.0,0.0,2.0,190.0,209.99160447761193,0.0,0.0,1.0,1.0,11.0,144.0,0.0,35.0,0.0,0.0,0.0,17.99160447761194,58199,0,846,1835,57,WEBER
505,570352,732.0,1991.7915816199527,2.7210267508469306,344.0,83.0,33.0,228.0,370.9874067164179,39.0,44.0,29.0,4.0,11.0,14.0,8.0,195.0,0.0,0.0,0.0,26.98740671641791,52663,0,0,0,57,WEBER
506,570353,630.0,1734.0987018967492,2.752537622058332,11.0,1.0,1.0,9.0,33.9892723880597,1.0,0.0,1.0,0.0,1.0,1.0,1.0,6.0,0.0,0.0,0.0,22.9892723880597,78915,0,0,0,57,WEBER
507,570354,162.0,383.6330089112361,2.3681049932792355,254.0,109.0,1.0,144.0,259.99720149253733,94.0,15.0,1.0,0.0,1.0,6.0,80.0,57.0,0.0,0.0,0.0,5.997201492537314,79237,0,0,0,57,WEBER
508,570355,407.0,1281.683007044357,3.1490982974062827,63.0,1.0,0.0,62.0,77.99300373134328,0.0,1.0,0.0,0.0,0.0,1.0,20.0,41.0,0.0,0.0,0.0,14.993003731343284,84072,0,0,0,57,WEBER
509,570356,414.0,1145.0864053865685,2.765909191754996,72.0,1.0,36.0,35.0,86.99300373134328,0.0,1.0,34.0,2.0,2.0,8.0,9.0,16.0,0.0,0.0,0.0,14.993003731343284,62368,0,0,0,57,WEBER
510,570357,468.0,1339.8092205157564,2.862840214777257,0.0,0.0,0.0,0.0,16.99207089552239,0.0,0.0,0.0,0.0,0.0,0.0,0.0,0.0,0.0,0.0,0.0,16.99207089552239,85552,0,0,0,57,WEBER
511,570358,611.0,1647.8781519141733,2.6970182519053574,100.0,0.0,0.0,100.0,121.98973880597015,0.0,0.0,0.0,0.0,0.0,98.0,1.0,1.0,0.0,0.0,0.0,21.98973880597015,56266,448,0,0,57,WEBER
512,570359,500.0,1306.8710328819634,2.613742065763927,366.0,55.0,0.0,311.0,383.99160447761193,11.0,44.0,0.0,0.0,8.0,9.0,36.0,258.0,0.0,0.0,0.0,17.99160447761194,56202,0,0,0,57,WEBER
513,570360,572.0,1531.6257249713744,2.6776673513485565,3.0,0.0,0.0,3.0,23.9902052238806,0.0,0.0,0.0,0.0,3.0,0.0,0.0,0.0,0.0,0.0,0.0,20.9902052238806,79026,0,0,0,57,WEBER
514,570361,220.0,600.6375392044606,2.7301706327475483,345.0,74.0,0.0,271.0,352.99626865671644,10.0,64.0,0.0,0.0,1.0,47.0,44.0,179.0,0.0,0.0,0.0,7.996268656716418,79237,0,0,0,57,WEBER
515,570362,301.0,934.8632666650072,3.105858028787399,85.0,2.0,0.0,83.0,96.99917665352348,0.0,2.0,0.0,0.0,2.0,1.0,68.0,12.0,1.0043072505384063,0.0,0.0,10.994869402985074,84072,0,0,0,57,WEBER
516,570363,401.0,1070.4910980982725,2.6695538605941955,630.0,1.0,0.0,629.0,644.9930037313433,0.0,1.0,0.0,0.0,4.0,151.0,245.0,229.0,0.0,0.0,0.0,14.993003731343284,70540,533,0,0,57,WEBER
517,570364,621.0,1658.53462438393,2.670748187413736,53.0,0.0,0.0,53.0,94.98480039684677,0.0,0.0,0.0,0.0,0.0,47.0,6.0,0.0,0.0,0.0,18.99552800878707,22.9892723880597,52472,0,946,0,57,WEBER
518,570365,281.0,731.4215195151093,2.602923556993271,649.0,178.0,2.0,469.0,658.9953358208955,59.0,119.0,1.0,1.0,77.0,7.0,35.0,350.0,0.0,0.0,0.0,9.995335820895525,45697,0,0,0,57,WEBER
519,570366,158.0,411.7273454224125,2.6058692748253955,1046.0,333.0,14.0,699.0,1101.9854330946084,256.0,77.0,1.0,13.0,128.0,15.0,15.0,541.0,0.0,0.0,49.98823160207124,5.997201492537314,45697,0,0,0,57,WEBER
520,570367,620.0,1980.1663389256728,3.19381667568657,8.0,0.0,0.0,8.0,31.989268070052997,0.0,0.0,0.0,0.0,1.0,0.0,4.0,3.0,0.0,0.0,1.9995292640828495,21.98973880597015,80671,0,0,0,57,WEBER
521,570368,432.0,1355.3095441081296,3.137290611361411,430.0,219.0,2.0,209.0,446.99684456397125,170.0,49.0,0.0,2.0,4.0,26.0,100.0,79.0,1.0043072505384063,0.0,0.0,15.992537313432836,81022,0,0,0,57,WEBER
522,570369,378.0,946.488509359287,2.503937855447849,657.0,262.0,6.0,389.0,671.9977773997922,243.0,19.0,4.0,2.0,6.0,49.0,126.0,208.0,1.0043072505384063,0.0,0.0,13.993470149253731,73142,0,0,0,57,WEBER
523,570370,584.0,1503.531388460198,2.574540048733216,32.0,0.0,4.0,28.0,52.9902052238806,0.0,0.0,0.0,4.0,0.0,4.0,1.0,23.0,0.0,0.0,0.0,20.9902052238806,62309,0,0,0,57,WEBER
524,570371,468.0,1224.525563797481,2.6165076149518827,0.0,0.0,0.0,0.0,34.98783427226803,0.0,0.0,0.0,0.0,0.0,0.0,0.0,0.0,0.0,0.0,17.995763376745646,16.99207089552239,66232,0,0,0,57,WEBER
525,570372,331.0,847.6739464579081,2.560948478724798,4.0,0.0,0.0,4.0,15.994402985074627,0.0,0.0,0.0,0.0,0.0,4.0,0.0,0.0,0.0,0.0,0.0,11.994402985074627,57492,357,0,0,57,WEBER
526,570373,568.0,1418.2796087021457,2.496971142081242,1434.0,292.0,5.0,1137.0,1741.9226546197694,198.0,94.0,1.0,4.0,26.0,36.0,252.0,823.0,0.0,0.0,286.9324493958889,20.9902052238806,59752,0,0,0,57,WEBER
527,570374,4.0,6.7813915716632645,1.695347892915816,0.0,0.0,0.0,0.0,88.9790522516868,0.0,0.0,0.0,0.0,0.0,0.0,0.0,0.0,0.0,0.0,88.9790522516868,0.0,59752,0,0,0,57,WEBER
528,570375,347.0,881.5809043162244,2.5405789749747103,0.0,0.0,0.0,0.0,12.993936567164178,0.0,0.0,0.0,0.0,0.0,0.0,0.0,0.0,0.0,0.0,0.0,12.993936567164178,64688,0,0,0,57,WEBER
529,570376,314.0,821.5171503957783,2.616296657311396,96.0,2.0,26.0,68.0,106.99486940298507,0.0,2.0,1.0,25.0,5.0,8.0,21.0,34.0,0.0,0.0,0.0,10.994869402985074,51688,0,0,0,57,WEBER
530,570377,646.0,1557.7825210335045,2.4114280511354558,120.0,1.0,26.0,93.0,142.9892723880597,1.0,0.0,24.0,2.0,4.0,77.0,1.0,11.0,0.0,0.0,0.0,22.9892723880597,64365,456,0,0,57,WEBER
531,570378,312.0,753.7032346791457,2.4157154957664924,88.0,56.0,0.0,32.0,98.99486940298507,55.0,1.0,0.0,0.0,1.0,4.0,15.0,12.0,0.0,0.0,0.0,10.994869402985074,51729,0,0,0,57,WEBER
532,570379,342.0,793.422813884602,2.31994974820059,1217.0,926.0,1.0,290.0,1228.9944029850747,551.0,375.0,1.0,0.0,12.0,55.0,92.0,131.0,0.0,0.0,0.0,11.994402985074627,51729,0,0,0,57,WEBER
533,570380,279.0,651.0135908796734,2.333382046163704,1187.0,549.0,22.0,616.0,1196.9953358208954,301.0,248.0,21.0,1.0,58.0,86.0,66.0,406.0,0.0,0.0,0.0,9.995335820895525,34543,0,0,0,57,WEBER
534,570381,285.0,735.2966004132026,2.579988071625272,4622.0,35.0,91.0,4496.0,4631.995335820896,6.0,29.0,70.0,21.0,192.0,248.0,2699.0,1357.0,0.0,0.0,0.0,9.995335820895525,54586,0,0,0,57,WEBER
535,570382,519.0,1272.9640750236472,2.4527246146891084,1225.0,1047.0,1.0,177.0,1295.9788989258557,903.0,144.0,1.0,0.0,20.0,57.0,9.0,91.0,0.0,0.0,51.98776086615408,18.99113805970149,63722,0,0,0,57,WEBER
536,570383,180.0,465.9784779957186,2.588769322198437,1588.0,950.0,23.0,615.0,1597.0053495757038,830.0,120.0,7.0,16.0,32.0,186.0,21.0,376.0,2.0086145010768126,0.0,0.0,6.996735074626866,34543,0,0,0,57,WEBER
537,570384,651.0,1562.6263721561209,2.4003477298865143,745.0,168.0,15.0,562.0,778.9864522905634,168.0,0.0,0.0,15.0,100.0,242.0,132.0,88.0,0.0,0.0,9.997646320414248,23.98880597014925,54586,487,302,252,57,WEBER
538,570385,1815.0,4524.156948523921,2.4926484564870086,555.0,524.0,0.0,31.0,641.9688163092774,341.0,183.0,0.0,0.0,2.0,3.0,3.0,23.0,1.0043072505384063,0.0,19.995292640828495,65.96921641791045,34543,0,0,0,57,WEBER
539,570386,242.0,639.3883481853935,2.642100612336337,53.0,0.0,7.0,46.0,68.02164574203641,0.0,0.0,0.0,7.0,1.0,0.0,0.0,45.0,6.025843503230438,0.0,0.0,8.99580223880597,54586,0,0,0,57,WEBER
540,570387,0.0,0.0,0.0,0.0,0.0,0.0,0.0,0.0,0.0,0.0,0.0,0.0,0.0,0.0,0.0,0.0,0.0,0.0,0.0,0.0,54586,0,0,0,57,WEBER
541,570388,0.0,0.0,0.0,2098.0,0.0,795.0,1303.0,2098.0,0.0,0.0,795.0,0.0,253.0,1050.0,0.0,0.0,0.0,0.0,0.0,0.0,54586,0,0,0,57,WEBER
542,570389,330.0,897.0812279085976,2.718427963359386,33.0,9.0,2.0,22.0,50.99299077732318,6.0,3.0,1.0,1.0,2.0,12.0,2.0,6.0,0.0,0.0,5.998587792248548,11.994402985074627,52605,0,0,0,57,WEBER
543,570390,810.0,2314.39206638622,2.8572741560323704,224.0,15.0,0.0,209.0,252.986473880597,6.0,9.0,0.0,0.0,4.0,94.0,35.0,76.0,0.0,0.0,0.0,28.98647388059701,70637,534,0,0,57,WEBER
544,570391,458.0,1110.2106773037287,2.424040780139146,0.0,0.0,0.0,0.0,16.99207089552239,0.0,0.0,0.0,0.0,0.0,0.0,0.0,0.0,0.0,0.0,0.0,16.99207089552239,33647,0,0,0,57,WEBER
545,570392,388.0,983.3017778911734,2.53428293270921,41.0,0.0,0.0,41.0,54.99347014925373,0.0,0.0,0.0,0.0,0.0,33.0,4.0,4.0,0.0,0.0,0.0,13.993470149253731,32690,0,0,1381,57,WEBER
546,570393,433.0,1128.617311569672,2.606506493232499,14.0,0.0,0.0,14.0,29.992537313432834,0.0,0.0,0.0,0.0,4.0,1.0,3.0,6.0,0.0,0.0,0.0,15.992537313432836,66420,0,0,0,57,WEBER
547,570394,430.0,1108.2731368546822,2.5773793880341445,158.0,0.0,2.0,156.0,185.98971289792993,0.0,0.0,0.0,2.0,5.0,149.0,0.0,2.0,0.0,0.0,11.997175584497096,15.992537313432836,84419,486,651,0,57,WEBER
548,570395,310.0,769.2035582715189,2.481301800875867,353.0,26.0,1.0,326.0,363.99486940298505,25.0,1.0,1.0,0.0,58.0,31.0,39.0,198.0,0.0,0.0,0.0,10.994869402985074,23450,0,0,0,57,WEBER
549,570396,2.0,4.843851122616617,2.4219255613083086,1487.0,10.0,0.0,1477.0,1487.0,6.0,4.0,0.0,0.0,21.0,1.0,1379.0,76.0,0.0,0.0,0.0,0.0,102339,0,0,0,57,WEBER
550,570397,108.0,244.13009657987752,2.260463857221088,887.0,0.0,0.0,887.0,890.9981343283582,0.0,0.0,0.0,0.0,6.0,550.0,297.0,34.0,0.0,0.0,0.0,3.998134328358209,49500,0,0,0,57,WEBER
551,570398,359.0,918.3941728481108,2.5582010385741243,41.0,0.0,0.0,41.0,57.00685831877939,0.0,0.0,0.0,0.0,27.0,3.0,7.0,4.0,3.012921751615219,0.0,0.0,12.993936567164178,91104,0,0,0,57,WEBER
552,570399,7.0,29.063106735699705,4.151872390814243,128.0,5.0,9.0,114.0,134.02584350323045,0.0,5.0,0.0,9.0,0.0,11.0,102.0,1.0,6.025843503230438,0.0,0.0,0.0,69448,0,0,0,57,WEBER
553,570400,39.0,94.9394820032857,2.434345692391941,835.0,322.0,0.0,513.0,1074.94328063999,262.0,60.0,0.0,0.0,64.0,62.0,127.0,260.0,0.0,0.0,238.9437470579005,0.9995335820895522,45635,0,0,0,57,WEBER
554,570401,430.0,1128.617311569672,2.6246914222550517,1420.0,544.0,3.0,873.0,1863.8917998271627,341.0,203.0,3.0,0.0,107.0,42.0,86.0,638.0,0.0,0.0,427.8992625137298,15.992537313432836,45635,0,0,0,57,WEBER
555,570402,216.0,604.5126201025539,2.798669537511824,491.0,80.0,0.0,411.0,563.980969739409,24.0,56.0,0.0,0.0,55.0,12.0,83.0,261.0,0.0,0.0,64.98470108269261,7.996268656716418,50734,0,0,0,57,WEBER
556,570403,259.0,734.3278301886792,2.835242587601078,22.0,0.0,0.0,22.0,30.99580223880597,0.0,0.0,0.0,0.0,0.0,19.0,2.0,1.0,0.0,0.0,0.0,8.99580223880597,50602,0,0,0,57,WEBER
557,570404,331.0,973.61407564594,2.941432252706768,23.0,1.0,2.0,20.0,34.99440298507463,0.0,1.0,1.0,1.0,2.0,0.0,12.0,6.0,0.0,0.0,0.0,11.994402985074627,49995,0,0,0,57,WEBER
558,570405,150.0,465.9784779957186,3.106523186638124,123.0,0.0,0.0,123.0,127.99766791044776,0.0,0.0,0.0,0.0,1.0,0.0,0.0,122.0,0.0,0.0,0.0,4.9976679104477615,46017,0,0,0,57,WEBER
559,570406,0.0,0.0,0.0,200.0,24.0,0.0,176.0,200.0,24.0,0.0,0.0,0.0,0.0,2.0,146.0,28.0,0.0,0.0,0.0,0.0,46276,0,0,0,57,WEBER
560,570407,415.0,1050.146923383283,2.5304745141765848,57.0,5.0,1.0,51.0,78.99135615563326,1.0,4.0,0.0,1.0,2.0,0.0,26.0,23.0,0.0,0.0,6.9983524242899735,14.993003731343284,46276,0,0,0,57,WEBER
561,570408,471.0,1317.52750535172,2.7972983128486626,322.0,19.0,6.0,297.0,338.9920708955224,1.0,18.0,1.0,5.0,2.0,72.0,204.0,19.0,0.0,0.0,0.0,16.99207089552239,61134,605,0,0,57,WEBER
562,570409,162.0,429.1652094638323,2.649167959653286,213.0,0.0,1.0,212.0,229.99461244499298,0.0,0.0,1.0,0.0,131.0,5.0,50.0,26.0,0.0,0.0,10.997410952455672,5.997201492537314,96136,0,0,0,57,WEBER
563,570410,466.0,1281.683007044357,2.750392718979307,30.0,1.0,0.0,29.0,46.99207089552239,1.0,0.0,0.0,0.0,2.0,7.0,13.0,7.0,0.0,0.0,0.0,16.99207089552239,83788,0,0,0,57,WEBER
564,570411,353.0,891.2686065614577,2.524840245216594,0.0,0.0,0.0,0.0,12.993936567164178,0.0,0.0,0.0,0.0,0.0,0.0,0.0,0.0,0.0,0.0,0.0,12.993936567164178,108175,0,0,0,57,WEBER
565,570412,263.0,622.919254368497,2.368514275165388,43.0,0.0,1.0,42.0,52.99533582089553,0.0,0.0,1.0,0.0,1.0,39.0,0.0,2.0,0.0,0.0,0.0,9.995335820895525,46344,469,856,0,57,WEBER
566,570413,533.0,1483.1872137452085,2.782715222786507,442.0,27.0,71.0,344.0,460.9911380597015,16.0,11.0,71.0,0.0,15.0,14.0,205.0,110.0,0.0,0.0,0.0,18.99113805970149,108698,0,0,0,57,WEBER
567,570414,200.0,506.6668274256982,2.533334137128491,0.0,0.0,0.0,0.0,6.996735074626866,0.0,0.0,0.0,0.0,0.0,0.0,0.0,0.0,0.0,0.0,0.0,6.996735074626866,110837,0,0,0,57,WEBER
568,570415,1141.0,2689.306143276746,2.356972956421337,356.0,20.0,1.0,335.0,507.48087686567163,2.0,18.0,1.0,0.0,5.0,3.0,63.0,264.0,0.0,110.5,0.0,40.98087686567164,69448,0,0,0,57,WEBER
569,570416,376.0,919.362943072634,2.4451142102995584,1083.0,174.0,0.0,909.0,1212.966167466059,90.0,84.0,0.0,0.0,79.0,32.0,428.0,370.0,0.0,0.0,115.97269731680527,13.993470149253731,101315,0,0,0,57,WEBER
570,570417,1405.0,3532.1362386120377,2.513975970542376,1091.0,60.0,9.0,1022.0,1182.9665626002654,30.0,30.0,0.0,9.0,134.0,79.0,213.0,596.0,0.0,0.0,40.99034991369842,50.976212686567166,63376,0,0,0,57,WEBER
571,570418,388.0,1003.6459526061632,2.586716372696297,345.0,7.0,17.0,321.0,358.9934701492537,4.0,3.0,0.0,17.0,16.0,83.0,134.0,88.0,0.0,0.0,0.0,13.993470149253731,106232,727,0,0,57,WEBER
572,570419,1076.0,2518.802583760641,2.3408945945730864,1013.0,276.0,0.0,737.0,1150.9585082735935,170.0,106.0,0.0,0.0,66.0,1.0,400.0,270.0,0.0,0.0,98.97669857210104,38.98180970149254,69448,0,0,0,57,WEBER
573,570420,291.0,790.5165032110319,2.7165515574262264,1.0,0.0,0.0,1.0,11.994869402985074,0.0,0.0,0.0,0.0,0.0,0.0,0.0,1.0,0.0,0.0,0.0,10.994869402985074,102669,0,0,0,57,WEBER
574,570421,96.0,227.661002762981,2.371468778781052,0.0,0.0,0.0,0.0,8.02013699896069,0.0,0.0,0.0,0.0,0.0,0.0,0.0,0.0,5.021536252692032,0.0,0.0,2.998600746268657,81308,0,0,0,57,WEBER
575,570422,298.0,715.921195922736,2.402420120546094,411.0,81.0,13.0,317.0,447.00715567800864,45.0,36.0,8.0,5.0,185.0,27.0,19.0,86.0,4.017229002153625,0.0,20.995057272869918,10.994869402985074,81308,0,0,0,57,WEBER
576,570423,7.0,17.43786404141982,2.491123434488546,371.0,53.0,65.0,253.0,371.0,12.0,41.0,41.0,24.0,87.0,5.0,2.0,159.0,0.0,0.0,0.0,0.0,87939,0,0,0,57,WEBER
577,570424,0.0,0.0,0.0,0.0,0.0,0.0,0.0,0.0,0.0,0.0,0.0,0.0,0.0,0.0,0.0,0.0,0.0,0.0,0.0,0.0,111812,0,0,0,57,WEBER
578,570425,0.0,0.0,0.0,0.0,0.0,0.0,0.0,0.0,0.0,0.0,0.0,0.0,0.0,0.0,0.0,0.0,0.0,0.0,0.0,0.0,111812,0,0,0,57,WEBER
579,570426,0.0,0.0,0.0,0.0,0.0,0.0,0.0,0.0,0.0,0.0,0.0,0.0,0.0,0.0,0.0,0.0,0.0,0.0,0.0,0.0,111812,0,0,0,57,WEBER
580,570427,0.0,0.0,0.0,0.0,0.0,0.0,0.0,0.0,0.0,0.0,0.0,0.0,0.0,0.0,0.0,0.0,0.0,0.0,0.0,0.0,111812,0,0,0,57,WEBER
581,570428,0.0,0.0,0.0,0.0,0.0,0.0,0.0,0.0,0.0,0.0,0.0,0.0,0.0,0.0,0.0,0.0,0.0,0.0,0.0,0.0,87939,0,0,0,57,WEBER
3311,491095,0.0,0.0,0.0,0.0,0.0,0.0,0.0,5.015518311607697,0.0,0.0,0.0,0.0,0.0,0.0,0.0,0.0,5.015518311607697,0.0,0.0,0.0,75589,0,0,0,49,UTAH
3310,491094,394.0,1075.831230857133,2.7305361189267336,0.0,0.0,0.0,0.0,440.9753683044131,0.0,0.0,0.0,0.0,0.0,0.0,0.0,0.0,1.0031036623215397,0.0,415.9658533582319,24.006411283859595,75589,0,0,0,49,UTAH
3306,491090,79.0,225.2808987692287,2.851656946445933,0.0,0.0,0.0,0.0,170.00053492639316,0.0,0.0,0.0,0.0,0.0,0.0,0.0,0.0,4.012414649286158,0.0,160.98678459296957,5.001335684137416,75589,0,0,0,49,UTAH
2292,490076,219.0,621.5913778285658,2.838316793737744,0.0,0.0,0.0,0.0,70.99871194889539,0.0,0.0,0.0,0.0,0.0,0.0,0.0,0.0,0.0,0.0,57.995239170138106,13.00347277875728,66402,0,0,0,49,UTAH
2301,490085,0.0,0.0,0.0,109.0,32.0,0.0,77.0,114.01551831160769,32.0,0.0,0.0,0.0,22.0,5.0,0.0,50.0,5.015518311607697,0.0,0.0,0.0,66402,0,0,0,49,UTAH
2300,490084,0.0,0.0,0.0,1101.0,201.0,312.0,588.0,1101.0,201.0,0.0,8.0,304.0,29.0,316.0,2.0,241.0,0.0,0.0,0.0,0.0,66402,0,0,0,49,UTAH
2293,490077,0.0,0.0,0.0,343.0,11.0,34.0,298.0,343.0,7.0,4.0,14.0,20.0,94.0,46.0,90.0,68.0,0.0,0.0,0.0,0.0,66402,0,0,0,49,UTAH
2277,490061,165.0,535.1570738109841,3.243376204915055,0.0,0.0,0.0,0.0,132.00858593688525,0.0,0.0,0.0,0.0,0.0,0.0,0.0,0.0,5.015518311607697,0.0,116.99039625700273,10.002671368274832,81720,0,0,0,49,UTAH
2279,490063,542.0,1313.065809969219,2.422630645699666,0.0,0.0,0.0,0.0,412.9836461424733,0.0,0.0,0.0,0.0,0.0,0.0,0.0,0.0,2.006207324643079,0.0,378.96889043935073,32.00854837847946,81720,0,0,0,49,UTAH
2276,490060,541.0,1650.5274011867982,3.050882442119775,0.0,0.0,0.0,0.0,264.005433787007,0.0,0.0,0.0,0.0,0.0,0.0,0.0,0.0,5.015518311607697,0.0,226.98136709691983,32.00854837847946,81720,0,0,0,49,UTAH
2275,490059,174.0,455.1593669010948,2.6158584304660617,0.0,0.0,0.0,0.0,194.0130540107145,0.0,0.0,0.0,0.0,0.0,0.0,0.0,0.0,8.024829298572316,0.0,175.98555334386737,10.002671368274832,81720,0,0,0,49,UTAH
2271,490055,719.0,1930.0596184351475,2.6843666459459627,0.0,0.0,0.0,0.0,719.9654737442203,0.0,0.0,0.0,0.0,0.0,0.0,0.0,0.0,3.009310986964618,0.0,673.9446758736739,43.011486883581775,81720,0,0,0,49,UTAH
2272,490056,232.0,695.152487630763,2.996346929442944,0.0,0.0,0.0,0.0,164.00098466134767,0.0,0.0,0.0,0.0,0.0,0.0,0.0,0.0,3.009310986964618,0.0,146.9879337587983,14.003739915584765,81720,0,0,0,49,UTAH
2340,490124,344.0,1086.8653973274627,3.159492434091461,0.0,0.0,0.0,0.0,106.99855071185777,0.0,0.0,0.0,0.0,0.0,0.0,0.0,0.0,0.0,0.0,85.99294083848064,21.005609873377143,66402,0,0,0,49,UTAH
2332,490116,80.0,221.60284327911887,2.770035540988986,0.0,0.0,0.0,0.0,8.010646671102034,0.0,0.0,0.0,0.0,0.0,0.0,0.0,0.0,3.009310986964618,0.0,0.0,5.001335684137416,66402,0,0,0,49,UTAH
2308,490092,71.0,216.08576004395408,3.043461409069776,107.0,21.0,1.0,85.0,115.01348319659608,0.0,21.0,0.0,1.0,4.0,43.0,0.0,38.0,4.012414649286158,0.0,0.0,4.0010685473099326,66402,0,0,0,49,UTAH
2313,490097,133.0,432.17152008790816,3.249409925472994,0.0,0.0,0.0,0.0,10.008344419262944,0.0,0.0,0.0,0.0,0.0,0.0,0.0,0.0,2.006207324643079,0.0,0.0,8.002137094619865,66402,0,0,0,49,UTAH
2312,490096,93.0,305.27860567911813,3.282565652463636,283.0,0.0,9.0,274.0,379.00695830873167,0.0,0.0,9.0,0.0,148.0,21.0,79.0,26.0,4.012414649286158,0.0,85.99294083848064,6.001602820964899,66402,0,0,0,49,UTAH
2317,490101,110.0,329.1859663648321,2.992599694225747,241.0,14.0,21.0,206.0,422.99069113052826,14.0,0.0,0.0,21.0,4.0,144.0,0.0,58.0,1.0031036623215397,0.0,173.98571751041433,7.0018699577923815,66402,770,0,0,49,UTAH
2316,490100,95.0,311.7152027868104,3.281212660913793,170.0,0.0,3.0,167.0,179.0109138079295,0.0,0.0,3.0,0.0,87.0,25.0,42.0,13.0,3.009310986964618,0.0,0.0,6.001602820964899,66402,0,0,0,49,UTAH
2322,490106,168.0,523.2033934681272,3.1143059135007567,0.0,0.0,0.0,0.0,11.005775030596372,0.0,0.0,0.0,0.0,0.0,0.0,0.0,0.0,1.0031036623215397,0.0,0.0,10.002671368274832,81720,0,0,0,49,UTAH
2325,490109,396.0,1173.2997013450442,2.9628780336996066,0.0,0.0,0.0,0.0,46.014162688628076,0.0,0.0,0.0,0.0,0.0,0.0,0.0,0.0,3.009310986964618,0.0,18.998440417803863,24.006411283859595,81720,0,0,0,49,UTAH
2326,490110,143.0,449.64228366593,3.1443516340274824,209.0,13.0,0.0,196.0,224.0210262053766,0.0,13.0,0.0,0.0,1.0,71.0,124.0,0.0,6.018621973929237,0.0,0.0,9.002404231447349,81720,0,0,0,49,UTAH
2239,490023,0.0,0.0,0.0,0.0,0.0,0.0,0.0,5.015518311607697,0.0,0.0,0.0,0.0,0.0,0.0,0.0,0.0,5.015518311607697,0.0,0.0,0.0,81720,0,0,0,49,UTAH
2237,490021,1.0,1.8390277450549284,1.8390277450549284,0.0,0.0,0.0,0.0,0.0,0.0,0.0,0.0,0.0,0.0,0.0,0.0,0.0,0.0,0.0,0.0,0.0,81720,0,0,0,49,UTAH
2351,490135,0.0,0.0,0.0,171.0,11.0,0.0,160.0,174.0093109869646,0.0,11.0,0.0,0.0,10.0,50.0,100.0,0.0,3.009310986964618,0.0,0.0,0.0,81720,0,0,0,49,UTAH
2379,490163,0.0,0.0,0.0,707.0,144.0,5.0,558.0,712.0155183116077,2.0,142.0,3.0,2.0,175.0,206.0,34.0,143.0,5.015518311607697,0.0,0.0,0.0,81720,0,0,0,49,UTAH
2383,490167,0.0,0.0,0.0,0.0,0.0,0.0,0.0,3.009310986964618,0.0,0.0,0.0,0.0,0.0,0.0,0.0,0.0,3.009310986964618,0.0,0.0,0.0,81720,0,0,0,49,UTAH
2382,490166,0.0,0.0,0.0,388.0,375.0,0.0,13.0,408.00791557131544,1.0,374.0,0.0,0.0,2.0,6.0,4.0,1.0,3.009310986964618,0.0,16.998604584350826,0.0,81720,0,0,0,49,UTAH
2385,490169,0.0,0.0,0.0,547.0,113.0,4.0,430.0,547.0,0.0,113.0,4.0,0.0,158.0,155.0,111.0,6.0,0.0,0.0,0.0,0.0,81720,0,0,0,49,UTAH
2256,490040,126.0,366.8860351384582,2.9117939296703037,125.0,88.0,0.0,37.0,133.00213709461985,0.0,88.0,0.0,0.0,6.0,27.0,1.0,3.0,0.0,0.0,0.0,8.002137094619865,81720,0,0,0,49,UTAH
2246,490030,155.0,499.2960327824131,3.2212647276284714,7.0,0.0,1.0,6.0,16.00240423144735,0.0,0.0,0.0,1.0,0.0,5.0,0.0,1.0,0.0,0.0,0.0,9.002404231447349,81720,0,0,0,49,UTAH
2254,490038,3.0,13.792708087911963,4.597569362637321,0.0,0.0,0.0,0.0,0.0,0.0,0.0,0.0,0.0,0.0,0.0,0.0,0.0,0.0,0.0,0.0,0.0,81720,0,0,0,49,UTAH
2257,490041,65.0,181.14423288791045,2.786834352121699,0.0,0.0,0.0,0.0,10.01969052123917,0.0,0.0,0.0,0.0,0.0,0.0,0.0,0.0,6.018621973929237,0.0,0.0,4.0010685473099326,81720,0,0,0,49,UTAH
2260,490044,119.0,337.4615912175794,2.8358116909040283,0.0,0.0,0.0,0.0,97.00403969996417,0.0,0.0,0.0,0.0,0.0,0.0,0.0,0.0,3.009310986964618,0.0,86.99285875520717,7.0018699577923815,81720,0,0,0,49,UTAH
2405,490189,0.0,0.0,0.0,0.0,0.0,0.0,0.0,0.0,0.0,0.0,0.0,0.0,0.0,0.0,0.0,0.0,0.0,0.0,0.0,0.0,81720,0,0,0,49,UTAH
2408,490192,0.0,0.0,0.0,3.0,0.0,0.0,3.0,3.0,0.0,0.0,0.0,0.0,1.0,2.0,0.0,0.0,0.0,0.0,0.0,0.0,81720,0,0,0,49,UTAH
2413,490197,0.0,0.0,0.0,26.0,1.0,0.0,25.0,28.00620732464308,1.0,0.0,0.0,0.0,3.0,3.0,18.0,1.0,2.006207324643079,0.0,0.0,0.0,81720,0,0,0,49,UTAH
2266,490050,0.0,0.0,0.0,1100.0,249.0,1.0,850.0,1105.0155183116076,0.0,249.0,1.0,0.0,16.0,377.0,434.0,23.0,5.015518311607697,0.0,0.0,0.0,81720,0,0,0,49,UTAH
2264,490048,0.0,0.0,0.0,838.0,536.0,2.0,300.0,851.037161864585,20.0,516.0,0.0,2.0,24.0,186.0,50.0,40.0,12.037243947858476,0.0,0.9999179167265191,0.0,81720,0,0,0,49,UTAH
2369,490153,269.0,879.0552621362558,3.2678634280158207,0.0,0.0,0.0,0.0,67.0000879422922,0.0,0.0,0.0,0.0,0.0,0.0,0.0,0.0,0.0,0.0,50.995813753052474,16.00427418923973,62109,0,0,0,49,UTAH
2370,490154,0.0,0.0,0.0,0.0,0.0,0.0,0.0,0.0,0.0,0.0,0.0,0.0,0.0,0.0,0.0,0.0,0.0,0.0,0.0,0.0,62109,0,0,0,49,UTAH
2365,490149,419.0,1339.731712272515,3.19745038728524,0.0,0.0,0.0,0.0,111.00280500476273,0.0,0.0,0.0,0.0,0.0,0.0,0.0,0.0,1.0031036623215397,0.0,84.99302292175412,25.00667842068708,74211,0,0,0,49,UTAH
2387,490171,0.0,0.0,0.0,0.0,0.0,0.0,0.0,2.006207324643079,0.0,0.0,0.0,0.0,0.0,0.0,0.0,0.0,2.006207324643079,0.0,0.0,0.0,81720,0,0,0,49,UTAH
2386,490170,0.0,0.0,0.0,679.0,197.0,19.0,463.0,684.0155183116077,0.0,197.0,18.0,1.0,96.0,211.0,145.0,11.0,5.015518311607697,0.0,0.0,0.0,81720,0,0,0,49,UTAH
2390,490174,0.0,0.0,0.0,99.0,45.0,3.0,51.0,251.00026632481098,0.0,45.0,3.0,0.0,19.0,16.0,14.0,2.0,4.012414649286158,0.0,147.98785167552484,0.0,81720,0,0,0,49,UTAH
2391,490175,0.0,0.0,0.0,327.0,315.0,0.0,12.0,330.00931098696464,0.0,315.0,0.0,0.0,1.0,3.0,8.0,0.0,3.009310986964618,0.0,0.0,0.0,81720,0,0,0,49,UTAH
2393,490177,0.0,0.0,0.0,366.0,326.0,1.0,39.0,368.00620732464307,0.0,326.0,1.0,0.0,11.0,16.0,11.0,1.0,2.006207324643079,0.0,0.0,0.0,81720,0,0,0,49,UTAH
2392,490176,0.0,0.0,0.0,695.0,309.0,6.0,380.0,985.9888567497972,0.0,309.0,6.0,0.0,58.0,111.0,200.0,11.0,4.012414649286158,0.0,286.97644210051095,0.0,81720,0,0,0,49,UTAH
2420,490204,451.0,1613.7468462856996,3.578152652518181,0.0,0.0,0.0,0.0,30.016523681306662,0.0,0.0,0.0,0.0,0.0,0.0,0.0,0.0,3.009310986964618,0.0,0.0,27.007212694342044,102760,0,0,0,49,UTAH
2417,490201,3.0,12.8731942153845,4.2910647384615,0.0,0.0,0.0,0.0,0.0,0.0,0.0,0.0,0.0,0.0,0.0,0.0,0.0,0.0,0.0,0.0,0.0,81720,0,0,0,49,UTAH
2409,490193,0.0,0.0,0.0,470.0,51.0,0.0,419.0,771.9975110705739,0.0,51.0,0.0,0.0,27.0,83.0,305.0,4.0,7.0217256362507765,0.0,294.97578543432314,0.0,81720,0,0,0,49,UTAH
2486,490270,528.0,1730.5251080966875,3.2775096744255445,113.0,41.0,1.0,71.0,295.9993395497789,41.0,0.0,0.0,1.0,10.0,6.0,6.0,49.0,1.0031036623215397,0.0,149.98768750897787,32.00854837847946,70166,0,0,0,49,UTAH
2485,490269,478.0,1618.344415648337,3.3856577733228805,231.0,90.0,1.0,140.0,261.01085063031854,88.0,2.0,0.0,1.0,19.0,5.0,13.0,103.0,1.0031036623215397,0.0,0.0,29.00774696799701,70166,0,0,0,49,UTAH
2484,490268,825.0,2595.7876621450314,3.146409287448523,0.0,0.0,0.0,0.0,204.00673828834715,0.0,0.0,0.0,0.0,0.0,0.0,0.0,0.0,2.006207324643079,0.0,152.9874412591574,49.01308970454667,70166,0,0,0,49,UTAH
2477,490261,559.0,1729.60559422416,3.0941066086299824,304.0,2.0,2.0,300.0,338.0119191776285,2.0,0.0,2.0,0.0,40.0,4.0,195.0,61.0,1.0031036623215397,0.0,0.0,33.00881551530694,70166,0,0,0,49,UTAH
2495,490279,341.0,1137.4386603164733,3.3355972443298336,1491.0,75.0,35.0,1381.0,1511.0053427365497,75.0,0.0,0.0,35.0,19.0,628.0,10.0,724.0,0.0,0.0,0.0,20.005342736549665,70166,1494,1528,87,49,UTAH
2490,490274,629.0,2051.4354496087726,3.2614236082810377,0.0,0.0,0.0,0.0,83.00964319773274,0.0,0.0,0.0,0.0,0.0,0.0,0.0,0.0,1.0031036623215397,0.0,43.99638833596684,38.01015119944436,96149,0,0,0,49,UTAH
2425,490209,649.0,2080.859893529652,3.20625561406726,782.0,259.0,1.0,522.0,824.0101720864515,185.0,74.0,1.0,0.0,33.0,44.0,131.0,314.0,0.0,0.0,2.9997537501795573,39.01041833627184,96415,0,0,0,49,UTAH
2424,490208,538.0,1912.5888548571256,3.554997871481646,0.0,0.0,0.0,0.0,62.00608588027504,0.0,0.0,0.0,0.0,0.0,0.0,0.0,0.0,0.0,0.0,29.997537501795573,32.00854837847946,96415,0,0,0,49,UTAH
2724,490508,347.0,1073.9922031120782,3.095078395135672,199.0,44.0,5.0,150.0,225.02112818498486,39.0,5.0,2.0,3.0,74.0,11.0,28.0,37.0,5.015518311607697,0.0,0.0,21.005609873377143,83312,0,0,0,49,UTAH
2725,490509,474.0,1462.9465711911955,3.086385171289442,35.0,3.0,28.0,4.0,65.01050141021759,3.0,0.0,0.0,28.0,0.0,0.0,0.0,4.0,1.0031036623215397,0.0,0.9999179167265191,28.00747983116953,83312,0,0,0,49,UTAH
2723,490507,226.0,736.5306118944989,3.2589850083827385,73.0,11.0,10.0,52.0,154.0077975730466,8.0,3.0,10.0,0.0,17.0,3.0,0.0,32.0,3.009310986964618,0.0,63.99474667049722,14.003739915584765,83312,0,0,0,49,UTAH
2722,490506,61.0,193.0979132307675,3.1655395611601227,4.0,0.0,2.0,2.0,41.011102781665144,0.0,0.0,0.0,2.0,0.0,2.0,0.0,0.0,4.012414649286158,0.0,28.997619585069053,4.0010685473099326,83312,0,0,0,49,UTAH
2783,490567,228.0,740.2086673846087,3.2465292429149506,1081.0,37.0,20.0,1024.0,1106.0028369995764,5.0,32.0,19.0,1.0,33.0,107.0,46.0,838.0,0.0,0.0,10.99909708399171,14.003739915584765,72724,1171,0,0,49,UTAH
2784,490568,308.0,953.5358858109804,3.095895733152534,766.0,133.0,61.0,572.0,863.0015096298848,132.0,1.0,3.0,58.0,90.0,222.0,9.0,251.0,1.0031036623215397,0.0,77.99359750466849,18.004808462894697,71179,618,1414,0,49,UTAH
3108,490892,100.0,353.09332705054624,3.5309332705054626,346.0,0.0,1.0,345.0,390.0048551477626,0.0,0.0,0.0,1.0,0.0,136.0,6.0,203.0,2.006207324643079,0.0,35.997045002154685,6.001602820964899,90129,676,0,0,49,UTAH
3109,490893,344.0,1195.3680342857035,3.4749070764119288,516.0,33.0,35.0,448.0,537.0056098733771,11.0,22.0,1.0,34.0,14.0,143.0,9.0,282.0,0.0,0.0,0.0,21.005609873377143,108751,0,1275,0,49,UTAH
3121,490905,75.0,259.3029120527449,3.4573721607032653,0.0,0.0,0.0,0.0,19.00302304380274,0.0,0.0,0.0,0.0,0.0,0.0,0.0,0.0,1.0031036623215397,0.0,13.998850834171268,4.0010685473099326,113111,0,0,0,49,UTAH
3124,490908,442.0,1255.1364359999886,2.83967519457011,0.0,0.0,0.0,0.0,341.98100724309455,0.0,0.0,0.0,0.0,0.0,0.0,0.0,0.0,0.0,0.0,315.97406168558,26.00694555751456,113111,0,0,0,49,UTAH
3049,490833,1.0,2.7585416175823925,2.7585416175823925,0.0,0.0,0.0,0.0,6.018621973929237,0.0,0.0,0.0,0.0,0.0,0.0,0.0,0.0,6.018621973929237,0.0,0.0,0.0,51304,0,0,0,49,UTAH
3053,490837,180.0,535.1570738109841,2.9730948545054674,249.0,126.0,60.0,63.0,337.0029895842343,126.0,0.0,0.0,60.0,3.0,17.0,2.0,41.0,2.006207324643079,0.0,74.99384375448894,11.002938505102314,51304,0,0,0,49,UTAH
3045,490829,7.0,11.953680342857034,1.7076686204081477,0.0,0.0,0.0,0.0,16.04965859714463,0.0,0.0,0.0,0.0,0.0,0.0,0.0,0.0,16.04965859714463,0.0,0.0,0.0,51304,0,0,0,49,UTAH
3046,490830,1.0,1.8390277450549284,1.8390277450549284,0.0,0.0,0.0,0.0,10.031036623215394,0.0,0.0,0.0,0.0,0.0,0.0,0.0,0.0,10.031036623215394,0.0,0.0,0.0,51304,0,0,0,49,UTAH
3227,491011,10.0,19.309791323076748,1.9309791323076748,0.0,0.0,0.0,0.0,9.0250964353998,0.0,0.0,0.0,0.0,0.0,0.0,0.0,0.0,8.024829298572316,0.0,0.0,1.0002671368274831,51304,0,0,0,49,UTAH
3128,490912,12.0,24.82687455824153,2.0689062131867946,0.0,0.0,0.0,0.0,5.012681786113641,0.0,0.0,0.0,0.0,0.0,0.0,0.0,0.0,4.012414649286158,0.0,0.0,1.0002671368274831,51304,0,0,0,49,UTAH
3129,490913,1.0,2.7585416175823925,2.7585416175823925,0.0,0.0,0.0,0.0,12.037243947858476,0.0,0.0,0.0,0.0,0.0,0.0,0.0,0.0,12.037243947858476,0.0,0.0,0.0,51304,0,0,0,49,UTAH
3131,490915,14.0,32.182985538461246,2.2987846813186605,0.0,0.0,0.0,0.0,7.018889110756721,0.0,0.0,0.0,0.0,0.0,0.0,0.0,0.0,6.018621973929237,0.0,0.0,1.0002671368274831,51304,0,0,0,49,UTAH
3288,491072,14.0,48.7342352439556,3.4810168031396858,0.0,0.0,0.0,0.0,7.018889110756721,0.0,0.0,0.0,0.0,0.0,0.0,0.0,0.0,6.018621973929237,0.0,0.0,1.0002671368274831,75589,0,0,0,49,UTAH
3285,491069,7.0,24.82687455824153,3.5466963654630765,0.0,0.0,0.0,0.0,5.015518311607697,0.0,0.0,0.0,0.0,0.0,0.0,0.0,0.0,5.015518311607697,0.0,0.0,0.0,75589,0,0,0,49,UTAH
3290,491074,26.0,78.15867916483445,3.0061030448013253,0.0,0.0,0.0,0.0,20.056400195442677,0.0,0.0,0.0,0.0,0.0,0.0,0.0,0.0,18.05586592178771,0.0,0.0,2.0005342736549663,75589,0,0,0,49,UTAH
3292,491076,56.0,188.50034386813016,3.3660775690737528,0.0,0.0,0.0,0.0,21.05666733227016,0.0,0.0,0.0,0.0,0.0,0.0,0.0,0.0,18.05586592178771,0.0,0.0,3.0008014104824494,75571,0,0,0,49,UTAH
3389,491173,138.0,399.9885345494469,2.8984676416626587,0.0,0.0,0.0,0.0,121.00241892150159,0.0,0.0,0.0,0.0,0.0,0.0,0.0,0.0,3.009310986964618,0.0,109.9909708399171,8.002137094619865,105921,0,0,0,49,UTAH
3388,491172,251.0,816.5283188043882,3.2531008717306302,1712.0,833.0,20.0,859.0,1803.000954469223,813.0,20.0,18.0,2.0,35.0,317.0,87.0,420.0,1.0031036623215397,0.0,74.99384375448894,15.004007052412248,105921,0,1194,0,49,UTAH
3328,491112,372.0,1095.1410221802098,2.9439274789790586,0.0,0.0,0.0,0.0,178.99936142745815,0.0,0.0,0.0,0.0,0.0,0.0,0.0,0.0,2.006207324643079,0.0,154.98727709261047,22.005877010204628,30043,0,0,0,49,UTAH
3492,491276,68.0,194.9369409758224,2.866719720232682,3.0,0.0,0.0,3.0,14.003679709990587,0.0,0.0,0.0,0.0,0.0,0.0,0.0,3.0,1.0031036623215397,0.0,5.9995075003591145,4.0010685473099326,67754,0,0,0,49,UTAH
2220,490004,9.0,26.665902303296463,2.962878033699607,155.0,52.0,9.0,94.0,319.0410452383654,45.0,7.0,1.0,8.0,0.0,7.0,3.0,84.0,17.05276225946617,0.0,145.98801584207177,1.0002671368274831,81720,0,0,0,49,UTAH
2310,490094,0.0,0.0,0.0,0.0,0.0,0.0,0.0,0.0,0.0,0.0,0.0,0.0,0.0,0.0,0.0,0.0,0.0,0.0,0.0,0.0,66402,0,0,0,49,UTAH
2395,490179,0.0,0.0,0.0,348.0,214.0,1.0,133.0,348.0,119.0,95.0,1.0,0.0,27.0,43.0,47.0,16.0,0.0,0.0,0.0,0.0,81720,0,0,0,49,UTAH
3062,490846,86.0,239.0736068571407,2.779925661129543,0.0,0.0,0.0,0.0,87.00416209249704,0.0,0.0,0.0,0.0,0.0,0.0,0.0,0.0,3.009310986964618,0.0,78.993515421395,5.001335684137416,75945,0,0,0,49,UTAH
3060,490844,342.0,1079.509286347243,3.1564599016001256,206.0,9.0,26.0,171.0,233.0079538992303,9.0,0.0,0.0,26.0,7.0,79.0,2.0,83.0,1.0031036623215397,0.0,5.9995075003591145,20.005342736549665,75945,0,241,210,49,UTAH
3047,490831,309.0,870.7796372835086,2.8180570785874064,0.0,0.0,0.0,0.0,176.00139654246976,0.0,0.0,0.0,0.0,0.0,0.0,0.0,0.0,3.009310986964618,0.0,154.98727709261047,18.004808462894697,51304,0,0,0,49,UTAH
2627,490411,379.0,1218.35588109889,3.2146593168836146,820.0,81.0,16.0,723.0,901.0013833171703,10.0,71.0,15.0,1.0,516.0,3.0,40.0,164.0,0.0,0.0,57.995239170138106,23.006144147032117,72767,0,0,0,49,UTAH
2606,490390,0.0,0.0,0.0,1357.0,193.0,173.0,991.0,1357.0,0.0,193.0,112.0,61.0,671.0,235.0,68.0,17.0,0.0,0.0,0.0,0.0,75570,0,0,0,49,UTAH
2509,490293,222.0,688.7158905230707,3.102323831185003,330.0,110.0,1.0,219.0,349.0220947526865,110.0,0.0,1.0,0.0,90.0,4.0,97.0,28.0,6.018621973929237,0.0,0.0,13.00347277875728,93988,0,0,0,49,UTAH
2508,490292,0.0,0.0,0.0,199.0,21.0,2.0,176.0,207.0248292985723,21.0,0.0,0.0,2.0,37.0,1.0,0.0,138.0,8.024829298572316,0.0,0.0,0.0,93988,0,0,0,49,UTAH
3130,490914,2.0,4.597569362637321,2.2987846813186605,24.0,4.0,4.0,16.0,32.024829298572314,4.0,0.0,0.0,4.0,0.0,6.0,0.0,10.0,8.024829298572316,0.0,0.0,0.0,51304,0,0,0,49,UTAH
3289,491073,7.0,11.03416647032957,1.576309495761367,0.0,0.0,0.0,0.0,13.040347610180014,0.0,0.0,0.0,0.0,0.0,0.0,0.0,0.0,13.040347610180014,0.0,0.0,0.0,75589,0,0,0,49,UTAH
2314,490098,0.0,0.0,0.0,1223.0,241.0,10.0,972.0,1226.0093109869647,240.0,1.0,4.0,6.0,138.0,186.0,166.0,482.0,3.009310986964618,0.0,0.0,0.0,66402,0,0,0,49,UTAH
2331,490115,208.0,650.0963078769172,3.125463018639025,0.0,0.0,0.0,0.0,85.00358505415574,0.0,0.0,0.0,0.0,0.0,0.0,0.0,0.0,2.006207324643079,0.0,70.99417208758285,12.003205641929798,66402,0,0,0,49,UTAH
2330,490114,72.0,220.6833294065914,3.065046241758214,2.0,0.0,0.0,2.0,10.013483196596091,0.0,0.0,0.0,0.0,0.0,1.0,0.0,1.0,4.012414649286158,0.0,0.0,4.0010685473099326,66402,0,0,0,49,UTAH
2347,490131,0.0,0.0,0.0,1104.0,47.0,8.0,1049.0,1110.0186219739292,0.0,47.0,2.0,6.0,138.0,364.0,511.0,36.0,6.018621973929237,0.0,0.0,0.0,81720,0,0,0,49,UTAH
2384,490168,0.0,0.0,0.0,0.0,0.0,0.0,0.0,0.0,0.0,0.0,0.0,0.0,0.0,0.0,0.0,0.0,0.0,0.0,0.0,0.0,81720,0,0,0,49,UTAH
2371,490155,64.0,193.0979132307675,3.017154894230742,0.0,0.0,0.0,0.0,59.99647188399501,0.0,0.0,0.0,0.0,0.0,0.0,0.0,0.0,0.0,0.0,55.99540333668507,4.0010685473099326,62109,0,0,0,49,UTAH
2357,490141,46.0,131.4904837714274,2.858488777639726,2.0,1.0,0.0,1.0,99.01220005634538,0.0,1.0,0.0,0.0,1.0,0.0,0.0,0.0,6.018621973929237,0.0,87.99277667193368,3.0008014104824494,81720,0,0,0,49,UTAH
2481,490265,660.0,2049.5964218637178,3.105449124035936,689.0,13.0,31.0,645.0,751.0152511322729,4.0,9.0,11.0,20.0,177.0,63.0,289.0,116.0,2.006207324643079,0.0,19.99835833453038,40.01068547309933,70166,0,0,0,49,UTAH
2496,490280,6.0,11.03416647032957,1.8390277450549284,978.0,66.0,27.0,885.0,980.0062073246431,66.0,0.0,2.0,25.0,6.0,355.0,12.0,512.0,2.006207324643079,0.0,0.0,0.0,70166,0,0,2401,49,UTAH
2507,490291,2.0,3.0,1.5,0.0,0.0,0.0,0.0,5.015518311607697,0.0,0.0,0.0,0.0,0.0,0.0,0.0,0.0,5.015518311607697,0.0,0.0,0.0,96089,0,0,0,49,UTAH
2743,490527,296.0,1073.0726892395508,3.625245571755239,0.0,0.0,0.0,0.0,33.00357721379248,0.0,0.0,0.0,0.0,0.0,0.0,0.0,0.0,0.0,0.0,14.998768750897787,18.004808462894697,123157,0,0,0,49,UTAH
2741,490525,388.0,1358.1219897230646,3.500314406502744,0.0,0.0,0.0,0.0,29.005651647391232,0.0,0.0,0.0,0.0,0.0,0.0,0.0,0.0,0.0,0.0,5.9995075003591145,23.006144147032117,123157,0,0,0,49,UTAH
2856,490640,661.0,2001.7817004922892,3.0284140703362925,0.0,0.0,0.0,0.0,46.010192973458444,0.0,0.0,0.0,0.0,0.0,0.0,0.0,0.0,0.0,0.0,5.9995075003591145,40.01068547309933,51612,0,0,0,49,UTAH
2857,490641,486.0,1508.0027509450413,3.102886318816957,0.0,0.0,0.0,0.0,40.00684405198872,0.0,0.0,0.0,0.0,0.0,0.0,0.0,0.0,0.0,0.0,10.99909708399171,29.00774696799701,93981,0,0,0,49,UTAH
3055,490839,0.0,0.0,0.0,2199.0,777.0,58.0,1364.0,2207.018457807382,765.0,12.0,29.0,29.0,733.0,125.0,4.0,502.0,6.018621973929237,0.0,1.9998358334530382,0.0,51304,0,0,0,49,UTAH
3297,491081,0.0,0.0,0.0,0.0,0.0,0.0,0.0,5.015518311607697,0.0,0.0,0.0,0.0,0.0,0.0,0.0,0.0,5.015518311607697,0.0,0.0,0.0,75589,0,0,0,49,UTAH
2779,490563,329.0,971.0066493890022,2.9513879920638364,821.0,30.0,46.0,745.0,849.0046860703618,25.0,5.0,18.0,28.0,144.0,56.0,176.0,369.0,0.0,0.0,7.999343333812153,20.005342736549665,70574,0,0,0,49,UTAH
2794,490578,37.0,78.15867916483445,2.1123967341847147,0.0,0.0,0.0,0.0,2.0005342736549663,0.0,0.0,0.0,0.0,0.0,0.0,0.0,0.0,0.0,0.0,0.0,2.0005342736549663,76529,0,0,0,49,UTAH
2790,490574,688.0,1839.0277450549283,2.6730054433937918,936.0,17.0,68.0,851.0,977.0109526099268,17.0,0.0,65.0,3.0,626.0,56.0,118.0,51.0,0.0,0.0,0.0,41.01095260992681,76529,0,0,0,49,UTAH
2791,490575,412.0,1141.116715806583,2.7697007665208324,512.0,2.0,59.0,451.0,537.0066784206871,0.0,2.0,38.0,21.0,316.0,21.0,62.0,52.0,0.0,0.0,0.0,25.00667842068708,76529,0,0,0,49,UTAH
2795,490579,0.0,0.0,0.0,0.0,0.0,0.0,0.0,0.0,0.0,0.0,0.0,0.0,0.0,0.0,0.0,0.0,0.0,0.0,0.0,0.0,76529,0,0,0,49,UTAH
2796,490580,0.0,0.0,0.0,488.0,27.0,165.0,296.0,488.0,20.0,7.0,160.0,5.0,226.0,21.0,9.0,40.0,0.0,0.0,0.0,0.0,76529,0,0,0,49,UTAH
2814,490598,0.0,0.0,0.0,260.0,6.0,45.0,209.0,262.00620732464307,6.0,0.0,7.0,38.0,93.0,10.0,3.0,103.0,2.006207324643079,0.0,0.0,0.0,76529,0,0,0,49,UTAH
2792,490576,0.0,0.0,0.0,0.0,0.0,0.0,0.0,0.0,0.0,0.0,0.0,0.0,0.0,0.0,0.0,0.0,0.0,0.0,0.0,0.0,76529,0,0,0,49,UTAH
3069,490853,310.0,886.4113731164755,2.859391526182179,185.0,70.0,29.0,86.0,208.00474726662824,40.0,30.0,6.0,23.0,14.0,4.0,11.0,57.0,0.0,0.0,3.9996716669060763,19.00507559972218,39576,0,0,0,49,UTAH
3068,490852,250.0,793.5404719912016,3.1741618879648064,126.0,67.0,2.0,57.0,157.00269372003655,13.0,54.0,1.0,1.0,11.0,3.0,6.0,37.0,0.0,0.0,15.998686667624305,15.004007052412248,47045,0,0,0,49,UTAH
3066,490850,289.0,917.6748447824092,3.175345483676157,1820.0,312.0,11.0,1497.0,1837.0045413260673,135.0,177.0,4.0,7.0,118.0,196.0,65.0,1118.0,0.0,0.0,0.0,17.004541326067212,44047,0,0,0,49,UTAH
3067,490851,293.0,792.6209581186741,2.705190983340185,664.0,76.0,6.0,582.0,693.0039055468865,62.0,14.0,6.0,0.0,54.0,79.0,134.0,315.0,0.0,0.0,10.99909708399171,18.004808462894697,56909,0,0,0,49,UTAH
3073,490857,478.0,1382.0293504087788,2.8912747916501647,186.0,7.0,8.0,171.0,272.0030682214086,4.0,3.0,0.0,8.0,20.0,26.0,2.0,123.0,0.0,0.0,56.99532125341159,29.00774696799701,54309,489,0,0,49,UTAH
3070,490854,244.0,635.3840859164777,2.6040331390019578,594.0,253.0,7.0,334.0,615.0035145527713,249.0,4.0,3.0,4.0,5.0,65.0,50.0,214.0,0.0,0.0,5.9995075003591145,15.004007052412248,56488,0,8,78,49,UTAH
3074,490858,343.0,971.0066493890022,2.830923176061231,0.0,0.0,0.0,0.0,21.005609873377143,0.0,0.0,0.0,0.0,0.0,0.0,0.0,0.0,0.0,0.0,0.0,21.005609873377143,70276,0,0,0,49,UTAH
3071,490855,443.0,1232.148589186802,2.7813737904893947,15.0,1.0,1.0,13.0,56.00606352851331,1.0,0.0,0.0,1.0,3.0,3.0,4.0,3.0,0.0,0.0,13.998850834171268,27.007212694342044,53962,0,0,0,49,UTAH
3072,490856,367.0,1228.4705336966922,3.3473311544869,466.0,48.0,20.0,398.0,532.0022653461715,48.0,0.0,0.0,20.0,44.0,150.0,7.0,197.0,0.0,0.0,43.99638833596684,22.005877010204628,101582,0,1225,0,49,UTAH
3305,491089,0.0,0.0,0.0,0.0,0.0,0.0,0.0,6.018621973929237,0.0,0.0,0.0,0.0,0.0,0.0,0.0,0.0,6.018621973929237,0.0,0.0,0.0,75589,0,0,0,49,UTAH
3316,491100,382.0,1132.841090953836,2.9655525941199894,0.0,0.0,0.0,0.0,27.018558796318274,0.0,0.0,0.0,0.0,0.0,0.0,0.0,0.0,4.012414649286158,0.0,0.0,23.006144147032117,56564,0,0,0,49,UTAH
3301,491085,15.0,40.45861039120842,2.6972406927472283,0.0,0.0,0.0,0.0,5.012681786113641,0.0,0.0,0.0,0.0,0.0,0.0,0.0,0.0,4.012414649286158,0.0,0.0,1.0002671368274831,75589,0,0,0,49,UTAH
3335,491119,110.0,289.6468698461512,2.6331533622377385,963.0,77.0,27.0,859.0,1066.0131044371085,77.0,0.0,18.0,9.0,195.0,108.0,223.0,333.0,6.018621973929237,0.0,89.99261250538672,7.0018699577923815,75589,0,0,0,49,UTAH
3314,491098,514.0,1481.3368486417448,2.881978304750476,0.0,0.0,0.0,0.0,33.01448856629506,0.0,0.0,0.0,0.0,0.0,0.0,0.0,0.0,2.006207324643079,0.0,0.0,31.00828124165198,75589,0,0,0,49,UTAH
3294,491078,11.0,24.82687455824153,2.256988596203776,0.0,0.0,0.0,0.0,5.012681786113641,0.0,0.0,0.0,0.0,0.0,0.0,0.0,0.0,4.012414649286158,0.0,0.0,1.0002671368274831,75589,0,0,0,49,UTAH
2336,490120,242.0,765.9550558153777,3.1651035364271807,0.0,0.0,0.0,0.0,131.994054089314,0.0,0.0,0.0,0.0,0.0,0.0,0.0,0.0,0.0,0.0,117.99031417372925,14.003739915584765,66402,0,0,0,49,UTAH
2329,490113,135.0,398.149506804392,2.94925560595846,0.0,0.0,0.0,0.0,11.011448081584483,0.0,0.0,0.0,0.0,0.0,0.0,0.0,0.0,3.009310986964618,0.0,0.0,8.002137094619865,66402,0,0,0,49,UTAH
2230,490014,0.0,0.0,0.0,0.0,0.0,0.0,0.0,0.0,0.0,0.0,0.0,0.0,0.0,0.0,0.0,0.0,0.0,0.0,0.0,0.0,81720,0,0,0,49,UTAH
2221,490005,10.0,19.309791323076748,1.9309791323076748,0.0,0.0,0.0,0.0,10.02820009772134,0.0,0.0,0.0,0.0,0.0,0.0,0.0,0.0,9.027932960893857,0.0,0.0,1.0002671368274831,81720,0,0,0,49,UTAH
2223,490007,28.0,102.985553723076,3.6780554901098568,166.0,27.0,21.0,118.0,172.01294892294115,3.0,24.0,10.0,11.0,14.0,29.0,2.0,73.0,4.012414649286158,0.0,0.0,2.0005342736549663,81720,0,0,0,49,UTAH
2224,490008,4.0,15.631735832966893,3.9079339582417223,0.0,0.0,0.0,0.0,3.009310986964618,0.0,0.0,0.0,0.0,0.0,0.0,0.0,0.0,3.009310986964618,0.0,0.0,0.0,81720,0,0,0,49,UTAH
2295,490079,0.0,0.0,0.0,476.0,341.0,21.0,114.0,476.0,4.0,337.0,0.0,21.0,0.0,114.0,0.0,0.0,0.0,0.0,0.0,0.0,66402,0,0,0,49,UTAH
2219,490003,1.0,1.8390277450549284,1.8390277450549284,520.0,236.0,12.0,272.0,560.1241464928615,231.0,5.0,5.0,7.0,33.0,26.0,62.0,151.0,40.12414649286158,0.0,0.0,0.0,81720,0,0,0,49,UTAH
2342,490126,310.0,1019.7408846329578,3.2894867246224444,0.0,0.0,0.0,0.0,104.99801643820281,0.0,0.0,0.0,0.0,0.0,0.0,0.0,0.0,0.0,0.0,85.99294083848064,19.00507559972218,66402,0,0,0,49,UTAH
2334,490118,574.0,1890.5205219164664,3.2935897594363523,0.0,0.0,0.0,0.0,53.013894561128325,0.0,0.0,0.0,0.0,0.0,0.0,0.0,0.0,2.006207324643079,0.0,16.998604584350826,34.009082652134424,66402,0,0,0,49,UTAH
2323,490107,215.0,691.4744321406531,3.21616014949141,55.0,31.0,3.0,21.0,154.99633153396445,30.0,1.0,3.0,0.0,11.0,3.0,1.0,6.0,0.0,0.0,86.99285875520717,13.00347277875728,66402,0,0,0,49,UTAH
2286,490070,544.0,1229.3900475692196,2.2599081756787127,117.0,10.0,12.0,95.0,160.0207376649522,1.0,9.0,2.0,10.0,10.0,16.0,3.0,66.0,4.012414649286158,0.0,5.9995075003591145,33.00881551530694,81720,0,0,0,49,UTAH
2345,490129,0.0,0.0,0.0,535.0,46.0,0.0,489.0,688.0033699871326,0.0,46.0,0.0,0.0,10.0,267.0,211.0,1.0,5.015518311607697,0.0,147.98785167552484,0.0,81720,0,0,0,49,UTAH
2273,490057,362.0,1126.4044938461436,3.1116146238843747,165.0,4.0,16.0,145.0,278.00159317791287,3.0,1.0,4.0,12.0,35.0,13.0,28.0,69.0,1.0031036623215397,0.0,89.99261250538672,22.005877010204628,81720,0,0,0,49,UTAH
2232,490016,5.0,14.712221960439429,2.9424443920878853,0.0,0.0,0.0,0.0,0.0,0.0,0.0,0.0,0.0,0.0,0.0,0.0,0.0,0.0,0.0,0.0,0.0,81720,0,0,0,49,UTAH
2241,490025,144.0,513.0887408703251,3.563116256043924,97.0,23.0,15.0,59.0,114.00174756525949,22.0,1.0,3.0,12.0,25.0,21.0,0.0,13.0,0.0,0.0,7.999343333812153,9.002404231447349,81720,96,0,0,49,UTAH
2248,490032,24.0,61.6074294593401,2.5669762274725043,0.0,0.0,0.0,0.0,8.02199277307826,0.0,0.0,0.0,0.0,0.0,0.0,0.0,0.0,7.0217256362507765,0.0,0.0,1.0002671368274831,81720,0,0,0,49,UTAH
2406,490190,0.0,0.0,0.0,895.0,322.0,12.0,561.0,1048.0033699871326,0.0,322.0,10.0,2.0,124.0,167.0,241.0,29.0,5.015518311607697,0.0,147.98785167552484,0.0,81720,0,0,0,49,UTAH
2362,490146,312.0,1079.509286347243,3.459965661369369,0.0,0.0,0.0,0.0,49.00261310151775,0.0,0.0,0.0,0.0,0.0,0.0,0.0,0.0,0.0,0.0,29.997537501795573,19.00507559972218,62109,0,0,0,49,UTAH
2361,490145,291.0,1012.384773652738,3.4789854764698904,137.0,1.0,3.0,133.0,154.00454132606723,1.0,0.0,0.0,3.0,17.0,108.0,2.0,6.0,0.0,0.0,0.0,17.004541326067212,62109,0,0,0,49,UTAH
2353,490137,331.0,1145.7142851692204,3.461372462746889,255.0,158.0,1.0,96.0,275.00534273654966,157.0,1.0,1.0,0.0,38.0,2.0,0.0,56.0,0.0,0.0,0.0,20.005342736549665,74211,0,0,0,49,UTAH
2320,490104,129.0,445.96422817582015,3.457087040122637,82.0,34.0,0.0,48.0,242.9927640993723,34.0,0.0,0.0,0.0,6.0,33.0,0.0,9.0,1.0031036623215397,0.0,151.9875233424309,8.002137094619865,66402,0,0,0,49,UTAH
2363,490147,415.0,1439.0392105054814,3.4675643626638104,229.0,12.0,29.0,188.0,267.0056113381318,11.0,1.0,0.0,29.0,39.0,108.0,6.0,35.0,0.0,0.0,12.998932917444748,25.00667842068708,74211,753,0,0,49,UTAH
2354,490138,395.0,1290.0779631560322,3.266020159888689,0.0,0.0,0.0,0.0,24.006411283859595,0.0,0.0,0.0,0.0,0.0,0.0,0.0,0.0,0.0,0.0,0.0,24.006411283859595,74211,0,0,0,49,UTAH
2373,490157,1.0,1.8390277450549284,1.8390277450549284,0.0,0.0,0.0,0.0,0.0,0.0,0.0,0.0,0.0,0.0,0.0,0.0,0.0,0.0,0.0,0.0,0.0,62109,0,0,0,49,UTAH
2372,490156,170.0,471.7106166065892,2.7747683329799364,0.0,0.0,0.0,0.0,260.98525421222615,0.0,0.0,0.0,0.0,0.0,0.0,0.0,0.0,1.0031036623215397,0.0,249.97947918162978,10.002671368274832,74211,0,0,0,49,UTAH
2367,490151,824.0,2148.903920096684,2.607893106913452,569.0,227.0,67.0,275.0,619.0161933668683,4.0,223.0,67.0,0.0,88.0,123.0,48.0,16.0,1.0031036623215397,0.0,0.0,49.01308970454667,74211,0,0,0,49,UTAH
2374,490158,97.0,268.49805077801955,2.7680211420414387,0.0,0.0,0.0,0.0,100.99699065557924,0.0,0.0,0.0,0.0,0.0,0.0,0.0,0.0,1.0031036623215397,0.0,93.9922841722928,6.001602820964899,73924,0,0,0,49,UTAH
2375,490159,266.0,778.8282500307622,2.9279257519953465,0.0,0.0,0.0,0.0,197.99570652465624,0.0,0.0,0.0,0.0,0.0,0.0,0.0,0.0,2.006207324643079,0.0,179.98522501077343,16.00427418923973,73829,0,0,0,49,UTAH
2355,490139,136.0,412.8617287648314,3.0357480056237605,0.0,0.0,0.0,0.0,10.008344419262944,0.0,0.0,0.0,0.0,0.0,0.0,0.0,0.0,2.006207324643079,0.0,0.0,8.002137094619865,81720,0,0,0,49,UTAH
2360,490144,491.0,1475.81976540658,3.005742903068391,693.0,43.0,63.0,587.0,756.0176991190788,38.0,5.0,5.0,58.0,49.0,429.0,0.0,109.0,4.012414649286158,0.0,29.997537501795573,29.00774696799701,79647,0,1307,0,49,UTAH
2397,490181,237.0,641.82068302417,2.708104147781308,0.0,0.0,0.0,0.0,103.00599174103002,0.0,0.0,0.0,0.0,0.0,0.0,0.0,0.0,3.009310986964618,0.0,85.99294083848064,14.003739915584765,79647,0,0,0,49,UTAH
2399,490183,30.0,102.985553723076,3.4328517907692,0.0,0.0,0.0,0.0,4.006741598298046,0.0,0.0,0.0,0.0,0.0,0.0,0.0,0.0,2.006207324643079,0.0,0.0,2.0005342736549663,79647,0,0,0,49,UTAH
2394,490178,0.0,0.0,0.0,668.0,288.0,1.0,379.0,671.0093109869646,0.0,288.0,1.0,0.0,26.0,150.0,203.0,0.0,3.009310986964618,0.0,0.0,0.0,81720,0,0,0,49,UTAH
2377,490161,568.0,1707.537261283501,3.0062275726822203,0.0,0.0,0.0,0.0,210.0105647239769,0.0,0.0,0.0,0.0,0.0,0.0,0.0,0.0,5.015518311607697,0.0,170.98596376023477,34.009082652134424,79422,0,0,0,49,UTAH
2431,490215,359.0,1371.9146978109766,3.821489408944224,0.0,0.0,0.0,0.0,21.005609873377143,0.0,0.0,0.0,0.0,0.0,0.0,0.0,0.0,0.0,0.0,0.0,21.005609873377143,74058,0,0,0,49,UTAH
2433,490217,288.0,1082.2678279648253,3.757874402655643,112.0,37.0,4.0,71.0,129.00454132606723,37.0,0.0,0.0,4.0,8.0,30.0,0.0,33.0,0.0,0.0,0.0,17.004541326067212,69958,371,0,0,49,UTAH
2430,490214,159.0,583.8913090549397,3.6722723839933313,0.0,0.0,0.0,0.0,10.002671368274832,0.0,0.0,0.0,0.0,0.0,0.0,0.0,0.0,0.0,0.0,0.0,10.002671368274832,79647,0,0,0,49,UTAH
2376,490160,434.0,1317.6633793318565,3.0360907357876874,271.0,15.0,22.0,234.0,301.00980297001564,15.0,0.0,0.0,22.0,11.0,96.0,0.0,127.0,1.0031036623215397,0.0,2.9997537501795573,26.00694555751456,73446,988,0,0,49,UTAH
2419,490203,291.0,1012.384773652738,3.4789854764698904,0.0,0.0,0.0,0.0,54.0142472273285,0.0,0.0,0.0,0.0,0.0,0.0,0.0,0.0,4.012414649286158,0.0,32.99729125197513,17.004541326067212,79568,0,0,0,49,UTAH
2418,490202,724.0,2503.836274892285,3.4583373962600623,2.0,0.0,1.0,1.0,132.00434563878895,0.0,0.0,0.0,1.0,0.0,0.0,0.0,1.0,0.0,0.0,86.99285875520717,43.011486883581775,79647,0,0,0,49,UTAH
2423,490207,680.0,2302.4627368087704,3.385974612954074,47.0,17.0,8.0,22.0,93.01054219355942,16.0,1.0,0.0,8.0,5.0,1.0,8.0,8.0,0.0,0.0,4.999589583632595,41.01095260992681,79509,0,0,0,49,UTAH
2426,490210,270.0,969.1676216439472,3.5895097097923974,243.0,109.0,1.0,133.0,259.0042741892397,109.0,0.0,1.0,0.0,10.0,61.0,1.0,61.0,0.0,0.0,0.0,16.00427418923973,79509,0,98,229,49,UTAH
2410,490194,0.0,0.0,0.0,235.0,38.0,0.0,197.0,239.01241464928617,38.0,0.0,0.0,0.0,13.0,19.0,153.0,12.0,4.012414649286158,0.0,0.0,0.0,81720,0,0,0,49,UTAH
2451,490235,139.0,424.8154091076885,3.0562259648035144,0.0,0.0,0.0,0.0,153.99015293669163,0.0,0.0,0.0,0.0,0.0,0.0,0.0,0.0,0.0,0.0,145.98801584207177,8.002137094619865,91516,0,0,0,49,UTAH
2448,490232,123.0,325.5079108747223,2.646405779469287,0.0,0.0,0.0,0.0,7.0018699577923815,0.0,0.0,0.0,0.0,0.0,0.0,0.0,0.0,0.0,0.0,0.0,7.0018699577923815,91516,0,0,0,49,UTAH
2450,490234,854.0,2496.480163912065,2.923278880459093,0.0,0.0,0.0,0.0,476.97865650369874,0.0,0.0,0.0,0.0,0.0,0.0,0.0,0.0,0.0,0.0,425.9650325254971,51.01362397820164,91516,0,0,0,49,UTAH
2445,490229,363.0,1117.209355120869,3.077711722096058,0.0,0.0,0.0,0.0,3856.691087656405,0.0,0.0,0.0,0.0,0.0,0.0,0.0,0.0,0.0,0.0,3834.6852106462006,22.005877010204628,91516,0,0,0,49,UTAH
2454,490238,173.0,597.6840171428518,3.454820908340184,0.0,0.0,0.0,0.0,39.000290953343885,0.0,0.0,0.0,0.0,0.0,0.0,0.0,0.0,0.0,0.0,28.997619585069053,10.002671368274832,91516,0,0,0,49,UTAH
2453,490237,464.0,1381.1098365362511,2.9765298201212307,0.0,0.0,0.0,0.0,28.00747983116953,0.0,0.0,0.0,0.0,0.0,0.0,0.0,0.0,0.0,0.0,0.0,28.00747983116953,91516,0,0,0,49,UTAH
2452,490236,415.0,1299.273101881307,3.130778558750137,0.0,0.0,0.0,0.0,25.00667842068708,0.0,0.0,0.0,0.0,0.0,0.0,0.0,0.0,0.0,0.0,0.0,25.00667842068708,91516,0,0,0,49,UTAH
2443,490227,288.0,824.8039436571354,2.863902582142831,0.0,0.0,0.0,0.0,176.99140800231027,0.0,0.0,0.0,0.0,0.0,0.0,0.0,0.0,0.0,0.0,159.98686667624304,17.004541326067212,91516,0,0,0,49,UTAH
2459,490243,616.0,2096.4916293626184,3.403395502212043,0.0,0.0,0.0,0.0,43.00939156297599,0.0,0.0,0.0,0.0,0.0,0.0,0.0,0.0,0.0,0.0,5.9995075003591145,37.00988406261688,91516,0,0,0,49,UTAH
2461,490245,583.0,1965.9206594637185,3.37207660285372,7.0,2.0,0.0,5.0,437.97684481266344,2.0,0.0,0.0,0.0,3.0,0.0,0.0,2.0,0.0,0.0,395.96749502370153,35.00934978896191,91516,0,0,0,49,UTAH
2462,490246,854.0,2630.729189301075,3.08047914438065,305.0,14.0,85.0,206.0,364.01296731201376,14.0,0.0,0.0,85.0,18.0,137.0,11.0,40.0,0.0,0.0,7.999343333812153,51.01362397820164,104302,1152,0,0,49,UTAH
2463,490247,805.0,2804.517311208766,3.483872436284181,0.0,0.0,0.0,0.0,117.007158821849,0.0,0.0,0.0,0.0,0.0,0.0,0.0,0.0,0.0,0.0,68.99433625412982,48.01282256771919,106764,0,0,0,49,UTAH
2465,490249,578.0,1983.39142304174,3.4314730502452253,0.0,0.0,0.0,0.0,35.00934978896191,0.0,0.0,0.0,0.0,0.0,0.0,0.0,0.0,0.0,0.0,0.0,35.00934978896191,105199,0,0,0,49,UTAH
2467,490251,403.0,1382.0293504087788,3.429353226820791,42.0,1.0,1.0,40.0,75.00567253439827,1.0,0.0,0.0,1.0,5.0,3.0,2.0,30.0,0.0,0.0,8.999261250538671,24.006411283859595,83446,0,0,0,49,UTAH
2469,490253,355.0,1217.4363672263626,3.4293982175390494,598.0,3.0,3.0,592.0,619.0056098733771,3.0,0.0,0.0,3.0,126.0,118.0,183.0,165.0,0.0,0.0,0.0,21.005609873377143,96951,888,0,0,49,UTAH
2466,490250,541.0,1900.6351745142688,3.513188862318426,236.0,36.0,12.0,188.0,369.0002579678579,31.0,5.0,0.0,12.0,8.0,7.0,5.0,168.0,0.0,0.0,100.99170958937843,32.00854837847946,106764,0,0,0,49,UTAH
2468,490252,592.0,2001.7817004922892,3.3813880075883267,3.0,1.0,0.0,2.0,61.00746187367185,1.0,0.0,0.0,0.0,0.0,0.0,0.0,2.0,0.0,0.0,22.998112084709938,35.00934978896191,96951,0,0,0,49,UTAH
2458,490242,68.0,229.87846813186604,3.3805657078215594,0.0,0.0,0.0,0.0,4.0010685473099326,0.0,0.0,0.0,0.0,0.0,0.0,0.0,0.0,0.0,0.0,0.0,4.0010685473099326,96951,0,0,0,49,UTAH
2475,490259,560.0,1678.112817362622,2.9966300310046825,186.0,0.0,3.0,183.0,365.0003663230747,0.0,0.0,2.0,1.0,48.0,9.0,123.0,3.0,1.0031036623215397,0.0,143.98818000861874,34.009082652134424,96951,0,0,0,49,UTAH
2473,490257,155.0,514.9277686153799,3.3221146362282576,0.0,0.0,0.0,0.0,63.007528971464446,0.0,0.0,0.0,0.0,0.0,0.0,0.0,0.0,3.009310986964618,0.0,50.995813753052474,9.002404231447349,96951,0,0,0,49,UTAH
2471,490255,980.0,2961.754183410962,3.022198146337717,0.0,0.0,0.0,0.0,59.01576107282151,0.0,0.0,0.0,0.0,0.0,0.0,0.0,0.0,0.0,0.0,0.0,59.01576107282151,96951,0,0,0,49,UTAH
2474,490258,209.0,641.82068302417,3.0709123589673206,221.0,0.0,3.0,218.0,324.00564252092903,0.0,0.0,3.0,0.0,42.0,26.0,143.0,7.0,3.009310986964618,0.0,86.99285875520717,13.00347277875728,96951,0,0,0,49,UTAH
2476,490260,794.0,2304.3017645538253,2.9021432802944904,0.0,0.0,0.0,0.0,74.01387414820371,0.0,0.0,0.0,0.0,0.0,0.0,0.0,0.0,1.0031036623215397,0.0,24.99794791816298,48.01282256771919,70166,0,0,0,49,UTAH
2435,490219,929.0,3047.268973556016,3.2801603590484567,246.0,14.0,10.0,222.0,308.0240243994832,12.0,2.0,0.0,10.0,5.0,111.0,0.0,106.0,3.009310986964618,0.0,2.9997537501795573,56.01495966233905,78311,1349,0,0,49,UTAH
2432,490216,549.0,1953.047465248334,3.5574635068275664,0.0,0.0,0.0,0.0,33.00881551530694,0.0,0.0,0.0,0.0,0.0,0.0,0.0,0.0,0.0,0.0,0.0,33.00881551530694,79422,0,0,0,49,UTAH
2437,490221,803.0,3007.7298770373354,3.745616285227068,0.0,0.0,0.0,0.0,48.01282256771919,0.0,0.0,0.0,0.0,0.0,0.0,0.0,0.0,0.0,0.0,0.0,48.01282256771919,75827,0,0,0,49,UTAH
2436,490220,518.0,1933.7376739252568,3.733084312597022,22.0,7.0,0.0,15.0,53.00828124165198,7.0,0.0,0.0,0.0,6.0,0.0,4.0,5.0,0.0,0.0,0.0,31.00828124165198,78311,0,0,0,49,UTAH
2434,490218,627.0,2412.804401512066,3.8481728891739486,349.0,92.0,6.0,251.0,387.01015119944435,37.0,55.0,2.0,4.0,28.0,66.0,92.0,65.0,0.0,0.0,0.0,38.01015119944436,76751,965,0,0,49,UTAH
2479,490263,457.0,1582.483374619766,3.4627644958857022,1145.0,212.0,89.0,844.0,1326.9944897869525,212.0,0.0,13.0,76.0,241.0,97.0,159.0,347.0,0.0,0.0,154.98727709261047,27.007212694342044,96951,0,1266,0,49,UTAH
2470,490254,543.0,2058.7915605889925,3.7915130029263215,0.0,0.0,0.0,0.0,54.007091766563846,0.0,0.0,0.0,0.0,0.0,0.0,0.0,0.0,0.0,0.0,20.9982762512569,33.00881551530694,83446,0,0,0,49,UTAH
2500,490284,1391.0,4775.955053907649,3.4334687662887484,319.0,9.0,27.0,283.0,407.0217619403137,9.0,0.0,4.0,23.0,63.0,78.0,21.0,121.0,0.0,0.0,4.999589583632595,83.0221723566811,83446,903,0,0,49,UTAH
2501,490285,413.0,1205.4826868835055,2.918844278168294,15.0,4.0,0.0,11.0,46.009371666641215,4.0,0.0,0.0,0.0,6.0,0.0,0.0,5.0,1.0031036623215397,0.0,4.999589583632595,25.00667842068708,70166,0,0,0,49,UTAH
2502,490286,156.0,479.9862414593363,3.076834881149592,11.0,0.0,1.0,10.0,27.011386885318046,0.0,0.0,1.0,0.0,3.0,0.0,2.0,5.0,3.009310986964618,0.0,3.9996716669060763,9.002404231447349,70166,0,0,0,49,UTAH
2503,490287,308.0,1023.4189401230676,3.3227887666333364,527.0,95.0,14.0,418.0,695.9955996341941,91.0,4.0,0.0,14.0,104.0,8.0,47.0,259.0,1.0031036623215397,0.0,149.98768750897787,18.004808462894697,70166,0,0,0,49,UTAH
2504,490288,640.0,2067.986699314267,3.2312292176785418,0.0,0.0,0.0,0.0,324.9897790455504,0.0,0.0,0.0,0.0,0.0,0.0,0.0,0.0,1.0031036623215397,0.0,285.9765241837845,38.01015119944436,70166,0,0,0,49,UTAH
2505,490289,82.0,268.49805077801955,3.2743664729026776,181.0,11.0,0.0,170.0,187.00443934645895,10.0,1.0,0.0,0.0,31.0,4.0,55.0,80.0,1.0031036623215397,0.0,0.0,5.001335684137416,70166,0,0,0,49,UTAH
2498,490282,191.0,628.027974936258,3.288104580818105,503.0,33.0,34.0,436.0,515.0060421674239,20.0,13.0,0.0,34.0,36.0,12.0,162.0,226.0,1.0031036623215397,0.0,0.0,11.002938505102314,70166,0,0,0,49,UTAH
2497,490281,459.0,1450.073376975811,3.159201257027911,314.0,2.0,0.0,312.0,590.9898776215668,0.0,2.0,0.0,0.0,71.0,4.0,224.0,13.0,1.0031036623215397,0.0,248.97956126490325,27.007212694342044,70166,0,0,0,49,UTAH
2499,490283,571.0,1907.0717716219608,3.3398805107214726,1292.0,21.0,43.0,1228.0,1328.0152899767775,10.0,11.0,25.0,18.0,478.0,16.0,438.0,296.0,2.006207324643079,0.0,0.0,34.009082652134424,70166,0,0,0,49,UTAH
2493,490277,384.0,1407.7757388395478,3.666082653227989,0.0,0.0,0.0,0.0,209.9907945748912,0.0,0.0,0.0,0.0,0.0,0.0,0.0,0.0,0.0,0.0,186.98465042785907,23.006144147032117,96415,0,0,0,49,UTAH
2492,490276,489.0,1621.1029572659197,3.315138971913946,245.0,10.0,23.0,212.0,280.0072544683561,10.0,0.0,0.0,23.0,28.0,28.0,0.0,156.0,0.0,0.0,5.9995075003591145,29.00774696799701,96415,0,0,0,49,UTAH
2491,490275,671.0,2106.6062819604203,3.1395026556787187,0.0,0.0,0.0,0.0,41.01378913542087,0.0,0.0,0.0,0.0,0.0,0.0,0.0,0.0,1.0031036623215397,0.0,0.0,40.01068547309933,96415,0,0,0,49,UTAH
2494,490278,147.0,482.7447830769187,3.2839781161695147,497.0,15.0,46.0,436.0,507.00550789376894,12.0,3.0,7.0,39.0,111.0,48.0,40.0,237.0,1.0031036623215397,0.0,0.0,9.002404231447349,96415,0,0,0,49,UTAH
2511,490295,206.0,592.1669339076869,2.8745967665421697,118.0,48.0,1.0,69.0,135.0059809711574,41.0,7.0,1.0,0.0,5.0,0.0,7.0,57.0,1.0031036623215397,0.0,3.9996716669060763,12.003205641929798,70166,0,0,0,49,UTAH
2513,490297,607.0,1954.8864929933889,3.220570828654677,840.0,247.0,2.0,591.0,876.0096169257894,62.0,185.0,0.0,2.0,99.0,263.0,139.0,90.0,0.0,0.0,0.0,36.009616925789395,70166,0,0,0,49,UTAH
2514,490298,98.0,287.8078421010963,2.936814715317309,359.0,121.0,2.0,236.0,367.00781014560795,34.0,87.0,2.0,0.0,64.0,9.0,80.0,83.0,2.006207324643079,0.0,0.0,6.001602820964899,70166,0,0,0,49,UTAH
2427,490211,824.0,2856.010088070304,3.466031660279495,192.0,4.0,3.0,185.0,241.01308970454667,4.0,0.0,1.0,2.0,119.0,2.0,25.0,39.0,0.0,0.0,0.0,49.01308970454667,96415,0,0,0,49,UTAH
2429,490213,0.0,0.0,0.0,498.0,0.0,0.0,498.0,498.0,0.0,0.0,0.0,0.0,117.0,85.0,99.0,197.0,0.0,0.0,0.0,0.0,102760,0,0,0,49,UTAH
2421,490205,417.0,1468.4636544263603,3.5214955741639336,357.0,51.0,20.0,286.0,382.0066784206871,44.0,7.0,2.0,18.0,34.0,104.0,21.0,127.0,0.0,0.0,0.0,25.00667842068708,102760,1140,0,0,49,UTAH
2518,490302,71.0,210.5686768087893,2.9657560113913983,0.0,0.0,0.0,0.0,4.0010685473099326,0.0,0.0,0.0,0.0,0.0,0.0,0.0,0.0,0.0,0.0,0.0,4.0010685473099326,87096,0,0,0,49,UTAH
2521,490305,111.0,354.9323547956012,3.1975887819423527,30.0,0.0,0.0,30.0,77.00495811804318,0.0,0.0,0.0,0.0,19.0,0.0,8.0,3.0,2.006207324643079,0.0,37.996880835607726,7.0018699577923815,107045,0,0,0,49,UTAH
2524,490308,1129.0,3545.645492465902,3.1405185938581948,111.0,5.0,1.0,105.0,180.02126896659038,5.0,0.0,1.0,0.0,17.0,5.0,14.0,69.0,1.0031036623215397,0.0,0.0,68.01816530426885,106434,0,0,0,49,UTAH
2522,490306,1.0,1.8390277450549284,1.8390277450549284,1184.0,554.0,4.0,626.0,1184.0,438.0,116.0,4.0,0.0,17.0,90.0,101.0,418.0,0.0,0.0,0.0,0.0,107045,0,0,0,49,UTAH
2525,490309,143.0,446.8837420483476,3.125061133205228,320.0,4.0,1.0,315.0,332.0021579816269,2.0,2.0,0.0,1.0,5.0,62.0,37.0,211.0,0.0,0.0,2.9997537501795573,9.002404231447349,107045,958,0,0,49,UTAH
2526,490310,1603.0,5143.7606029186345,3.2088338134239764,505.0,46.0,27.0,432.0,971.995192240977,46.0,0.0,4.0,23.0,130.0,99.0,20.0,183.0,0.0,0.0,370.9695471055386,96.02564513543838,91670,969,0,0,49,UTAH
2519,490303,424.0,1253.2974082549338,2.955890113808806,0.0,0.0,0.0,0.0,26.00978208300862,0.0,0.0,0.0,0.0,0.0,0.0,0.0,0.0,1.0031036623215397,0.0,0.0,25.00667842068708,91670,0,0,0,49,UTAH
2527,490311,153.0,499.2960327824131,3.263372763283745,5.0,1.0,0.0,4.0,17.011715218411965,1.0,0.0,0.0,0.0,0.0,0.0,0.0,4.0,3.009310986964618,0.0,0.0,9.002404231447349,91670,0,0,0,49,UTAH
2520,490304,752.0,2250.0504460747047,2.9920883591418947,0.0,0.0,0.0,0.0,45.01202115723674,0.0,0.0,0.0,0.0,0.0,0.0,0.0,0.0,0.0,0.0,0.0,45.01202115723674,91670,0,0,0,49,UTAH
2586,490370,421.0,1388.465947516471,3.298018877711333,101.0,76.0,2.0,23.0,128.01288574533015,73.0,3.0,1.0,1.0,0.0,2.0,5.0,16.0,2.006207324643079,0.0,0.0,25.00667842068708,91670,0,0,0,49,UTAH
2523,490307,530.0,1663.4005954021827,3.1384916894380805,948.0,348.0,7.0,593.0,995.0073171293772,69.0,279.0,5.0,2.0,178.0,18.0,172.0,225.0,0.0,0.0,14.998768750897787,32.00854837847946,107045,0,0,0,49,UTAH
2551,490335,240.0,788.9429026285643,3.2872620942856847,373.0,19.0,11.0,343.0,615.9913143371476,9.0,10.0,0.0,11.0,106.0,10.0,161.0,66.0,2.006207324643079,0.0,226.98136709691983,14.003739915584765,107045,0,0,0,49,UTAH
2553,490337,685.0,2205.913780193386,3.220312087873557,0.0,0.0,0.0,0.0,242.0008253631472,0.0,0.0,0.0,0.0,0.0,0.0,0.0,0.0,2.006207324643079,0.0,198.9836654285773,41.01095260992681,107045,0,0,0,49,UTAH
2552,490336,603.0,1912.5888548571256,3.1717891457000427,180.0,51.0,2.0,127.0,334.00311684511365,51.0,0.0,0.0,2.0,5.0,10.0,0.0,112.0,1.0031036623215397,0.0,116.99039625700273,36.009616925789395,107045,0,0,0,49,UTAH
2556,490340,156.0,477.2276998417539,3.059151922062525,15.0,0.0,0.0,15.0,27.011715218411965,0.0,0.0,0.0,0.0,3.0,0.0,1.0,11.0,3.009310986964618,0.0,0.0,9.002404231447349,85040,0,0,0,49,UTAH
2554,490338,1146.0,3560.3577144263413,3.106769384316179,0.0,0.0,0.0,0.0,70.02153610341787,0.0,0.0,0.0,0.0,0.0,0.0,0.0,0.0,1.0031036623215397,0.0,0.0,69.01843244109634,107045,0,0,0,49,UTAH
2589,490373,105.0,402.7470761670293,3.835686439685993,0.0,0.0,0.0,0.0,7.004706483286439,0.0,0.0,0.0,0.0,0.0,0.0,0.0,0.0,1.0031036623215397,0.0,0.0,6.001602820964899,107045,0,0,0,49,UTAH
2592,490376,829.0,2566.3632182241527,3.095733676989328,0.0,0.0,0.0,0.0,73.01784041727414,0.0,0.0,0.0,0.0,0.0,0.0,0.0,0.0,2.006207324643079,0.0,20.9982762512569,50.01335684137416,107045,0,0,0,49,UTAH
2593,490377,514.0,1652.366428931853,3.214720678855745,238.0,10.0,15.0,213.0,269.00828124165196,10.0,0.0,1.0,14.0,33.0,17.0,0.0,163.0,0.0,0.0,0.0,31.00828124165198,85040,511,0,0,49,UTAH
2598,490382,0.0,0.0,0.0,1586.0,197.0,326.0,1063.0,1586.0,197.0,0.0,1.0,325.0,146.0,246.0,0.0,671.0,0.0,0.0,0.0,0.0,87096,0,0,0,49,UTAH
2528,490312,364.0,1261.5730331076809,3.465859981065057,0.0,0.0,0.0,0.0,24.012084334847707,0.0,0.0,0.0,0.0,0.0,0.0,0.0,0.0,2.006207324643079,0.0,0.0,22.005877010204628,96089,0,0,0,49,UTAH
2529,490313,330.0,1060.1994950241665,3.2127257424974736,0.0,0.0,0.0,0.0,24.01775738583582,0.0,0.0,0.0,0.0,0.0,0.0,0.0,0.0,4.012414649286158,0.0,0.0,20.005342736549665,83312,0,0,0,49,UTAH
2534,490318,415.0,1386.626919771416,3.341269686196183,0.0,0.0,0.0,0.0,55.00740166807768,0.0,0.0,0.0,0.0,0.0,0.0,0.0,0.0,1.0031036623215397,0.0,28.997619585069053,25.00667842068708,83312,0,0,0,49,UTAH
2533,490317,317.0,1064.7970643868036,3.35898127566815,0.0,0.0,0.0,0.0,19.00507559972218,0.0,0.0,0.0,0.0,0.0,0.0,0.0,0.0,0.0,0.0,0.0,19.00507559972218,95907,0,0,0,49,UTAH
2532,490316,413.0,1443.6367798681188,3.4954885711092465,119.0,7.0,14.0,98.0,145.00978208300862,7.0,0.0,0.0,14.0,25.0,0.0,2.0,71.0,1.0031036623215397,0.0,0.0,25.00667842068708,95907,0,0,0,49,UTAH
2530,490314,402.0,1321.341434821966,3.2869189920944426,0.0,0.0,0.0,0.0,91.00409745013138,0.0,0.0,0.0,0.0,0.0,0.0,0.0,0.0,1.0031036623215397,0.0,65.99458250395026,24.006411283859595,96089,0,0,0,49,UTAH
2538,490322,82.0,257.46388430769,3.139803467166951,259.0,5.0,5.0,249.0,264.0013356841374,5.0,0.0,0.0,5.0,59.0,68.0,0.0,122.0,0.0,0.0,0.0,5.001335684137416,96089,850,0,0,49,UTAH
2539,490323,141.0,530.5595044483468,3.762833364881893,53.0,0.0,0.0,53.0,61.00213709461987,0.0,0.0,0.0,0.0,7.0,1.0,36.0,9.0,0.0,0.0,0.0,8.002137094619865,96086,0,0,0,49,UTAH
2542,490326,506.0,1814.2008704966868,3.5853772144203298,14.0,0.0,0.0,14.0,63.00645452262836,0.0,0.0,0.0,0.0,9.0,0.0,1.0,4.0,0.0,0.0,18.998440417803863,30.008014104824493,74290,0,0,0,49,UTAH
2536,490320,220.0,764.1160280703227,3.4732546730469216,331.0,1.0,2.0,328.0,401.00516552335887,1.0,0.0,0.0,2.0,222.0,3.0,55.0,48.0,2.006207324643079,0.0,54.99548541995855,13.00347277875728,93988,0,0,0,49,UTAH
2535,490319,694.0,2400.850721169209,3.4594390794945373,0.0,0.0,0.0,0.0,163.01084490744816,0.0,0.0,0.0,0.0,0.0,0.0,0.0,0.0,3.009310986964618,0.0,117.99031417372925,42.01121974675429,93988,0,0,0,49,UTAH
2544,490328,211.0,717.2208205714221,3.399150808395365,23.0,1.0,0.0,22.0,36.00347277875728,1.0,0.0,0.0,0.0,0.0,0.0,11.0,11.0,0.0,0.0,0.0,13.00347277875728,89516,0,0,0,49,UTAH
2545,490329,148.0,507.57165763516025,3.4295382272645965,162.0,2.0,37.0,123.0,175.00526164394844,2.0,0.0,1.0,36.0,78.0,2.0,36.0,7.0,1.0031036623215397,0.0,2.9997537501795573,9.002404231447349,83145,0,0,0,49,UTAH
2549,490333,0.0,0.0,0.0,891.0,90.0,53.0,748.0,891.0,27.0,63.0,4.0,49.0,319.0,65.0,129.0,235.0,0.0,0.0,0.0,0.0,80705,0,0,0,49,UTAH
2550,490334,17.0,43.21715200879082,2.542185412281813,680.0,159.0,35.0,486.0,681.0002671368275,35.0,124.0,7.0,28.0,60.0,8.0,158.0,260.0,0.0,0.0,0.0,1.0002671368274831,80705,0,0,0,49,UTAH
2548,490332,323.0,987.5578990944964,3.057454795958193,895.0,220.0,110.0,565.0,995.9983447712967,215.0,5.0,1.0,109.0,158.0,138.0,15.0,254.0,0.0,0.0,81.99326917157457,19.00507559972218,80705,0,0,0,49,UTAH
2547,490331,210.0,636.3035997890053,3.0300171418524062,562.0,142.0,8.0,412.0,591.0021594463816,121.0,21.0,8.0,0.0,39.0,24.0,69.0,280.0,0.0,0.0,15.998686667624305,13.00347277875728,54694,0,0,0,49,UTAH
2546,490330,214.0,628.027974936258,2.934710163253542,162.0,43.0,1.0,118.0,183.00281611256943,3.0,40.0,0.0,1.0,9.0,56.0,5.0,48.0,0.0,0.0,7.999343333812153,13.00347277875728,54694,0,0,0,49,UTAH
2543,490327,486.0,1553.058930698887,3.1955945076108785,278.0,41.0,6.0,231.0,307.00774696799704,41.0,0.0,1.0,5.0,1.0,54.0,27.0,149.0,0.0,0.0,0.0,29.00774696799701,66552,783,0,0,49,UTAH
2570,490354,102.0,304.35909180659064,2.9839126647704965,1431.0,283.0,111.0,1037.0,1465.999222406034,197.0,86.0,86.0,25.0,76.0,132.0,22.0,807.0,0.0,0.0,28.997619585069053,6.001602820964899,76187,0,0,1617,49,UTAH
2569,490353,239.0,726.4159592966968,3.039397319233041,425.0,5.0,49.0,371.0,442.0034936657643,5.0,0.0,4.0,45.0,70.0,99.0,116.0,86.0,0.0,0.0,2.9997537501795573,14.003739915584765,67297,0,0,0,49,UTAH
2568,490352,209.0,615.1547807208735,2.943324309669251,792.0,35.0,23.0,734.0,820.0022415296551,25.0,10.0,23.0,0.0,53.0,79.0,83.0,519.0,0.0,0.0,14.998768750897787,13.00347277875728,70166,0,0,0,49,UTAH
2572,490356,210.0,628.9474888087855,2.994988041946597,1182.0,278.0,43.0,861.0,1197.0033086122103,278.0,0.0,13.0,30.0,90.0,91.0,31.0,649.0,0.0,0.0,1.9998358334530382,13.00347277875728,81410,609,0,0,49,UTAH
2571,490355,370.0,1071.233661494496,2.895226112147286,63.0,2.0,0.0,61.0,96.00497409419634,2.0,0.0,0.0,0.0,3.0,35.0,0.0,23.0,0.0,0.0,10.99909708399171,22.005877010204628,73538,0,0,0,49,UTAH
2559,490343,115.0,342.05916058021666,2.974427483306232,237.0,65.0,20.0,152.0,244.0018699577924,65.0,0.0,1.0,19.0,8.0,6.0,50.0,88.0,0.0,0.0,0.0,7.0018699577923815,82474,0,0,0,49,UTAH
2541,490325,602.0,2084.537949019761,3.4626876229564143,1270.0,58.0,48.0,1164.0,1325.0080573435935,57.0,1.0,8.0,40.0,295.0,36.0,153.0,680.0,0.0,0.0,18.998440417803863,36.009616925789395,74290,0,0,0,49,UTAH
2557,490341,228.0,811.9307494417509,3.5610997782532934,810.0,573.0,6.0,231.0,842.0022624166621,562.0,11.0,4.0,2.0,14.0,145.0,1.0,71.0,0.0,0.0,17.998522501077343,14.003739915584765,77253,0,2002,0,49,UTAH
2562,490346,158.0,441.3666588131828,2.7934598659062204,165.0,4.0,26.0,135.0,180.00191173180644,4.0,0.0,14.0,12.0,6.0,16.0,0.0,113.0,0.0,0.0,5.9995075003591145,9.002404231447349,68933,0,0,0,49,UTAH
2560,490344,171.0,593.0864477802144,3.4683417998842945,244.0,29.0,6.0,209.0,260.0021788686339,29.0,0.0,0.0,6.0,16.0,73.0,0.0,120.0,0.0,0.0,5.9995075003591145,10.002671368274832,77253,477,125,0,49,UTAH
2537,490321,371.0,1316.7438654593286,3.549174839513015,66.0,1.0,3.0,62.0,91.01518799716925,1.0,0.0,0.0,3.0,10.0,0.0,43.0,9.0,3.009310986964618,0.0,0.0,22.005877010204628,77253,0,0,0,49,UTAH
2565,490349,56.0,195.85645484834987,3.497436693720533,0.0,0.0,0.0,0.0,21.002509657154814,0.0,0.0,0.0,0.0,0.0,0.0,0.0,0.0,1.0031036623215397,0.0,16.998604584350826,3.0008014104824494,112546,0,0,0,49,UTAH
2564,490348,238.0,884.5723453714205,3.7166905267706745,41.0,5.0,5.0,31.0,107.99938950209028,5.0,0.0,0.0,5.0,20.0,2.0,0.0,9.0,0.0,0.0,52.995649586505515,14.003739915584765,112546,0,0,0,49,UTAH
2563,490347,153.0,507.57165763516025,3.3174618146088903,0.0,0.0,0.0,0.0,11.008611556090427,0.0,0.0,0.0,0.0,0.0,0.0,0.0,0.0,2.006207324643079,0.0,0.0,9.002404231447349,77253,0,0,0,49,UTAH
2567,490351,323.0,1123.645952228561,3.478780037859323,4.0,0.0,3.0,1.0,28.004665183354774,0.0,0.0,0.0,3.0,1.0,0.0,0.0,0.0,0.0,0.0,4.999589583632595,19.00507559972218,93596,0,0,0,49,UTAH
2579,490363,288.0,856.9869291955966,2.975649059706933,485.0,56.0,4.0,425.0,513.0036384100589,56.0,0.0,0.0,4.0,40.0,143.0,0.0,242.0,0.0,0.0,10.99909708399171,17.004541326067212,71196,0,1332,0,49,UTAH
2578,490362,290.0,907.5601921846072,3.129517904084852,241.0,44.0,1.0,196.0,325.99895966347054,44.0,0.0,1.0,0.0,4.0,63.0,5.0,124.0,0.0,0.0,67.9944183374033,17.004541326067212,66634,718,0,0,49,UTAH
2584,490368,456.0,1720.4104554988855,3.7728299462694856,0.0,0.0,0.0,0.0,27.007212694342044,0.0,0.0,0.0,0.0,0.0,0.0,0.0,0.0,0.0,0.0,0.0,27.007212694342044,129697,0,0,0,49,UTAH
2583,490367,366.0,1147.5533129142752,3.1353915653395497,0.0,0.0,0.0,0.0,22.005877010204628,0.0,0.0,0.0,0.0,0.0,0.0,0.0,0.0,0.0,0.0,0.0,22.005877010204628,86845,0,0,0,49,UTAH
2582,490366,231.0,686.8768627780157,2.9734929124589424,0.0,0.0,0.0,0.0,27.002672833029514,0.0,0.0,0.0,0.0,0.0,0.0,0.0,0.0,0.0,0.0,12.998932917444748,14.003739915584765,89000,0,0,0,49,UTAH
2581,490365,509.0,1709.376289028556,3.3583031218635675,0.0,0.0,0.0,0.0,30.008014104824493,0.0,0.0,0.0,0.0,0.0,0.0,0.0,0.0,0.0,0.0,0.0,30.008014104824493,89230,0,0,0,49,UTAH
2573,490357,405.0,1249.6193527648238,3.0854798833699357,241.0,20.0,5.0,216.0,273.0089403632668,13.0,7.0,2.0,3.0,38.0,83.0,23.0,72.0,1.0031036623215397,0.0,6.999425417085634,24.006411283859595,77804,0,0,0,49,UTAH
2615,490399,359.0,1246.8608111472415,3.473149891775046,0.0,0.0,0.0,0.0,21.005609873377143,0.0,0.0,0.0,0.0,0.0,0.0,0.0,0.0,0.0,0.0,0.0,21.005609873377143,96918,0,0,0,49,UTAH
2616,490400,330.0,1146.6337990417478,3.4746478758840844,0.0,0.0,0.0,0.0,93.66602931492382,0.0,0.0,0.0,0.0,0.0,0.0,0.0,0.0,0.0,59.66183574420289,13.998850834171268,20.005342736549665,89205,0,0,0,49,UTAH
2585,490369,348.0,1098.8190776703198,3.15752608525954,0.0,0.0,0.0,0.0,50.0032294584462,0.0,0.0,0.0,0.0,0.0,0.0,0.0,0.0,0.0,0.0,28.997619585069053,21.005609873377143,86845,0,0,0,49,UTAH
2617,490401,232.0,776.9892222857072,3.349091475369428,0.0,0.0,0.0,0.0,26.002754916302994,0.0,0.0,0.0,0.0,0.0,0.0,0.0,0.0,0.0,0.0,11.999015000718229,14.003739915584765,103369,0,0,0,49,UTAH
2621,490405,318.0,1073.9922031120782,3.37733397205056,0.0,0.0,0.0,0.0,37.18308081003097,0.0,0.0,0.0,0.0,0.0,0.0,0.0,0.0,0.0,9.178743959770117,8.999261250538671,19.00507559972218,123639,0,0,0,49,UTAH
2620,490404,154.0,543.4326986637313,3.528783757556697,961.0,394.0,0.0,567.0,970.0024042314474,394.0,0.0,0.0,0.0,24.0,271.0,3.0,269.0,0.0,0.0,0.0,9.002404231447349,103369,0,0,2989,49,UTAH
2619,490403,454.0,1528.2320561406457,3.366149903393492,314.0,33.0,1.0,280.0,444.99867603390004,33.0,0.0,0.0,1.0,29.0,71.0,9.0,171.0,0.0,0.0,103.99146333955798,27.007212694342044,132678,999,0,0,49,UTAH
2626,490410,93.0,308.956661169228,3.3221146362282576,958.0,348.0,8.0,602.0,976.0006178216831,291.0,57.0,7.0,1.0,73.0,47.0,140.0,342.0,0.0,0.0,11.999015000718229,6.001602820964899,127755,0,0,0,49,UTAH
2625,490409,219.0,752.1623477274657,3.4345312681619435,588.0,92.0,2.0,494.0,601.0034727787573,91.0,1.0,2.0,0.0,92.0,90.0,95.0,217.0,0.0,0.0,0.0,13.00347277875728,123256,647,78,0,49,UTAH
2624,490408,299.0,1007.7872042901008,3.3705257668565243,39.0,0.0,0.0,39.0,57.0048084628947,0.0,0.0,0.0,0.0,10.0,2.0,5.0,22.0,0.0,0.0,0.0,18.004808462894697,103369,0,0,0,49,UTAH
2623,490407,410.0,1336.0536567824054,3.2586674555668425,182.0,29.0,4.0,149.0,225.0052009217644,2.0,27.0,2.0,2.0,24.0,3.0,82.0,40.0,0.0,0.0,17.998522501077343,25.00667842068708,132678,0,0,0,49,UTAH
2618,490402,314.0,1052.8433840439466,3.353004407783269,328.0,100.0,21.0,207.0,400.0007251862277,100.0,0.0,0.0,21.0,50.0,28.0,33.0,96.0,0.0,0.0,52.995649586505515,19.00507559972218,132678,0,0,0,49,UTAH
2647,490431,0.0,0.0,0.0,172.0,2.0,4.0,166.0,174.00620732464307,0.0,2.0,4.0,0.0,44.0,6.0,103.0,13.0,2.006207324643079,0.0,0.0,0.0,152001,0,0,0,49,UTAH
2648,490432,0.0,0.0,0.0,2187.0,30.0,1727.0,430.0,2187.0,1.0,29.0,1704.0,23.0,172.0,39.0,83.0,136.0,0.0,0.0,0.0,0.0,152001,0,0,0,49,UTAH
2646,490430,42.0,138.8465947516471,3.3058713036106453,753.0,43.0,21.0,689.0,759.0101123974471,26.0,17.0,11.0,10.0,185.0,170.0,55.0,279.0,3.009310986964618,0.0,0.0,3.0008014104824494,109972,799,0,0,49,UTAH
2645,490429,462.0,1449.1538631032836,3.1366966733837307,38.0,1.0,4.0,33.0,66.00747983116953,1.0,0.0,0.0,4.0,3.0,11.0,0.0,19.0,0.0,0.0,0.0,28.00747983116953,109972,0,0,0,49,UTAH
2622,490406,194.0,622.5108917010932,3.208819029387078,174.0,0.0,0.0,174.0,266.99655689677786,0.0,0.0,0.0,0.0,38.0,5.0,0.0,131.0,0.0,0.0,80.99335125484805,12.003205641929798,132678,0,0,0,49,UTAH
2650,490434,33.0,74.4806236747246,2.256988596203776,90.0,0.0,71.0,19.0,95.00984526061958,0.0,0.0,71.0,0.0,0.0,17.0,0.0,2.0,3.009310986964618,0.0,0.0,2.0005342736549663,128261,0,0,0,49,UTAH
2649,490433,501.0,1527.312542268118,3.0485280284792773,0.0,0.0,0.0,0.0,31.011117767146033,0.0,0.0,0.0,0.0,0.0,0.0,0.0,0.0,1.0031036623215397,0.0,0.0,30.008014104824493,109972,0,0,0,49,UTAH
2612,490396,709.0,2257.4065570549246,3.1839302638292306,0.0,0.0,0.0,0.0,42.01121974675429,0.0,0.0,0.0,0.0,0.0,0.0,0.0,0.0,0.0,0.0,0.0,42.01121974675429,51324,0,0,0,49,UTAH
2609,490393,0.0,0.0,0.0,743.0,8.0,1.0,734.0,744.0031036623216,5.0,3.0,1.0,0.0,106.0,44.0,570.0,14.0,1.0031036623215397,0.0,0.0,0.0,51324,0,0,0,49,UTAH
2610,490394,0.0,0.0,0.0,2459.0,11.0,21.0,2427.0,2498.9999024146555,11.0,0.0,15.0,6.0,2331.0,36.0,55.0,5.0,1.0031036623215397,0.0,38.99679875233424,0.0,51324,0,0,0,49,UTAH
2604,490388,0.0,0.0,0.0,3112.0,131.0,1.0,2980.0,3112.0,121.0,10.0,1.0,0.0,2192.0,191.0,16.0,581.0,0.0,0.0,0.0,0.0,75570,0,0,0,49,UTAH
2614,490398,1.0,3.6780554901098568,3.6780554901098568,1015.0,24.0,29.0,962.0,1015.0,23.0,1.0,6.0,23.0,515.0,120.0,125.0,202.0,0.0,0.0,0.0,0.0,51324,698,0,0,49,UTAH
2608,490392,0.0,0.0,0.0,1080.0,482.0,1.0,597.0,1235.990380754932,165.0,317.0,1.0,0.0,260.0,54.0,87.0,196.0,1.0031036623215397,0.0,154.98727709261047,0.0,51324,0,0,0,49,UTAH
2574,490358,324.0,953.5358858109804,2.9430119932437666,892.0,68.0,368.0,456.0,1259.6433894734223,68.0,0.0,105.0,263.0,119.0,14.0,5.0,318.0,0.0,238.64734303378307,109.9909708399171,19.00507559972218,74404,0,0,0,49,UTAH
2601,490385,0.0,0.0,0.0,197.0,32.0,6.0,159.0,247.99581375305246,29.0,3.0,2.0,4.0,85.0,62.0,0.0,12.0,0.0,0.0,50.995813753052474,0.0,75570,0,0,0,49,UTAH
2600,490384,276.0,950.777344193398,3.44484544997608,36.0,13.0,2.0,21.0,73.00608540619262,13.0,0.0,1.0,1.0,3.0,0.0,1.0,17.0,1.0031036623215397,0.0,18.998440417803863,17.004541326067212,75570,0,0,0,49,UTAH
2599,490383,0.0,0.0,0.0,498.0,1.0,2.0,495.0,498.0,0.0,1.0,2.0,0.0,385.0,76.0,0.0,34.0,0.0,0.0,0.0,0.0,75570,0,0,0,49,UTAH
2594,490378,475.0,1596.276082707678,3.360581226753006,176.0,6.0,9.0,161.0,204.00747983116952,3.0,3.0,0.0,9.0,100.0,4.0,1.0,56.0,0.0,0.0,0.0,28.00747983116953,85040,0,0,0,49,UTAH
2566,490350,323.0,1108.0142163955943,3.430384570884193,241.0,6.0,11.0,224.0,261.0081792620437,6.0,0.0,0.0,11.0,53.0,45.0,7.0,119.0,1.0031036623215397,0.0,0.0,19.00507559972218,93596,669,0,0,49,UTAH
2603,490387,0.0,0.0,0.0,1609.0,75.0,69.0,1465.0,1610.0031036623216,43.0,32.0,17.0,52.0,841.0,58.0,6.0,560.0,1.0031036623215397,0.0,0.0,0.0,75570,0,0,0,49,UTAH
2602,490386,0.0,0.0,0.0,518.0,9.0,6.0,503.0,518.0,4.0,5.0,0.0,6.0,257.0,160.0,6.0,80.0,0.0,0.0,0.0,0.0,75570,0,0,0,49,UTAH
2605,490389,0.0,0.0,0.0,1080.0,19.0,760.0,301.0,1080.0,16.0,3.0,365.0,395.0,144.0,82.0,3.0,72.0,0.0,0.0,0.0,0.0,75570,0,0,0,49,UTAH
2597,490381,159.0,531.4790183208743,3.3426353353514107,248.0,16.0,20.0,212.0,258.00267136827483,16.0,0.0,1.0,19.0,78.0,56.0,0.0,78.0,0.0,0.0,0.0,10.002671368274832,85040,0,0,0,49,UTAH
2628,490412,0.0,0.0,0.0,632.0,360.0,0.0,272.0,632.0,52.0,308.0,0.0,0.0,256.0,6.0,2.0,8.0,0.0,0.0,0.0,0.0,72767,0,0,0,49,UTAH
2629,490413,807.0,2668.429258074701,3.3066037894358127,1017.0,45.0,110.0,862.0,1065.0128225677192,35.0,10.0,59.0,51.0,572.0,68.0,136.0,86.0,0.0,0.0,0.0,48.01282256771919,72767,0,0,0,49,UTAH
2630,490414,2.0,3.0,1.5,39.0,13.0,1.0,25.0,39.0,13.0,0.0,0.0,1.0,1.0,0.0,19.0,5.0,0.0,0.0,0.0,0.0,72767,0,0,0,49,UTAH
2639,490423,718.0,2249.130932202177,3.132494334543422,53.0,0.0,0.0,53.0,367.989160233195,0.0,0.0,0.0,0.0,49.0,3.0,0.0,1.0,0.0,0.0,271.9776733496132,43.011486883581775,109972,0,0,0,49,UTAH
2638,490422,155.0,471.7106166065892,3.043294300687672,0.0,0.0,0.0,0.0,9.002404231447349,0.0,0.0,0.0,0.0,0.0,0.0,0.0,0.0,0.0,0.0,0.0,9.002404231447349,109972,0,0,0,49,UTAH
2631,490415,0.0,0.0,0.0,1872.0,324.0,6.0,1542.0,1931.9950750035912,85.0,239.0,0.0,6.0,1389.0,8.0,3.0,142.0,0.0,0.0,59.99507500359115,0.0,100955,0,0,0,49,UTAH
2644,490428,647.0,2074.423296421959,3.2062183870509413,242.0,6.0,8.0,228.0,329.0064783391448,6.0,0.0,0.0,8.0,38.0,71.0,5.0,114.0,0.0,0.0,47.996060002872916,39.01041833627184,109972,710,0,0,49,UTAH
2636,490420,806.0,2594.868148272504,3.219439389916258,0.0,0.0,0.0,0.0,48.01282256771919,0.0,0.0,0.0,0.0,0.0,0.0,0.0,0.0,0.0,0.0,0.0,48.01282256771919,101097,0,0,0,49,UTAH
2641,490425,324.0,994.9140100747162,3.070722253317025,0.0,0.0,0.0,0.0,19.00507559972218,0.0,0.0,0.0,0.0,0.0,0.0,0.0,0.0,0.0,0.0,0.0,19.00507559972218,101939,0,0,0,49,UTAH
2640,490424,0.0,0.0,0.0,358.0,288.0,2.0,68.0,360.00620732464307,288.0,0.0,2.0,0.0,8.0,4.0,5.0,51.0,2.006207324643079,0.0,0.0,0.0,100955,0,0,0,49,UTAH
2642,490426,0.0,0.0,0.0,8.0,0.0,5.0,3.0,8.0,0.0,0.0,0.0,5.0,1.0,0.0,0.0,2.0,0.0,0.0,0.0,0.0,109972,0,0,0,49,UTAH
2665,490449,606.0,1996.2646172571249,3.2941660350777635,471.0,14.0,49.0,408.0,631.0026243454728,13.0,1.0,0.0,49.0,103.0,75.0,74.0,156.0,1.0031036623215397,0.0,122.98990375736184,36.009616925789395,140614,927,0,0,49,UTAH
2667,490451,396.0,1407.7757388395478,3.5549892394938074,423.0,147.0,11.0,265.0,504.00491828286624,66.0,81.0,7.0,4.0,41.0,9.0,28.0,187.0,1.0031036623215397,0.0,55.99540333668507,24.006411283859595,127394,0,0,0,49,UTAH
2652,490436,208.0,670.3256130725214,3.2227192936178914,0.0,0.0,0.0,0.0,23.00230272592151,0.0,0.0,0.0,0.0,0.0,0.0,0.0,0.0,0.0,0.0,10.99909708399171,12.003205641929798,141904,0,0,0,49,UTAH
2668,490452,198.0,684.1183211604333,3.4551430361638045,46.0,4.0,0.0,42.0,59.00630930425134,3.0,1.0,0.0,0.0,4.0,2.0,0.0,36.0,1.0031036623215397,0.0,0.0,12.003205641929798,132626,0,0,0,49,UTAH
2669,490453,196.0,595.8449893977968,3.040025456111208,0.0,0.0,0.0,0.0,137.99286314947122,0.0,0.0,0.0,0.0,0.0,0.0,0.0,0.0,0.0,0.0,125.98965750754141,12.003205641929798,132626,0,0,0,49,UTAH
2666,490450,162.0,544.3522125362588,3.360198842816412,0.0,0.0,0.0,0.0,11.005775030596372,0.0,0.0,0.0,0.0,0.0,0.0,0.0,0.0,1.0031036623215397,0.0,0.0,10.002671368274832,152001,0,0,0,49,UTAH
2675,490459,438.0,1701.1006641758088,3.883791470721025,0.0,0.0,0.0,0.0,100.00087139527697,0.0,0.0,0.0,0.0,0.0,0.0,0.0,0.0,0.0,0.0,73.99392583776242,26.00694555751456,137505,0,0,0,49,UTAH
2678,490462,505.0,1562.2540694241616,3.09357241470131,732.0,221.0,3.0,508.0,762.0080141048245,24.0,197.0,2.0,1.0,26.0,180.0,27.0,275.0,0.0,0.0,0.0,30.008014104824493,132959,0,0,0,49,UTAH
2674,490458,405.0,1303.870671243944,3.2194337561578865,452.0,76.0,91.0,285.0,607.9987620373552,75.0,1.0,1.0,90.0,46.0,123.0,4.0,112.0,1.0031036623215397,0.0,130.989247091174,24.006411283859595,123845,0,1194,0,49,UTAH
2679,490463,239.0,736.5306118944989,3.0817180413995766,0.0,0.0,0.0,0.0,83.9979940864411,0.0,0.0,0.0,0.0,0.0,0.0,0.0,0.0,0.0,0.0,69.99425417085634,14.003739915584765,111764,0,0,0,49,UTAH
2673,490457,190.0,648.2572801318622,3.4118804217466434,0.0,0.0,0.0,0.0,23.001953505820545,0.0,0.0,0.0,0.0,0.0,0.0,0.0,0.0,0.0,0.0,11.999015000718229,11.002938505102314,123233,0,0,0,49,UTAH
2681,490465,260.0,870.7796372835086,3.3491524510904176,187.0,7.0,23.0,157.0,203.00427418923974,7.0,0.0,2.0,21.0,32.0,8.0,24.0,93.0,0.0,0.0,0.0,16.00427418923973,112892,0,0,0,49,UTAH
2682,490466,262.0,932.3870667428488,3.558729262377285,0.0,0.0,0.0,0.0,16.00427418923973,0.0,0.0,0.0,0.0,0.0,0.0,0.0,0.0,0.0,0.0,0.0,16.00427418923973,109118,0,0,0,49,UTAH
2688,490472,343.0,1285.480393793395,3.747756250126516,48.0,4.0,21.0,23.0,74.00519945700974,3.0,1.0,0.0,21.0,7.0,5.0,0.0,11.0,0.0,0.0,4.999589583632595,21.005609873377143,85589,0,0,0,49,UTAH
2670,490454,188.0,605.0401281230714,3.218298553846125,0.0,0.0,0.0,0.0,11.002938505102314,0.0,0.0,0.0,0.0,0.0,0.0,0.0,0.0,0.0,0.0,0.0,11.002938505102314,132626,0,0,0,49,UTAH
2689,490473,373.0,1384.787892026361,3.712568075137697,78.0,1.0,0.0,77.0,104.00554867711071,1.0,0.0,0.0,0.0,10.0,36.0,3.0,28.0,0.0,0.0,3.9996716669060763,22.005877010204628,92729,0,0,0,49,UTAH
2680,490464,69.0,210.5686768087893,3.051719953750569,1098.0,123.0,98.0,877.0,1105.0103795342745,105.0,18.0,0.0,98.0,113.0,401.0,64.0,299.0,3.009310986964618,0.0,0.0,4.0010685473099326,112892,0,0,2537,49,UTAH
2684,490468,409.0,1329.6170596747131,3.250897456417392,58.0,1.0,10.0,47.0,139.00173253727118,1.0,0.0,0.0,10.0,30.0,2.0,2.0,13.0,0.0,0.0,56.99532125341159,24.006411283859595,117955,0,0,0,49,UTAH
2685,490469,475.0,1572.3687220219638,3.310249941098871,0.0,0.0,0.0,0.0,32.00715149807561,0.0,0.0,0.0,0.0,0.0,0.0,0.0,0.0,0.0,0.0,3.9996716669060763,28.00747983116953,85999,0,0,0,49,UTAH
2698,490482,74.0,268.49805077801955,3.6283520375408047,1223.0,3.0,0.0,1220.0,1230.0103795342745,2.0,1.0,0.0,0.0,5.0,351.0,583.0,281.0,3.009310986964618,0.0,0.0,4.0010685473099326,91242,0,0,0,49,UTAH
2693,490477,406.0,1229.3900475692196,3.028054304357684,0.0,0.0,0.0,0.0,36.00542628457782,0.0,0.0,0.0,0.0,0.0,0.0,0.0,0.0,0.0,0.0,11.999015000718229,24.006411283859595,91242,0,0,0,49,UTAH
2713,490497,573.0,1794.89107917361,3.13244516435185,117.0,4.0,5.0,108.0,163.00809765285265,3.0,1.0,1.0,4.0,43.0,5.0,20.0,40.0,0.0,0.0,11.999015000718229,34.009082652134424,68889,0,0,0,49,UTAH
2712,490496,484.0,1554.897958443942,3.212599087694094,531.0,1.0,2.0,528.0,560.007746967997,1.0,0.0,0.0,2.0,12.0,217.0,1.0,298.0,0.0,0.0,0.0,29.00774696799701,59008,866,0,0,49,UTAH
2696,490480,641.0,2075.3428102944868,3.2376642906310247,457.0,12.0,14.0,431.0,600.0015324557289,11.0,1.0,2.0,12.0,121.0,162.0,5.0,143.0,0.0,0.0,104.9913812562845,38.01015119944436,80035,0,0,2393,49,UTAH
2699,490483,698.0,2489.1240529318457,3.566080305059951,1034.0,178.0,57.0,799.0,1121.0107117450427,177.0,1.0,0.0,57.0,193.0,222.0,37.0,347.0,1.0031036623215397,0.0,43.99638833596684,42.01121974675429,117317,576,327,0,49,UTAH
2576,490360,386.0,1245.0217834021864,3.2254450347206904,275.0,30.0,41.0,204.0,357.00130123389675,30.0,0.0,0.0,41.0,59.0,10.0,72.0,63.0,0.0,0.0,58.99515708686462,23.006144147032117,71196,0,0,0,49,UTAH
2575,490359,303.0,906.6406783120796,2.9922134597758405,1923.0,456.0,410.0,1057.0,1943.0046442963478,93.0,363.0,184.0,226.0,265.0,79.0,146.0,567.0,0.0,0.0,1.9998358334530382,18.004808462894697,36579,0,0,0,49,UTAH
2704,490488,615.0,1997.1841311296523,3.2474538717555324,321.0,112.0,2.0,207.0,469.0007728192605,81.0,31.0,0.0,2.0,45.0,10.0,80.0,72.0,0.0,0.0,110.99088875664361,37.00988406261688,82722,0,0,0,49,UTAH
2710,490494,323.0,1007.7872042901008,3.120084223808361,166.0,1.0,2.0,163.0,213.0027772680647,1.0,0.0,1.0,1.0,4.0,46.0,65.0,48.0,0.0,0.0,27.997701668342536,19.00507559972218,57297,0,0,0,49,UTAH
2711,490495,245.0,650.0963078769172,2.653454317864968,614.0,78.0,48.0,488.0,648.0024474702161,33.0,45.0,32.0,16.0,29.0,63.0,83.0,313.0,0.0,0.0,18.998440417803863,15.004007052412248,38529,453,0,0,49,UTAH
2719,490503,801.0,2076.262324167014,2.592087795464437,449.0,26.0,11.0,412.0,554.5465919459766,26.0,0.0,0.0,11.0,112.0,64.0,88.0,148.0,0.0,27.536231876461763,29.997537501795573,48.01282256771919,75176,519,22,174,49,UTAH
2703,490487,453.0,1426.1660162900969,3.148269351633768,992.0,307.0,34.0,651.0,1019.007212694342,170.0,137.0,25.0,9.0,142.0,70.0,58.0,381.0,0.0,0.0,0.0,27.007212694342044,36579,0,0,0,49,UTAH
2708,490492,17.0,42.29763813626335,2.488096360956668,1217.0,156.0,99.0,962.0,1218.0002671368275,129.0,27.0,17.0,82.0,189.0,134.0,86.0,553.0,0.0,0.0,0.0,1.0002671368274831,55929,0,0,0,49,UTAH
2709,490493,160.0,381.5982570988977,2.3849891068681104,753.0,68.0,87.0,598.0,770.0020967853604,24.0,44.0,28.0,59.0,54.0,8.0,269.0,267.0,0.0,0.0,6.999425417085634,10.002671368274832,38900,0,0,0,49,UTAH
2718,490502,506.0,1262.4925469802083,2.495044559249424,1126.0,387.0,49.0,690.0,1156.0080141048245,10.0,377.0,11.0,38.0,173.0,88.0,214.0,215.0,0.0,0.0,0.0,30.008014104824493,51709,0,0,0,49,UTAH
2705,490489,428.0,1269.848657960428,2.966936116729972,397.0,101.0,9.0,287.0,446.0050576422245,81.0,20.0,9.0,0.0,13.0,71.0,26.0,177.0,0.0,0.0,22.998112084709938,26.00694555751456,57339,743,0,0,49,UTAH
2707,490491,79.0,216.08576004395408,2.7352627853665075,696.0,63.0,17.0,616.0,701.0013356841374,54.0,9.0,17.0,0.0,150.0,143.0,50.0,273.0,0.0,0.0,0.0,5.001335684137416,56267,0,0,0,49,UTAH
2714,490498,97.0,249.1882594549428,2.5689511284014723,2024.0,251.0,231.0,1542.0,2049.9999611554954,154.0,97.0,159.0,72.0,818.0,341.0,66.0,317.0,0.0,0.0,19.99835833453038,6.001602820964899,67267,411,0,100,49,UTAH
2756,490540,88.0,237.23457911208573,2.695847489910065,1816.0,141.0,72.0,1603.0,1847.9991194357535,98.0,43.0,29.0,43.0,1172.0,67.0,56.0,308.0,0.0,0.0,26.997783751616016,5.001335684137416,60581,0,0,0,49,UTAH
2755,490539,896.0,2238.096765731848,2.497875854611437,345.0,119.0,4.0,222.0,399.0144253886841,44.0,75.0,4.0,0.0,108.0,10.0,11.0,93.0,0.0,0.0,0.0,54.01442538868409,58545,0,0,0,49,UTAH
2702,490486,0.0,0.0,0.0,1577.0,1062.0,0.0,515.0,1606.9975375017955,572.0,490.0,0.0,0.0,175.0,10.0,37.0,293.0,0.0,0.0,29.997537501795573,0.0,36579,0,0,0,49,UTAH
2729,490513,65.0,194.01742710329492,2.984883493896845,258.0,50.0,0.0,208.0,262.00106854730996,50.0,0.0,0.0,0.0,1.0,2.0,0.0,205.0,0.0,0.0,0.0,4.0010685473099326,80705,0,0,0,49,UTAH
2728,490512,161.0,536.9961015560391,3.3353795127704293,330.0,9.0,34.0,287.0,340.00267136827483,8.0,1.0,2.0,32.0,115.0,7.0,1.0,164.0,0.0,0.0,0.0,10.002671368274832,83312,0,0,0,49,UTAH
2726,490510,543.0,1828.9130924571264,3.3681640745066783,41.0,1.0,2.0,38.0,193.00541909695275,1.0,0.0,0.0,2.0,7.0,3.0,4.0,24.0,2.006207324643079,0.0,116.99039625700273,33.00881551530694,83312,0,0,0,49,UTAH
2700,490484,124.0,371.4836045010956,2.9958355201701257,507.0,370.0,1.0,136.0,514.0018699577923,231.0,139.0,1.0,0.0,17.0,5.0,3.0,111.0,0.0,0.0,0.0,7.0018699577923815,55929,0,0,0,49,UTAH
2721,490505,98.0,311.7152027868104,3.1807673753756163,0.0,0.0,0.0,0.0,11.017121132572596,0.0,0.0,0.0,0.0,0.0,0.0,0.0,0.0,5.015518311607697,0.0,0.0,6.001602820964899,83312,0,0,0,49,UTAH
2735,490519,0.0,0.0,0.0,959.0,380.0,307.0,272.0,960.0031036623216,212.0,168.0,85.0,222.0,66.0,24.0,0.0,182.0,1.0031036623215397,0.0,0.0,0.0,83312,0,0,0,49,UTAH
2732,490516,68.0,198.61499646593228,2.9208087715578275,14.0,3.0,0.0,11.0,20.007275871953013,3.0,0.0,0.0,0.0,0.0,2.0,0.0,9.0,2.006207324643079,0.0,0.0,4.0010685473099326,83312,0,0,0,49,UTAH
2736,490520,0.0,0.0,0.0,829.0,260.0,67.0,502.0,829.0,260.0,0.0,33.0,34.0,139.0,84.0,0.0,279.0,0.0,0.0,0.0,0.0,83312,0,0,0,49,UTAH
2733,490517,0.0,0.0,0.0,2586.0,87.0,471.0,2028.0,2587.0031036623213,87.0,0.0,462.0,9.0,1111.0,254.0,0.0,663.0,1.0031036623215397,0.0,0.0,0.0,83312,0,0,0,49,UTAH
2731,490515,0.0,0.0,0.0,420.0,11.0,196.0,213.0,421.00310366232156,11.0,0.0,85.0,111.0,6.0,19.0,0.0,188.0,1.0031036623215397,0.0,0.0,0.0,83312,0,0,0,49,UTAH
2730,490514,37.0,121.37583117362529,3.28042786955744,1250.0,120.0,618.0,512.0,1258.019156247584,118.0,2.0,207.0,411.0,11.0,82.0,1.0,418.0,6.018621973929237,0.0,0.0,2.0005342736549663,83312,0,0,0,49,UTAH
2697,490481,442.0,1530.0710838857003,3.461699284809277,0.0,0.0,0.0,0.0,56.00448305931013,0.0,0.0,0.0,0.0,0.0,0.0,0.0,0.0,0.0,0.0,29.997537501795573,26.00694555751456,79428,0,0,0,49,UTAH
2744,490528,259.0,888.2504008615305,3.4295382272645965,0.0,0.0,0.0,0.0,16.00427418923973,0.0,0.0,0.0,0.0,0.0,0.0,0.0,0.0,0.0,0.0,0.0,16.00427418923973,85941,0,0,0,49,UTAH
2738,490522,559.0,1645.9298318241608,2.94441830379993,336.0,8.0,7.0,321.0,477.9998684384975,8.0,0.0,0.0,7.0,105.0,68.0,4.0,144.0,0.0,0.0,108.99105292319058,33.00881551530694,67702,820,0,0,49,UTAH
2768,490552,22.0,32.0,1.4545454545454546,464.0,30.0,126.0,308.0,465.00026713682746,27.0,3.0,118.0,8.0,7.0,18.0,114.0,169.0,0.0,0.0,0.0,1.0002671368274831,29406,0,0,0,49,UTAH
2749,490533,405.0,1217.4363672263626,3.006015721546574,207.0,36.0,9.0,162.0,246.0051800347574,36.0,0.0,6.0,3.0,9.0,55.0,6.0,92.0,0.0,0.0,14.998768750897787,24.006411283859595,48069,515,0,0,49,UTAH
2739,490523,792.0,2292.3480842109684,2.894378894205768,458.0,62.0,44.0,352.0,514.0118166814303,46.0,16.0,5.0,39.0,27.0,40.0,15.0,270.0,0.0,0.0,8.999261250538671,47.01255543089171,43534,159,0,0,49,UTAH
2769,490553,325.0,681.359779542851,2.0964916293626183,979.0,286.0,37.0,656.0,998.0050755997222,102.0,184.0,9.0,28.0,146.0,247.0,90.0,173.0,0.0,0.0,0.0,19.00507559972218,29406,0,0,0,49,UTAH
2746,490530,805.0,2639.0048141538223,3.2782668498805245,687.0,92.0,7.0,588.0,735.0128225677192,0.0,92.0,0.0,7.0,114.0,6.0,161.0,307.0,0.0,0.0,0.0,48.01282256771919,58854,0,0,0,49,UTAH
2747,490531,744.0,2431.1946789626154,3.2677347835519024,1310.0,28.0,2.0,1280.0,1367.0110361579548,28.0,0.0,0.0,2.0,30.0,265.0,6.0,979.0,0.0,0.0,11.999015000718229,45.01202115723674,77014,421,0,2239,49,UTAH
2748,490532,750.0,2559.9266211164604,3.413235494821947,0.0,0.0,0.0,0.0,115.00627532809307,0.0,0.0,0.0,0.0,0.0,0.0,0.0,0.0,0.0,0.0,69.99425417085634,45.01202115723674,82451,0,0,0,49,UTAH
2787,490571,460.0,1530.0710838857003,3.326241486708044,103.0,3.0,8.0,92.0,141.00984474402972,3.0,0.0,4.0,4.0,23.0,3.0,6.0,60.0,1.0031036623215397,0.0,8.999261250538671,28.00747983116953,81368,0,0,0,49,UTAH
2788,490572,476.0,1630.298095991194,3.4249959999815003,0.0,0.0,0.0,0.0,77.00345775076896,0.0,0.0,0.0,0.0,0.0,0.0,0.0,0.0,0.0,0.0,48.99597791959943,28.00747983116953,132651,0,0,0,49,UTAH
2782,490566,46.0,134.24902538900977,2.918457073674125,458.0,67.0,2.0,389.0,461.00080141048244,16.0,51.0,1.0,1.0,60.0,267.0,2.0,60.0,0.0,0.0,0.0,3.0008014104824494,72724,0,0,0,49,UTAH
2766,490550,596.0,1319.5024070769111,2.213930213216294,554.0,328.0,35.0,191.0,590.0096169257894,217.0,111.0,2.0,33.0,51.0,24.0,44.0,72.0,0.0,0.0,0.0,36.009616925789395,58545,0,0,0,49,UTAH
2764,490548,394.0,1135.5996325714182,2.8822325699782185,966.0,159.0,95.0,712.0,990.0064112838596,154.0,5.0,83.0,12.0,153.0,60.0,125.0,374.0,0.0,0.0,0.0,24.006411283859595,58545,0,0,0,49,UTAH
2758,490542,1.0,1.0,1.0,730.0,230.0,163.0,337.0,734.0028574125012,227.0,3.0,159.0,4.0,123.0,43.0,76.0,95.0,1.0031036623215397,0.0,2.9997537501795573,0.0,52957,0,0,0,49,UTAH
2761,490545,687.0,1432.6026133977891,2.08530220290799,2695.0,14.0,209.0,2472.0,2854.001266783656,13.0,1.0,208.0,1.0,2359.0,57.0,45.0,11.0,0.0,0.0,117.99031417372925,41.01095260992681,52957,0,0,0,49,UTAH
2759,490543,0.0,0.0,0.0,1409.0,109.0,299.0,1001.0,1411.0062073246431,109.0,0.0,202.0,97.0,217.0,85.0,9.0,690.0,2.006207324643079,0.0,0.0,0.0,60581,317,167,132,49,UTAH
2757,490541,0.0,0.0,0.0,1097.0,95.0,114.0,888.0,1098.0031036623216,52.0,43.0,109.0,5.0,620.0,34.0,25.0,209.0,1.0031036623215397,0.0,0.0,0.0,60581,0,0,0,49,UTAH
2770,490554,0.0,0.0,0.0,1053.0,139.0,117.0,797.0,1061.0248292985723,139.0,0.0,7.0,110.0,222.0,65.0,8.0,502.0,8.024829298572316,0.0,0.0,0.0,83312,0,0,0,49,UTAH
2775,490559,197.0,520.4448518505448,2.641852039850481,360.0,18.0,111.0,231.0,374.0094129665729,18.0,0.0,102.0,9.0,95.0,8.0,7.0,121.0,2.006207324643079,0.0,0.0,12.003205641929798,60581,0,0,0,49,UTAH
2781,490565,56.0,162.75395543736116,2.906320632810021,1273.0,527.0,110.0,636.0,1276.0008014104824,420.0,107.0,45.0,65.0,13.0,85.0,5.0,533.0,0.0,0.0,0.0,3.0008014104824494,60581,0,0,0,49,UTAH
2773,490557,3.0,15.631735832966893,5.210578610988963,1104.0,14.0,770.0,320.0,1105.0031036623216,14.0,0.0,707.0,63.0,60.0,93.0,0.0,167.0,1.0031036623215397,0.0,0.0,0.0,60581,0,0,0,49,UTAH
2776,490560,32.0,95.62944274285628,2.9884200857142584,3590.0,525.0,525.0,2540.0,3592.000534273655,509.0,16.0,284.0,241.0,1486.0,64.0,5.0,985.0,0.0,0.0,0.0,2.0005342736549663,70574,0,0,0,49,UTAH
2780,490564,157.0,481.8252692043913,3.0689507592636387,252.0,64.0,5.0,183.0,266.005179560675,22.0,42.0,0.0,5.0,8.0,8.0,16.0,151.0,1.0031036623215397,0.0,3.9996716669060763,9.002404231447349,61067,0,0,0,49,UTAH
2811,490595,0.0,0.0,0.0,1368.0,45.0,532.0,791.0,1368.0,4.0,41.0,440.0,92.0,240.0,48.0,2.0,501.0,0.0,0.0,0.0,0.0,76529,0,0,0,49,UTAH
2789,490573,266.0,719.059848316477,2.7032325124679586,104.0,5.0,9.0,90.0,121.00737785156127,4.0,1.0,3.0,6.0,34.0,1.0,3.0,52.0,1.0031036623215397,0.0,0.0,16.00427418923973,76529,0,0,0,49,UTAH
2807,490591,724.0,2101.089198725256,2.902056904316652,245.0,15.0,13.0,217.0,288.01148688358177,15.0,0.0,7.0,6.0,91.0,22.0,6.0,98.0,0.0,0.0,0.0,43.011486883581775,76529,546,0,0,49,UTAH
2809,490593,0.0,0.0,0.0,0.0,0.0,0.0,0.0,0.0,0.0,0.0,0.0,0.0,0.0,0.0,0.0,0.0,0.0,0.0,0.0,0.0,76529,0,0,0,49,UTAH
2805,490589,1252.0,3594.379727709857,2.870910325646851,0.0,0.0,0.0,0.0,75.02003526206124,0.0,0.0,0.0,0.0,0.0,0.0,0.0,0.0,0.0,0.0,0.0,75.02003526206124,76529,0,0,0,49,UTAH
2806,490590,500.0,1384.787892026361,2.769575784052722,180.0,22.0,50.0,108.0,210.0080141048245,19.0,3.0,50.0,0.0,19.0,22.0,7.0,60.0,0.0,0.0,0.0,30.008014104824493,76529,0,0,0,49,UTAH
2803,490587,245.0,810.0917216966959,3.30649682325182,0.0,0.0,0.0,0.0,95.00062613612879,0.0,0.0,0.0,0.0,0.0,0.0,0.0,0.0,1.0031036623215397,0.0,78.993515421395,15.004007052412248,76529,0,0,0,49,UTAH
2799,490583,395.0,1233.987616931857,3.12401928337179,0.0,0.0,0.0,0.0,256.99047162673355,0.0,0.0,0.0,0.0,0.0,0.0,0.0,0.0,1.0031036623215397,0.0,231.98095668055242,24.006411283859595,76529,0,0,0,49,UTAH
2804,490588,823.0,2468.894747736241,2.999872111465664,0.0,0.0,0.0,0.0,137.0090521220754,0.0,0.0,0.0,0.0,0.0,0.0,0.0,0.0,1.0031036623215397,0.0,86.99285875520717,49.01308970454667,76529,0,0,0,49,UTAH
2800,490584,233.0,748.4842922373558,3.212378936641012,19.0,0.0,0.0,19.0,227.990919422851,0.0,0.0,0.0,0.0,0.0,15.0,0.0,4.0,1.0031036623215397,0.0,193.9840758449447,14.003739915584765,76529,0,0,0,49,UTAH
2802,490586,356.0,1010.5457459076832,2.8386116458080988,100.0,24.0,5.0,71.0,150.0032294584462,2.0,22.0,4.0,1.0,3.0,4.0,0.0,64.0,0.0,0.0,28.997619585069053,21.005609873377143,76529,0,0,0,49,UTAH
2801,490585,258.0,758.5989448351579,2.9403059877331703,337.0,1.0,16.0,320.0,358.0035145527714,1.0,0.0,1.0,15.0,9.0,45.0,32.0,234.0,0.0,0.0,5.9995075003591145,15.004007052412248,76529,576,0,0,49,UTAH
2860,490644,0.0,0.0,0.0,2412.0,194.0,699.0,1519.0,2412.0,192.0,2.0,259.0,440.0,298.0,141.0,360.0,720.0,0.0,0.0,0.0,0.0,76529,0,0,0,49,UTAH
2831,490615,1.0,1.8390277450549284,1.8390277450549284,1200.0,266.0,678.0,256.0,1200.0,239.0,27.0,569.0,109.0,44.0,40.0,3.0,169.0,0.0,0.0,0.0,0.0,76529,0,0,0,49,UTAH
2835,490619,0.0,0.0,0.0,1962.0,0.0,422.0,1540.0,1962.0,0.0,0.0,165.0,257.0,266.0,383.0,81.0,810.0,0.0,0.0,0.0,0.0,76529,0,0,0,49,UTAH
2880,490664,1045.0,3048.188487428544,2.916926782228272,114.0,1.0,10.0,103.0,268.01573153343475,1.0,0.0,0.0,10.0,15.0,2.0,3.0,83.0,2.006207324643079,0.0,88.9926945886602,63.01682962013144,76529,0,0,0,49,UTAH
2855,490639,242.0,686.8768627780157,2.8383341437108087,696.0,19.0,432.0,245.0,710.0037399155848,19.0,0.0,160.0,272.0,12.0,18.0,163.0,52.0,0.0,0.0,0.0,14.003739915584765,74306,0,0,0,49,UTAH
2882,490666,937.0,2717.1634933186565,2.89985431517466,1855.0,264.0,274.0,1317.0,1915.0146313292453,196.0,68.0,273.0,1.0,219.0,348.0,66.0,684.0,0.0,0.0,3.9996716669060763,56.01495966233905,74306,0,0,0,49,UTAH
2877,490661,7.0,21.14881906813168,3.021259866875954,2131.0,51.0,1393.0,687.0,2132.0031036623213,50.0,1.0,1334.0,59.0,363.0,84.0,100.0,140.0,1.0031036623215397,0.0,0.0,0.0,76529,0,0,0,49,UTAH
2878,490662,678.0,1919.9449658373453,2.831777235748297,35.0,11.0,0.0,24.0,77.01405627224835,11.0,0.0,0.0,0.0,2.0,1.0,3.0,18.0,1.0031036623215397,0.0,0.0,41.01095260992681,45886,0,0,0,49,UTAH
2875,490659,113.0,319.99082763955755,2.831777235748297,16.0,7.0,0.0,9.0,32.02661717309122,7.0,0.0,0.0,0.0,2.0,0.0,0.0,7.0,8.024829298572316,0.0,0.9999179167265191,7.0018699577923815,66338,0,0,0,49,UTAH
2876,490660,99.0,278.61270337582164,2.8142697310689053,161.0,3.0,47.0,111.0,276.99575940647696,3.0,0.0,6.0,41.0,5.0,11.0,69.0,26.0,1.0031036623215397,0.0,108.99105292319058,6.001602820964899,45886,0,0,0,49,UTAH
2817,490601,474.0,1567.7711526593264,3.307534077340351,690.0,223.0,192.0,275.0,748.0050173329652,111.0,112.0,191.0,1.0,50.0,16.0,75.0,134.0,0.0,0.0,29.997537501795573,28.00747983116953,80931,0,0,0,49,UTAH
2819,490603,251.0,864.3430401758163,3.443597769624766,683.0,128.0,11.0,544.0,722.0020370538487,22.0,106.0,10.0,1.0,30.0,10.0,256.0,248.0,0.0,0.0,23.998030001436458,15.004007052412248,69686,0,0,0,49,UTAH
2818,490602,339.0,1237.6656724219667,3.650931187085448,502.0,156.0,31.0,315.0,541.0037831543535,156.0,0.0,18.0,13.0,40.0,103.0,26.0,146.0,0.0,0.0,18.998440417803863,20.005342736549665,69942,412,321,308,49,UTAH
2816,490600,552.0,1556.736986188997,2.820175699617748,252.0,8.0,19.0,225.0,289.008487182213,8.0,0.0,3.0,16.0,14.0,66.0,7.0,138.0,0.0,0.0,3.9996716669060763,33.00881551530694,81822,560,0,0,49,UTAH
2815,490599,415.0,1156.74845163955,2.787345666601325,646.0,13.0,24.0,609.0,675.0063500875932,13.0,0.0,1.0,23.0,373.0,7.0,216.0,13.0,0.0,0.0,3.9996716669060763,25.00667842068708,37361,0,0,0,49,UTAH
2812,490596,868.0,2368.667735630748,2.728879879758926,2040.0,361.0,35.0,1644.0,2115.0120031997394,243.0,118.0,23.0,12.0,240.0,89.0,173.0,1142.0,0.0,0.0,22.998112084709938,52.013891115029125,67968,0,0,0,49,UTAH
2833,490617,499.0,1393.0635168791082,2.7917104546675517,913.0,28.0,8.0,877.0,943.0080141048245,28.0,0.0,1.0,7.0,57.0,90.0,693.0,37.0,0.0,0.0,0.0,30.008014104824493,66041,666,0,0,49,UTAH
2832,490616,864.0,2296.026139701078,2.6574376616910627,226.0,17.0,69.0,140.0,278.01389111502914,7.0,10.0,5.0,64.0,26.0,18.0,71.0,25.0,0.0,0.0,0.0,52.013891115029125,53100,0,0,0,49,UTAH
2836,490620,778.0,2348.438430435144,3.0185583938755056,501.0,236.0,45.0,220.0,566.011077931969,164.0,72.0,31.0,14.0,28.0,34.0,18.0,140.0,0.0,0.0,17.998522501077343,47.01255543089171,62461,0,0,0,49,UTAH
2837,490621,650.0,1935.576701670312,2.9778103102620186,595.0,107.0,85.0,403.0,645.0095154202636,107.0,0.0,1.0,84.0,19.0,78.0,64.0,242.0,0.0,0.0,10.99909708399171,39.01041833627184,48398,0,1031,0,49,UTAH
2813,490597,612.0,1699.261636430754,2.776571301357441,1836.0,224.0,62.0,1550.0,1885.008899063335,168.0,56.0,18.0,44.0,77.0,70.0,1059.0,344.0,0.0,0.0,11.999015000718229,37.00988406261688,62831,0,0,0,49,UTAH
2838,490622,445.0,1298.3535880087795,2.91764851237928,916.0,276.0,21.0,619.0,943.007212694342,192.0,84.0,0.0,21.0,69.0,21.0,163.0,366.0,0.0,0.0,0.0,27.007212694342044,27283,0,0,0,49,UTAH
2834,490618,885.0,2378.7823882285497,2.6878897042130507,1980.0,505.0,58.0,1417.0,2033.0141582518565,293.0,212.0,23.0,35.0,469.0,70.0,273.0,605.0,0.0,0.0,0.0,53.01415825185661,44920,0,0,0,49,UTAH
2827,490611,188.0,634.4645720439503,3.374811553425268,647.0,215.0,12.0,420.0,687.0005580901714,134.0,81.0,0.0,12.0,23.0,7.0,258.0,132.0,0.0,0.0,28.997619585069053,11.002938505102314,87293,0,0,0,49,UTAH
2830,490614,204.0,628.027974936258,3.0785685045895,0.0,0.0,0.0,0.0,1135.9109440425373,0.0,0.0,0.0,0.0,0.0,0.0,0.0,0.0,0.0,0.0,1123.9077384006075,12.003205641929798,108177,0,0,0,49,UTAH
2785,490569,483.0,1697.4226086856988,3.5143325231587967,0.0,0.0,0.0,0.0,114.00076988975113,0.0,0.0,0.0,0.0,0.0,0.0,0.0,0.0,0.0,0.0,84.99302292175412,29.00774696799701,127028,0,0,0,49,UTAH
2824,490608,500.0,1717.651913881303,3.4353038277626062,592.0,170.0,25.0,397.0,638.0067007724488,143.0,27.0,25.0,0.0,35.0,64.0,48.0,250.0,0.0,0.0,15.998686667624305,30.008014104824493,69546,571,0,0,49,UTAH
2829,490613,741.0,2513.03141361756,3.391405416487935,4.0,0.0,4.0,0.0,102.00732152364128,0.0,0.0,0.0,4.0,0.0,0.0,0.0,0.0,0.0,0.0,53.99556750323203,44.011754020409256,111551,0,0,0,49,UTAH
2825,490609,346.0,1173.2997013450442,3.391039599263133,872.0,270.0,31.0,571.0,944.0014236264296,269.0,1.0,27.0,4.0,28.0,171.0,0.0,372.0,0.0,0.0,50.995813753052474,21.005609873377143,105921,0,0,1519,49,UTAH
2828,490612,700.0,2558.087593371405,3.6544108476734367,240.0,38.0,7.0,195.0,389.0024368364919,38.0,0.0,0.0,7.0,57.0,58.0,11.0,69.0,0.0,0.0,106.99121708973755,42.01121974675429,96584,689,0,0,49,UTAH
2820,490604,788.0,2250.0504460747047,2.855393967099879,913.0,288.0,136.0,489.0,963.0123091810713,190.0,98.0,12.0,124.0,14.0,82.0,46.0,347.0,0.0,0.0,2.9997537501795573,47.01255543089171,40188,0,0,0,49,UTAH
2821,490605,653.0,1890.5205219164664,2.895130967712812,30.0,5.0,0.0,25.0,92.00853042098177,5.0,0.0,0.0,0.0,3.0,0.0,10.0,12.0,0.0,0.0,22.998112084709938,39.01041833627184,53757,0,0,0,49,UTAH
2844,490628,873.0,2310.738361661517,2.646893885064739,505.0,30.0,4.0,471.0,557.0138911150291,29.0,1.0,0.0,4.0,5.0,63.0,102.0,301.0,0.0,0.0,0.0,52.013891115029125,46709,379,0,0,49,UTAH
2846,490630,455.0,1533.7491393758105,3.370877229397385,349.0,159.0,14.0,176.0,441.0018772815658,154.0,5.0,1.0,13.0,29.0,7.0,14.0,126.0,0.0,0.0,64.99466458722374,27.007212694342044,82695,0,0,0,49,UTAH
2847,490631,88.0,262.9809675428548,2.988420085714259,746.0,175.0,26.0,545.0,751.0013356841374,175.0,0.0,0.0,26.0,26.0,114.0,252.0,153.0,0.0,0.0,0.0,5.001335684137416,90294,0,0,0,49,UTAH
2843,490627,415.0,1108.9337302681215,2.6721294705255945,575.0,188.0,28.0,359.0,600.0066784206871,157.0,31.0,0.0,28.0,54.0,5.0,14.0,286.0,0.0,0.0,0.0,25.00667842068708,34572,0,0,0,49,UTAH
2839,490623,269.0,725.4964454241692,2.697012808268287,539.0,97.0,16.0,426.0,556.0041921059662,12.0,85.0,14.0,2.0,141.0,123.0,113.0,49.0,0.0,0.0,0.9999179167265191,16.00427418923973,54061,0,0,0,49,UTAH
2841,490625,597.0,1790.2935098109729,2.998816599348363,0.0,0.0,0.0,0.0,58.007811093772816,0.0,0.0,0.0,0.0,0.0,0.0,0.0,0.0,0.0,0.0,21.99819416798342,36.009616925789395,68126,0,0,0,49,UTAH
2842,490626,447.0,1370.0756700659217,3.065046241758214,241.0,21.0,9.0,211.0,271.0069664445216,21.0,0.0,1.0,8.0,26.0,50.0,8.0,127.0,0.0,0.0,2.9997537501795573,27.007212694342044,93981,721,0,0,49,UTAH
2861,490645,784.0,2307.979820043935,2.9438518112805294,257.0,1.0,0.0,256.0,304.0125554308917,1.0,0.0,0.0,0.0,141.0,0.0,15.0,100.0,0.0,0.0,0.0,47.01255543089171,64404,0,0,0,49,UTAH
2862,490646,247.0,660.2109604747193,2.672918868318701,772.0,3.0,3.0,766.0,874.996783724346,2.0,1.0,3.0,0.0,83.0,150.0,132.0,401.0,0.0,0.0,87.99277667193368,15.004007052412248,59238,705,0,1244,49,UTAH
2863,490647,601.0,1739.7202468219623,2.894709229321069,997.0,469.0,2.0,526.0,1033.0096169257895,369.0,100.0,1.0,1.0,55.0,19.0,101.0,351.0,0.0,0.0,0.0,36.009616925789395,53392,0,0,0,49,UTAH
2864,490648,441.0,1266.1706024703185,2.871135152993919,1001.0,278.0,0.0,723.0,1027.0069455575147,119.0,159.0,0.0,0.0,77.0,33.0,189.0,424.0,0.0,0.0,0.0,26.00694555751456,53392,0,0,0,49,UTAH
2872,490656,298.0,869.8601234109811,2.918993702721413,1655.0,593.0,6.0,1056.0,1709.0018534650494,372.0,221.0,3.0,3.0,55.0,88.0,86.0,827.0,0.0,0.0,35.997045002154685,18.004808462894697,60535,524,0,0,49,UTAH
2858,490642,474.0,1446.3953214857013,3.0514669229656146,64.0,2.0,0.0,62.0,114.00567399915296,2.0,0.0,0.0,0.0,30.0,0.0,4.0,28.0,0.0,0.0,21.99819416798342,28.00747983116953,82881,0,0,0,49,UTAH
2859,490643,677.0,1765.4666352527313,2.607779372603739,1028.0,102.0,15.0,911.0,1069.0109526099268,62.0,40.0,2.0,13.0,130.0,103.0,251.0,427.0,0.0,0.0,0.0,41.01095260992681,39896,0,0,0,49,UTAH
2853,490637,717.0,1787.5349681933903,2.4930752694468485,25.0,2.0,0.0,23.0,72.01115855048785,2.0,0.0,0.0,0.0,0.0,0.0,6.0,17.0,0.0,0.0,3.9996716669060763,43.011486883581775,39474,0,0,0,49,UTAH
2854,490638,81.0,228.03944038681112,2.815301733170508,1074.0,66.0,62.0,946.0,1079.0013356841373,21.0,45.0,56.0,6.0,188.0,175.0,196.0,387.0,0.0,0.0,0.0,5.001335684137416,39474,0,0,0,49,UTAH
2850,490634,0.0,0.0,0.0,1146.0,916.0,4.0,226.0,1146.0,848.0,68.0,0.0,4.0,34.0,35.0,0.0,157.0,0.0,0.0,0.0,0.0,63616,0,0,0,49,UTAH
2852,490636,435.0,1250.5388666373512,2.874801992269773,787.0,137.0,86.0,564.0,820.0063709746001,87.0,50.0,2.0,84.0,59.0,168.0,0.0,337.0,0.0,0.0,6.999425417085634,26.00694555751456,63616,464,1226,0,49,UTAH
2851,490635,47.0,122.29534504615272,2.6020286180032497,803.0,476.0,1.0,326.0,815.0000626610212,339.0,137.0,1.0,0.0,25.0,6.0,10.0,285.0,0.0,0.0,8.999261250538671,3.0008014104824494,39474,0,0,0,49,UTAH
2869,490653,84.0,206.89062131867945,2.462983587127136,874.0,66.0,0.0,808.0,879.0013356841374,63.0,3.0,0.0,0.0,202.0,53.0,22.0,531.0,0.0,0.0,0.0,5.001335684137416,74162,748,0,0,49,UTAH
2870,490654,497.0,1467.544140553833,2.952805111778336,8.0,2.0,1.0,5.0,50.00702910554273,1.0,1.0,0.0,1.0,2.0,0.0,2.0,1.0,0.0,0.0,11.999015000718229,30.008014104824493,74162,0,0,0,49,UTAH
2871,490655,274.0,861.5844985582339,3.14446897284027,0.0,0.0,0.0,0.0,25.183018149009847,0.0,0.0,0.0,0.0,0.0,0.0,0.0,0.0,0.0,9.178743959770117,0.0,16.00427418923973,67734,0,0,0,49,UTAH
2866,490650,233.0,683.1988072879059,2.9321837222656906,323.0,132.0,0.0,191.0,340.0034936657643,61.0,71.0,0.0,0.0,32.0,9.0,35.0,115.0,0.0,0.0,2.9997537501795573,14.003739915584765,52442,0,0,0,49,UTAH
2865,490649,70.0,158.15638607472386,2.2593769439246265,2744.0,1888.0,0.0,856.0,2748.00106854731,1079.0,809.0,0.0,0.0,95.0,42.0,110.0,609.0,0.0,0.0,0.0,4.0010685473099326,52442,0,0,0,49,UTAH
2868,490652,355.0,995.8335239472436,2.805164856189419,954.0,131.0,26.0,797.0,1042.000110294054,72.0,59.0,3.0,23.0,350.0,18.0,39.0,390.0,0.0,0.0,66.99450042067677,21.005609873377143,92203,0,0,0,49,UTAH
2890,490674,524.0,1360.880531340647,2.5971002506500898,1781.0,710.0,20.0,1051.0,1816.007952908558,567.0,143.0,20.0,0.0,145.0,65.0,1.0,840.0,0.0,0.0,3.9996716669060763,31.00828124165198,63047,0,0,0,49,UTAH
2891,490675,203.0,561.8229761142807,2.767600867558033,521.0,195.0,50.0,276.0,533.0032056419298,99.0,96.0,1.0,49.0,23.0,14.0,32.0,207.0,0.0,0.0,0.0,12.003205641929798,74876,0,0,0,49,UTAH
2892,490676,8.0,23.907360685714067,2.9884200857142584,460.0,93.0,0.0,367.0,460.0,27.0,66.0,0.0,0.0,80.0,21.0,101.0,165.0,0.0,0.0,0.0,0.0,74876,0,0,0,49,UTAH
2893,490677,0.0,0.0,0.0,2414.0,821.0,2.0,1591.0,2416.9997537501795,387.0,434.0,0.0,2.0,72.0,50.0,82.0,1387.0,0.0,0.0,2.9997537501795573,0.0,43625,0,0,0,49,UTAH
2885,490669,436.0,1303.870671243944,2.9905290624861105,0.0,0.0,0.0,0.0,44.0054680585919,0.0,0.0,0.0,0.0,0.0,0.0,0.0,0.0,0.0,0.0,17.998522501077343,26.00694555751456,74787,0,0,0,49,UTAH
2889,490673,892.0,2600.385231507669,2.915230080165548,155.0,90.0,3.0,62.0,208.0141582518566,31.0,59.0,3.0,0.0,8.0,1.0,21.0,32.0,0.0,0.0,0.0,53.01415825185661,43625,0,0,0,49,UTAH
2884,490668,416.0,1262.4925469802083,3.0348378533178084,241.0,55.0,44.0,142.0,290.00470842212354,44.0,11.0,0.0,44.0,20.0,11.0,2.0,109.0,0.0,0.0,23.998030001436458,25.00667842068708,63047,0,0,0,49,UTAH
2886,490670,463.0,1298.3535880087795,2.8042194125459603,274.0,10.0,56.0,208.0,314.0064948318877,10.0,0.0,0.0,56.0,23.0,66.0,5.0,114.0,0.0,0.0,11.999015000718229,28.00747983116953,61585,723,0,0,49,UTAH
2894,490678,203.0,538.8351293010941,2.6543602428625324,1287.0,276.0,4.0,1007.0,1299.0032056419298,193.0,83.0,0.0,4.0,208.0,25.0,497.0,277.0,0.0,0.0,0.0,12.003205641929798,54433,0,0,0,49,UTAH
2897,490681,0.0,0.0,0.0,1707.0,11.0,1.0,1695.0,1707.0,11.0,0.0,0.0,1.0,481.0,156.0,954.0,104.0,0.0,0.0,0.0,0.0,67334,0,0,0,49,UTAH
2896,490680,128.0,327.34693861977723,2.5573979579670096,965.0,359.0,6.0,600.0,973.0021370946199,133.0,226.0,6.0,0.0,228.0,119.0,22.0,231.0,0.0,0.0,0.0,8.002137094619865,67334,0,0,0,49,UTAH
2910,490694,682.0,1992.586561767015,2.9216811756114587,388.0,28.0,13.0,347.0,495.0087208594721,27.0,1.0,5.0,8.0,61.0,43.0,7.0,236.0,1.0031036623215397,0.0,64.99466458722374,41.01095260992681,68752,476,0,0,49,UTAH
2898,490682,32.0,102.985553723076,3.218298553846125,571.0,21.0,47.0,503.0,577.000205940561,18.0,3.0,29.0,18.0,250.0,54.0,85.0,114.0,0.0,0.0,3.9996716669060763,2.0005342736549663,67334,0,0,0,49,UTAH
2823,490607,660.0,2335.565236219759,3.538735206393574,721.0,90.0,7.0,624.0,1308.8631994686625,39.0,51.0,4.0,3.0,108.0,67.0,290.0,159.0,0.0,45.89371979885057,501.9587941967126,40.01068547309933,121339,592,0,0,49,UTAH
2911,490695,423.0,1343.4097677626253,3.175909616460107,0.0,0.0,0.0,0.0,81.00208175737215,0.0,0.0,0.0,0.0,0.0,0.0,0.0,0.0,0.0,0.0,55.99540333668507,25.00667842068708,68752,0,0,0,49,UTAH
2903,490687,119.0,331.94450798241456,2.789449646911047,260.0,49.0,1.0,210.0,367.9680535238094,0.0,49.0,0.0,1.0,161.0,3.0,19.0,27.0,0.0,100.96618356601698,0.0,7.0018699577923815,119851,0,0,0,49,UTAH
2901,490685,759.0,2202.235724703277,2.9014963434825782,295.0,16.0,6.0,273.0,345.01161074086934,16.0,0.0,0.0,6.0,1.0,2.0,261.0,9.0,0.0,0.0,4.999589583632595,45.01202115723674,119851,0,0,0,49,UTAH
2902,490686,144.0,406.4251316571392,2.822396747619022,531.0,158.0,2.0,371.0,549.001665481986,158.0,0.0,0.0,2.0,32.0,76.0,107.0,156.0,0.0,0.0,8.999261250538671,9.002404231447349,92556,231,105,90,49,UTAH
2909,490693,530.0,1625.7005266285566,3.067359484204824,0.0,0.0,0.0,0.0,231.9921317237833,0.0,0.0,0.0,0.0,0.0,0.0,0.0,0.0,0.0,0.0,199.98358334530383,32.00854837847946,90843,0,0,0,49,UTAH
2899,490683,500.0,1462.9465711911955,2.925893142382391,1449.0,60.0,16.0,1373.0,1530.003827857877,59.0,1.0,13.0,3.0,403.0,19.0,267.0,684.0,0.0,0.0,50.995813753052474,30.008014104824493,61952,0,0,0,49,UTAH
2900,490684,91.0,227.1199265142837,2.495823368288832,1004.0,115.0,3.0,886.0,1009.0013356841374,42.0,73.0,2.0,1.0,223.0,40.0,320.0,303.0,0.0,0.0,0.0,5.001335684137416,79768,0,0,0,49,UTAH
2908,490692,515.0,1584.3224023648208,3.076354179349167,64.0,0.0,0.0,64.0,95.00828124165199,0.0,0.0,0.0,0.0,31.0,9.0,18.0,6.0,0.0,0.0,0.0,31.00828124165198,92556,0,0,0,49,UTAH
2906,490690,608.0,1841.7862866725109,3.0292537609745245,720.0,227.0,5.0,488.0,762.0091244261484,211.0,16.0,1.0,4.0,175.0,70.0,85.0,158.0,0.0,0.0,5.9995075003591145,36.009616925789395,79768,631,0,0,49,UTAH
2904,490688,413.0,1290.9974770285596,3.125901881425084,881.0,344.0,2.0,535.0,911.0062680043196,344.0,0.0,2.0,0.0,250.0,158.0,20.0,107.0,0.0,0.0,4.999589583632595,25.00667842068708,66658,589,1238,0,49,UTAH
2905,490689,598.0,1925.46204907251,3.219836202462392,0.0,0.0,0.0,0.0,117.00296818063745,0.0,0.0,0.0,0.0,0.0,0.0,0.0,0.0,0.0,0.0,80.99335125484805,36.009616925789395,74414,0,0,0,49,UTAH
2936,490720,676.0,1793.0520514285552,2.6524438630599927,912.0,98.0,421.0,393.0,952.0106854730993,21.0,77.0,421.0,0.0,43.0,23.0,26.0,301.0,0.0,0.0,0.0,40.01068547309933,35406,0,0,0,49,UTAH
2935,490719,234.0,687.7963766505433,2.9393007549168515,672.0,342.0,2.0,328.0,686.0037399155848,31.0,311.0,2.0,0.0,157.0,5.0,75.0,91.0,0.0,0.0,0.0,14.003739915584765,94314,0,0,0,49,UTAH
2932,490716,378.0,1067.555606004386,2.824221179905783,74.0,0.0,0.0,74.0,102.00573373066472,0.0,0.0,0.0,0.0,11.0,0.0,56.0,7.0,0.0,0.0,4.999589583632595,23.006144147032117,63478,0,0,0,49,UTAH
2933,490717,530.0,1508.0027509450413,2.8452882093302665,526.0,210.0,0.0,316.0,558.0085483784794,157.0,53.0,0.0,0.0,73.0,42.0,13.0,188.0,0.0,0.0,0.0,32.00854837847946,43774,0,0,0,49,UTAH
2928,490712,474.0,1294.6755325186696,2.731382979997193,385.0,7.0,4.0,374.0,413.0074798311695,6.0,1.0,0.0,4.0,47.0,4.0,182.0,141.0,0.0,0.0,0.0,28.00747983116953,38974,0,0,0,49,UTAH
2887,490671,619.0,1758.1105242725116,2.840243173299696,542.0,123.0,7.0,412.0,600.0081603138738,84.0,39.0,7.0,0.0,28.0,17.0,135.0,232.0,0.0,0.0,20.9982762512569,37.00988406261688,45634,0,0,0,49,UTAH
2929,490713,96.0,270.33707852307447,2.816011234615359,1152.0,180.0,2.0,970.0,1158.001602820965,160.0,20.0,1.0,1.0,26.0,19.0,4.0,921.0,0.0,0.0,0.0,6.001602820964899,31017,0,0,0,49,UTAH
2934,490718,67.0,181.14423288791045,2.703645266983738,819.0,243.0,1.0,575.0,824.0009864640365,237.0,6.0,1.0,0.0,175.0,11.0,50.0,339.0,0.0,0.0,0.9999179167265191,4.0010685473099326,65401,0,0,0,49,UTAH
2930,490714,281.0,798.138041353839,2.8403489016150854,1172.0,468.0,67.0,637.0,1189.0045413260673,203.0,265.0,11.0,56.0,105.0,39.0,212.0,281.0,0.0,0.0,0.0,17.004541326067212,65401,0,0,0,49,UTAH
2940,490724,199.0,544.3522125362588,2.7354382539510493,138.0,3.0,0.0,135.0,154.00287730883588,3.0,0.0,0.0,0.0,2.0,3.0,2.0,128.0,0.0,0.0,3.9996716669060763,12.003205641929798,60375,0,0,0,49,UTAH
2941,490725,400.0,1275.3657411955928,3.188414352988982,15.0,0.0,0.0,15.0,120.99968045543416,0.0,0.0,0.0,0.0,0.0,0.0,0.0,15.0,0.0,0.0,81.99326917157457,24.006411283859595,60254,0,0,0,49,UTAH
2931,490715,493.0,1221.1144227164723,2.4769055227514656,1160.0,359.0,28.0,773.0,1190.0080141048245,61.0,298.0,28.0,0.0,30.0,69.0,259.0,415.0,0.0,0.0,0.0,30.008014104824493,26552,0,0,0,49,UTAH
2938,490722,167.0,439.5276310681279,2.63190198244388,686.0,224.0,7.0,455.0,696.0026713682748,67.0,157.0,1.0,6.0,4.0,13.0,11.0,427.0,0.0,0.0,0.0,10.002671368274832,26552,0,0,0,49,UTAH
2937,490721,192.0,550.788809643951,2.868691716895578,299.0,184.0,1.0,114.0,310.0029385051023,10.0,174.0,0.0,1.0,6.0,0.0,9.0,99.0,0.0,0.0,0.0,11.002938505102314,31913,0,0,0,49,UTAH
2944,490728,826.0,1797.6496207911923,2.176331260037764,0.0,0.0,0.0,0.0,49.01308970454667,0.0,0.0,0.0,0.0,0.0,0.0,0.0,0.0,0.0,0.0,0.0,49.01308970454667,19032,0,0,0,49,UTAH
2939,490723,2.0,9.195138725274642,4.597569362637321,17595.0,2.0,0.0,17593.0,17595.0,0.0,2.0,0.0,0.0,1.0,17591.0,0.0,1.0,0.0,0.0,0.0,0.0,40443,0,0,0,49,UTAH
2990,490774,491.0,1439.958724378009,2.932706159629346,0.0,0.0,0.0,0.0,29.00774696799701,0.0,0.0,0.0,0.0,0.0,0.0,0.0,0.0,0.0,0.0,0.0,29.00774696799701,29733,0,0,0,49,UTAH
2992,490776,858.0,2356.714055287891,2.746752978191015,1358.0,113.0,24.0,1221.0,1409.0136239782016,51.0,62.0,4.0,20.0,53.0,56.0,24.0,1088.0,0.0,0.0,0.0,51.01362397820164,29586,0,0,0,49,UTAH
2993,490777,642.0,1873.0497583384445,2.917522988066113,87.0,58.0,0.0,29.0,125.01015119944435,4.0,54.0,0.0,0.0,3.0,1.0,0.0,25.0,0.0,0.0,0.0,38.01015119944436,24705,0,0,0,49,UTAH
2942,490726,567.0,1687.3079560878969,2.975851774405462,195.0,20.0,4.0,171.0,246.00768723648525,10.0,10.0,0.0,4.0,49.0,73.0,35.0,14.0,0.0,0.0,16.998604584350826,34.009082652134424,42678,744,0,0,49,UTAH
2994,490778,561.0,1690.0664977054792,3.012596252594437,101.0,7.0,0.0,94.0,135.00908265213442,6.0,1.0,0.0,0.0,3.0,26.0,0.0,65.0,0.0,0.0,0.0,34.009082652134424,50328,0,0,0,49,UTAH
2995,490779,547.0,1594.4370549626228,2.914875786037701,0.0,0.0,0.0,0.0,56.00692760001688,0.0,0.0,0.0,0.0,0.0,0.0,0.0,0.0,0.0,0.0,22.998112084709938,33.00881551530694,53384,0,0,0,49,UTAH
2988,490772,468.0,1317.6633793318565,2.8155200413073853,0.0,0.0,0.0,0.0,28.00747983116953,0.0,0.0,0.0,0.0,0.0,0.0,0.0,0.0,0.0,0.0,0.0,28.00747983116953,26013,0,0,0,49,UTAH
2989,490773,323.0,899.28456733186,2.784162747157461,76.0,26.0,0.0,50.0,97.00491143317521,3.0,23.0,0.0,0.0,11.0,5.0,0.0,34.0,0.0,0.0,1.9998358334530382,19.00507559972218,40869,0,0,0,49,UTAH
2984,490768,507.0,1505.244209327459,2.9689234897977497,285.0,21.0,1.0,263.0,315.0080141048245,5.0,16.0,0.0,1.0,4.0,3.0,194.0,62.0,0.0,0.0,0.0,30.008014104824493,30736,0,0,0,49,UTAH
2986,490770,341.0,986.6383852219692,2.89336769859815,364.0,50.0,0.0,314.0,384.00534273654966,30.0,20.0,0.0,0.0,192.0,27.0,14.0,81.0,0.0,0.0,0.0,20.005342736549665,33068,0,0,0,49,UTAH
2980,490764,175.0,379.7592293538427,2.170052739164816,1187.0,167.0,10.0,1010.0,1197.0026713682748,21.0,146.0,9.0,1.0,490.0,37.0,32.0,451.0,0.0,0.0,0.0,10.002671368274832,33951,0,0,0,49,UTAH
2981,490765,192.0,448.7227697934025,2.337097759340638,71.0,0.0,0.0,71.0,82.00293850510232,0.0,0.0,0.0,0.0,13.0,18.0,5.0,35.0,0.0,0.0,0.0,11.002938505102314,30111,0,0,0,49,UTAH
2983,490767,117.0,275.8541617582393,2.3577278782755493,0.0,0.0,0.0,0.0,7.0018699577923815,0.0,0.0,0.0,0.0,0.0,0.0,0.0,0.0,0.0,0.0,0.0,7.0018699577923815,22568,0,0,0,49,UTAH
2985,490769,23.0,53.331804606592925,2.3187741133301274,1829.0,6.0,3.0,1820.0,1830.0002671368275,5.0,1.0,1.0,2.0,4.0,378.0,859.0,579.0,0.0,0.0,0.0,1.0002671368274831,57005,15,13,20,49,UTAH
2926,490710,418.0,1188.9314371780113,2.8443335817655773,239.0,121.0,0.0,118.0,312.00273842356,121.0,0.0,0.0,0.0,3.0,62.0,11.0,42.0,0.0,0.0,47.996060002872916,25.00667842068708,76985,718,0,0,49,UTAH
2927,490711,418.0,1188.9314371780113,2.8443335817655773,100.0,0.0,0.0,100.0,125.00667842068708,0.0,0.0,0.0,0.0,20.0,43.0,0.0,37.0,0.0,0.0,0.0,25.00667842068708,76440,0,0,0,49,UTAH
2925,490709,544.0,1608.229763050535,2.956304711489954,415.0,118.0,8.0,289.0,448.00881551530694,21.0,97.0,3.0,5.0,31.0,101.0,90.0,67.0,0.0,0.0,0.0,33.00881551530694,45835,840,374,146,49,UTAH
2977,490761,252.0,685.9573489054883,2.722052971847176,1491.0,5.0,4.0,1482.0,1510.0036787193185,3.0,2.0,0.0,4.0,2.0,28.0,1434.0,18.0,0.0,0.0,3.9996716669060763,15.004007052412248,30043,0,0,0,49,UTAH
2924,490708,421.0,1290.0779631560322,3.06431820227086,0.0,0.0,0.0,0.0,25.00667842068708,0.0,0.0,0.0,0.0,0.0,0.0,0.0,0.0,0.0,0.0,0.0,25.00667842068708,71344,0,0,0,49,UTAH
2920,490704,0.0,0.0,0.0,1013.0,138.0,228.0,647.0,1013.0,138.0,0.0,227.0,1.0,173.0,205.0,14.0,255.0,0.0,0.0,0.0,0.0,45835,0,0,190,49,UTAH
2973,490757,418.0,1143.8752574241655,2.736543678048243,0.0,0.0,0.0,0.0,25.00667842068708,0.0,0.0,0.0,0.0,0.0,0.0,0.0,0.0,0.0,0.0,0.0,25.00667842068708,31051,0,0,0,49,UTAH
2974,490758,317.0,857.9064430681241,2.706329473401022,214.0,4.0,1.0,209.0,236.00482934990174,4.0,0.0,1.0,0.0,3.0,1.0,183.0,22.0,0.0,0.0,2.9997537501795573,19.00507559972218,30043,0,0,0,49,UTAH
2969,490753,530.0,1401.3391417318555,2.644036116475199,0.0,0.0,0.0,0.0,32.00854837847946,0.0,0.0,0.0,0.0,0.0,0.0,0.0,0.0,0.0,0.0,0.0,32.00854837847946,48606,0,0,0,49,UTAH
2970,490754,219.0,612.3962391032911,2.7963298589191377,732.0,171.0,25.0,536.0,745.0034727787573,170.0,1.0,0.0,25.0,41.0,129.0,36.0,330.0,0.0,0.0,0.0,13.00347277875728,50388,629,988,0,49,UTAH
2971,490755,555.0,1216.5168533538351,2.1919222582951985,231.0,61.0,0.0,170.0,264.00881551530694,9.0,52.0,0.0,0.0,12.0,31.0,93.0,34.0,0.0,0.0,0.0,33.00881551530694,27768,0,0,0,49,UTAH
2976,490760,417.0,922.2724141450466,2.211684446390999,386.0,3.0,0.0,383.0,411.0066784206871,1.0,2.0,0.0,0.0,7.0,11.0,173.0,192.0,0.0,0.0,0.0,25.00667842068708,23990,0,0,0,49,UTAH
2972,490756,273.0,628.027974936258,2.300468772660286,1082.0,320.0,4.0,758.0,1098.0042741892398,154.0,166.0,2.0,2.0,103.0,27.0,88.0,540.0,0.0,0.0,0.0,16.00427418923973,27768,0,0,0,49,UTAH
2966,490750,267.0,739.2891535120812,2.768873234127645,380.0,113.0,0.0,267.0,396.0042741892397,112.0,1.0,0.0,0.0,17.0,165.0,23.0,62.0,0.0,0.0,0.0,16.00427418923973,49829,0,0,0,49,UTAH
2968,490752,42.0,113.1002063208781,2.6928620552590026,2529.0,602.0,60.0,1867.0,2532.0008014104824,57.0,545.0,35.0,25.0,679.0,122.0,29.0,1037.0,0.0,0.0,0.0,3.0008014104824494,37024,0,0,0,49,UTAH
2918,490702,963.0,2915.778489784589,3.0278073621854507,0.0,0.0,0.0,0.0,188.00800885603653,0.0,0.0,0.0,0.0,0.0,0.0,0.0,0.0,1.0031036623215397,0.0,128.98941125772097,58.01549393599402,65974,0,0,0,49,UTAH
2919,490703,666.0,2048.67690799119,3.0760914534402253,194.0,17.0,131.0,46.0,407.99958872910867,16.0,1.0,15.0,116.0,17.0,6.0,0.0,23.0,1.0031036623215397,0.0,172.9857995936878,40.01068547309933,73053,0,0,0,49,UTAH
2915,490699,555.0,1698.3421225582265,3.0600758965013086,243.0,10.0,13.0,220.0,276.00881551530694,10.0,0.0,0.0,13.0,31.0,71.0,11.0,107.0,0.0,0.0,0.0,33.00881551530694,65974,791,0,0,49,UTAH
2916,490700,482.0,1476.7392792791074,3.063774438338397,0.0,0.0,0.0,0.0,30.01085063031855,0.0,0.0,0.0,0.0,0.0,0.0,0.0,0.0,1.0031036623215397,0.0,0.0,29.00774696799701,73053,0,0,0,49,UTAH
2913,490697,777.0,2390.736068571407,3.076880397131798,0.0,0.0,0.0,0.0,47.01255543089171,0.0,0.0,0.0,0.0,0.0,0.0,0.0,0.0,0.0,0.0,0.0,47.01255543089171,57576,0,0,0,49,UTAH
2914,490698,170.0,551.7083235164786,3.245343079508697,0.0,0.0,0.0,0.0,38.00037303661737,0.0,0.0,0.0,0.0,0.0,0.0,0.0,0.0,0.0,0.0,27.997701668342536,10.002671368274832,57544,0,0,0,49,UTAH
2953,490737,204.0,576.53519807472,2.826152931738824,33.0,0.0,0.0,33.0,150.00414413499936,0.0,0.0,0.0,0.0,0.0,27.0,6.0,0.0,3.009310986964618,0.0,101.99162750610495,12.003205641929798,55528,0,0,0,49,UTAH
2949,490733,1.0,3.6780554901098568,3.6780554901098568,283.0,10.0,241.0,32.0,286.00931098696464,1.0,9.0,0.0,241.0,0.0,30.0,0.0,2.0,3.009310986964618,0.0,0.0,0.0,55528,0,0,0,49,UTAH
2951,490735,209.0,623.4304055736208,2.982920600830721,282.0,6.0,12.0,264.0,343.0059042728202,6.0,0.0,1.0,11.0,1.0,126.0,29.0,108.0,2.006207324643079,0.0,45.996224169419875,13.00347277875728,58209,485,0,0,49,UTAH
2947,490731,84.0,253.78582881758007,3.021259866875954,327.0,65.0,29.0,233.0,340.02616498270976,65.0,0.0,1.0,28.0,6.0,18.0,0.0,209.0,8.024829298572316,0.0,0.0,5.001335684137416,58209,0,0,0,49,UTAH
2955,490739,512.0,1596.276082707678,3.117726724038433,54.0,0.0,0.0,54.0,85.00828124165199,0.0,0.0,0.0,0.0,0.0,0.0,48.0,6.0,0.0,0.0,0.0,31.00828124165198,58209,0,0,0,49,UTAH
2961,490745,560.0,1810.522815006577,3.2330764553688875,89.0,41.0,0.0,48.0,131.0084259859466,17.0,24.0,0.0,0.0,5.0,0.0,5.0,38.0,0.0,0.0,7.999343333812153,34.009082652134424,62082,0,0,0,49,UTAH
2962,490746,304.0,925.030955762629,3.0428649860612795,241.0,10.0,14.0,217.0,276.0034130472455,10.0,0.0,0.0,14.0,40.0,67.0,4.0,106.0,0.0,0.0,16.998604584350826,18.004808462894697,68175,583,0,0,49,UTAH
3002,490786,347.0,945.2602609582332,2.7240929710611907,296.0,27.0,220.0,49.0,317.0056098733771,26.0,1.0,91.0,129.0,8.0,4.0,1.0,36.0,0.0,0.0,0.0,21.005609873377143,47376,0,0,0,49,UTAH
3006,490790,273.0,765.0355419428502,2.8023279924646527,123.0,44.0,0.0,79.0,139.00427418923974,32.0,12.0,0.0,0.0,17.0,0.0,1.0,61.0,0.0,0.0,0.0,16.00427418923973,52639,0,0,0,49,UTAH
3008,490792,153.0,344.81770219779906,2.2537104718810395,2396.0,59.0,692.0,1645.0,2468.997150901944,25.0,34.0,10.0,682.0,1361.0,100.0,45.0,139.0,0.0,0.0,63.99474667049722,9.002404231447349,37024,0,0,0,49,UTAH
3003,490787,226.0,582.9717951824123,2.579521217621293,412.0,76.0,6.0,330.0,426.0037399155848,76.0,0.0,3.0,3.0,21.0,73.0,6.0,230.0,0.0,0.0,0.0,14.003739915584765,52639,349,0,0,49,UTAH
3001,490785,173.0,475.388672096699,2.7479113994028843,219.0,103.0,4.0,112.0,229.00267136827483,102.0,1.0,4.0,0.0,3.0,2.0,49.0,58.0,0.0,0.0,0.0,10.002671368274832,56681,0,0,0,49,UTAH
3005,490789,227.0,529.6399905758194,2.333215817514623,649.0,75.0,48.0,526.0,663.0037399155848,64.0,11.0,37.0,11.0,184.0,57.0,4.0,281.0,0.0,0.0,0.0,14.003739915584765,37024,0,0,0,49,UTAH
3004,490788,264.0,705.267140228565,2.671466440259716,272.0,17.0,25.0,230.0,288.0042741892397,15.0,2.0,20.0,5.0,46.0,7.0,2.0,175.0,0.0,0.0,0.0,16.00427418923973,48426,0,0,0,49,UTAH
2996,490780,365.0,1014.223801397793,2.778695346295323,0.0,0.0,0.0,0.0,31.0051382607433,0.0,0.0,0.0,0.0,0.0,0.0,0.0,0.0,0.0,0.0,8.999261250538671,22.005877010204628,56681,0,0,0,49,UTAH
2999,490783,785.0,2239.016279604375,2.85225003771258,0.0,0.0,0.0,0.0,47.01255543089171,0.0,0.0,0.0,0.0,0.0,0.0,0.0,0.0,0.0,0.0,0.0,47.01255543089171,29954,0,0,0,49,UTAH
2957,490741,862.0,2810.953908316458,3.260967411039975,80.0,2.0,5.0,73.0,152.0122494495595,2.0,0.0,5.0,0.0,2.0,1.0,22.0,48.0,0.0,0.0,19.99835833453038,52.013891115029125,63296,0,0,0,49,UTAH
2958,490742,307.0,988.477412967024,3.219796133443075,0.0,0.0,0.0,0.0,18.004808462894697,0.0,0.0,0.0,0.0,0.0,0.0,0.0,0.0,0.0,0.0,0.0,18.004808462894697,61242,0,0,0,49,UTAH
2998,490782,0.0,0.0,0.0,1143.0,772.0,5.0,366.0,1143.0,516.0,256.0,5.0,0.0,73.0,35.0,6.0,252.0,0.0,0.0,0.0,0.0,56681,0,0,0,49,UTAH
3014,490798,265.0,616.074294593401,2.3248086588430223,1508.0,3.0,15.0,1490.0,1524.0042741892398,3.0,0.0,9.0,6.0,354.0,696.0,148.0,292.0,0.0,0.0,0.0,16.00427418923973,34871,0,0,0,49,UTAH
3015,490799,246.0,599.5230448879066,2.4370855483248235,172.0,1.0,0.0,171.0,187.00400705241225,0.0,1.0,0.0,0.0,27.0,22.0,85.0,37.0,0.0,0.0,0.0,15.004007052412248,24843,0,0,0,49,UTAH
3016,490800,336.0,816.5283188043882,2.4301438059654408,305.0,75.0,0.0,230.0,327.0051785700027,73.0,2.0,0.0,0.0,3.0,9.0,24.0,194.0,0.0,0.0,1.9998358334530382,20.005342736549665,33291,0,0,0,49,UTAH
3030,490814,399.0,1031.6945649758147,2.5857006640997864,38.0,6.0,5.0,27.0,62.00641128385959,6.0,0.0,5.0,0.0,2.0,1.0,0.0,24.0,0.0,0.0,0.0,24.006411283859595,38899,0,0,0,49,UTAH
3013,490797,270.0,673.0841546901038,2.4929042766300142,336.0,132.0,12.0,192.0,352.0042741892397,92.0,40.0,10.0,2.0,4.0,9.0,17.0,162.0,0.0,0.0,0.0,16.00427418923973,35287,0,0,0,49,UTAH
3027,490811,281.0,683.1988072879059,2.4313124814516223,249.0,5.0,1.0,243.0,266.0045413260672,5.0,0.0,1.0,0.0,4.0,134.0,80.0,25.0,0.0,0.0,0.0,17.004541326067212,37198,0,0,0,49,UTAH
3010,490794,409.0,1248.6998388922964,3.0530558408124606,276.0,4.0,108.0,164.0,313.00534420130435,4.0,0.0,96.0,12.0,6.0,14.0,24.0,120.0,0.0,0.0,12.998932917444748,24.006411283859595,33097,0,0,0,49,UTAH
3028,490812,530.0,1552.1394168263596,2.928564937408225,265.0,95.0,4.0,166.0,297.0085483784795,95.0,0.0,1.0,3.0,19.0,58.0,12.0,77.0,0.0,0.0,0.0,32.00854837847946,43524,464,0,0,49,UTAH
3021,490805,0.0,0.0,0.0,934.0,85.0,485.0,364.0,934.0,84.0,1.0,309.0,176.0,5.0,77.0,37.0,245.0,0.0,0.0,0.0,0.0,56681,0,0,0,49,UTAH
3022,490806,0.0,0.0,0.0,895.0,19.0,243.0,633.0,895.0,19.0,0.0,170.0,73.0,101.0,166.0,2.0,364.0,0.0,0.0,0.0,0.0,56681,0,0,0,49,UTAH
3023,490807,0.0,0.0,0.0,54.0,0.0,53.0,1.0,55.00310366232154,0.0,0.0,0.0,53.0,0.0,0.0,0.0,1.0,1.0031036623215397,0.0,0.0,0.0,33097,0,0,0,49,UTAH
3019,490803,0.0,0.0,0.0,3652.0,105.0,18.0,3529.0,3652.0,11.0,94.0,16.0,2.0,2617.0,389.0,321.0,202.0,0.0,0.0,0.0,0.0,56681,0,0,0,49,UTAH
3024,490808,334.0,946.1797748307606,2.832873577337607,437.0,116.0,111.0,210.0,548.9977910753894,115.0,1.0,101.0,10.0,104.0,18.0,5.0,83.0,0.0,0.0,91.99244833883975,20.005342736549665,33097,461,0,0,49,UTAH
3018,490802,0.0,0.0,0.0,50.0,4.0,11.0,35.0,53.00931098696462,4.0,0.0,9.0,2.0,14.0,1.0,0.0,20.0,3.009310986964618,0.0,0.0,0.0,129892,0,0,0,49,UTAH
3033,490817,543.0,1759.9495520175665,3.2411593959807856,553.0,44.0,45.0,464.0,586.008815515307,43.0,1.0,22.0,23.0,95.0,208.0,34.0,127.0,0.0,0.0,0.0,33.00881551530694,60746,401,0,13,49,UTAH
3031,490815,0.0,0.0,0.0,760.0,69.0,430.0,261.0,760.0,21.0,48.0,313.0,117.0,70.0,135.0,0.0,56.0,0.0,0.0,0.0,0.0,129892,0,0,0,49,UTAH
3057,490841,0.0,0.0,0.0,509.0,310.0,26.0,173.0,512.0093109869646,196.0,114.0,1.0,25.0,5.0,27.0,0.0,141.0,3.009310986964618,0.0,0.0,0.0,75945,0,0,0,49,UTAH
3035,490819,0.0,0.0,0.0,512.0,0.0,490.0,22.0,512.0,0.0,0.0,398.0,92.0,21.0,1.0,0.0,0.0,0.0,0.0,0.0,0.0,75945,0,0,0,49,UTAH
3037,490821,0.0,0.0,0.0,725.0,4.0,631.0,90.0,727.0062073246431,4.0,0.0,364.0,267.0,0.0,53.0,0.0,37.0,2.006207324643079,0.0,0.0,0.0,129892,0,0,0,49,UTAH
3039,490823,378.0,1159.5069932571323,3.067478818140561,482.0,138.0,68.0,276.0,523.0046666481095,138.0,0.0,43.0,25.0,13.0,51.0,20.0,192.0,0.0,0.0,17.998522501077343,23.006144147032117,54799,0,0,0,49,UTAH
3036,490820,0.0,0.0,0.0,1847.0,30.0,1451.0,366.0,1847.0,29.0,1.0,1216.0,235.0,192.0,32.0,44.0,98.0,0.0,0.0,0.0,0.0,75945,0,0,0,49,UTAH
3056,490840,0.0,0.0,0.0,475.0,116.0,153.0,206.0,493.0112654834574,115.0,1.0,48.0,105.0,53.0,58.0,6.0,89.0,4.012414649286158,0.0,13.998850834171268,0.0,75945,0,0,0,49,UTAH
3063,490847,0.0,0.0,0.0,25.0,0.0,25.0,0.0,28.009310986964618,0.0,0.0,3.0,22.0,0.0,0.0,0.0,0.0,3.009310986964618,0.0,0.0,0.0,75945,0,0,0,49,UTAH
3054,490838,1.0,1.0,1.0,171.0,69.0,94.0,8.0,174.0093109869646,69.0,0.0,40.0,54.0,0.0,5.0,0.0,3.0,3.009310986964618,0.0,0.0,0.0,75945,0,0,0,49,UTAH
3061,490845,481.0,1551.2199029538322,3.2249894032304205,229.0,15.0,47.0,167.0,268.00692613526223,7.0,8.0,0.0,47.0,21.0,63.0,1.0,82.0,0.0,0.0,9.99917916726519,29.00774696799701,75945,696,0,0,49,UTAH
3051,490835,330.0,940.662691595596,2.850493004835139,336.0,109.0,122.0,105.0,357.00844639887123,69.0,40.0,12.0,110.0,28.0,4.0,0.0,73.0,1.0031036623215397,0.0,0.0,20.005342736549665,51304,0,0,0,49,UTAH
3052,490836,0.0,0.0,0.0,310.0,78.0,0.0,232.0,312.00620732464307,74.0,4.0,0.0,0.0,38.0,2.0,25.0,167.0,2.006207324643079,0.0,0.0,0.0,45247,0,0,0,49,UTAH
3058,490842,545.0,1527.312542268118,2.802408334436914,183.0,2.0,2.0,179.0,216.00881551530694,2.0,0.0,0.0,2.0,19.0,113.0,1.0,46.0,0.0,0.0,0.0,33.00881551530694,45247,558,123,0,49,UTAH
3059,490843,462.0,1488.6929596219643,3.222279133380876,345.0,1.0,4.0,340.0,373.0074798311695,0.0,1.0,4.0,0.0,8.0,13.0,257.0,62.0,0.0,0.0,0.0,28.00747983116953,45247,0,0,0,49,UTAH
3038,490822,0.0,0.0,0.0,1701.0,0.0,1246.0,455.0,1702.0031036623216,0.0,0.0,1190.0,56.0,3.0,6.0,0.0,446.0,1.0031036623215397,0.0,0.0,0.0,129892,0,0,0,49,UTAH
3042,490826,247.0,752.1623477274657,3.045191691204314,234.0,51.0,107.0,76.0,255.00670029836638,50.0,1.0,104.0,3.0,1.0,32.0,1.0,42.0,1.0031036623215397,0.0,4.999589583632595,15.004007052412248,54799,0,0,0,49,UTAH
3076,490860,284.0,785.2648471384545,2.765017067388924,1494.0,303.0,452.0,739.0,1512.0076449883888,191.0,112.0,252.0,200.0,343.0,153.0,1.0,242.0,1.0031036623215397,0.0,0.0,17.004541326067212,51304,0,0,0,49,UTAH
3079,490863,175.0,514.9277686153799,2.9424443920878853,1376.0,773.0,4.0,599.0,1389.0056108640495,487.0,286.0,4.0,0.0,2.0,133.0,23.0,441.0,1.0031036623215397,0.0,1.9998358334530382,10.002671368274832,55124,0,0,0,49,UTAH
3080,490864,331.0,928.7090112527388,2.8057674055973982,0.0,0.0,0.0,0.0,20.005342736549665,0.0,0.0,0.0,0.0,0.0,0.0,0.0,0.0,0.0,0.0,0.0,20.005342736549665,73772,0,0,0,49,UTAH
3078,490862,259.0,873.538178901091,3.3727342814713936,0.0,0.0,0.0,0.0,17.00737785156127,0.0,0.0,0.0,0.0,0.0,0.0,0.0,0.0,1.0031036623215397,0.0,0.0,16.00427418923973,73772,0,0,0,49,UTAH
3082,490866,415.0,1313.9853238417463,3.166229696004208,364.0,33.0,37.0,294.0,393.0127215787832,12.0,21.0,15.0,22.0,59.0,19.0,31.0,185.0,2.006207324643079,0.0,1.9998358334530382,25.00667842068708,73772,0,0,0,49,UTAH
3084,490868,190.0,602.281586505489,3.169903086870995,4.0,0.0,3.0,1.0,282.9904974245945,0.0,0.0,2.0,1.0,0.0,0.0,0.0,1.0,3.009310986964618,0.0,264.97824793252755,11.002938505102314,73772,0,0,0,49,UTAH
3083,490867,429.0,1379.2708087911965,3.215083470375749,0.0,0.0,0.0,0.0,33.01274246579023,0.0,0.0,0.0,0.0,0.0,0.0,0.0,0.0,2.006207324643079,0.0,4.999589583632595,26.00694555751456,73772,0,0,0,49,UTAH
3142,490926,0.0,0.0,0.0,8.0,3.0,0.0,5.0,14.018621973929237,3.0,0.0,0.0,0.0,2.0,0.0,0.0,3.0,6.018621973929237,0.0,0.0,0.0,58032,0,0,0,49,UTAH
3064,490848,115.0,366.8860351384582,3.190313349030072,144.0,41.0,1.0,102.0,167.0005566254167,40.0,1.0,1.0,0.0,7.0,12.0,6.0,77.0,0.0,0.0,15.998686667624305,7.0018699577923815,44865,0,0,10,49,UTAH
3065,490849,286.0,763.1965141977953,2.668519280411872,807.0,84.0,6.0,717.0,824.0045413260672,45.0,39.0,6.0,0.0,15.0,103.0,256.0,343.0,0.0,0.0,0.0,17.004541326067212,48735,511,0,0,49,UTAH
3095,490879,412.0,1133.7606048263633,2.7518461282193285,221.0,94.0,1.0,126.0,256.0058575879523,94.0,0.0,0.0,1.0,3.0,35.0,0.0,88.0,0.0,0.0,9.99917916726519,25.00667842068708,44214,481,0,0,49,UTAH
3096,490880,294.0,949.8578303208706,3.230808946669628,672.0,56.0,57.0,559.0,690.0048084628947,56.0,0.0,0.0,57.0,13.0,259.0,13.0,274.0,0.0,0.0,0.0,18.004808462894697,71157,0,0,1504,49,UTAH
3098,490882,233.0,811.0112355692235,3.480734916606109,0.0,0.0,0.0,0.0,125.9945465889549,0.0,0.0,0.0,0.0,0.0,0.0,0.0,0.0,0.0,0.0,111.99080667337014,14.003739915584765,104790,0,0,0,49,UTAH
3094,490878,261.0,831.2405407648276,3.184829658102788,208.0,7.0,15.0,186.0,245.00255044049663,7.0,0.0,1.0,14.0,8.0,49.0,3.0,126.0,0.0,0.0,20.9982762512569,16.00427418923973,49443,676,0,0,49,UTAH
3093,490877,253.0,832.1600546373551,3.2891701764322336,12.0,1.0,0.0,11.0,27.00400705241225,1.0,0.0,0.0,0.0,5.0,0.0,0.0,6.0,0.0,0.0,0.0,15.004007052412248,63108,0,0,0,49,UTAH
3092,490876,236.0,785.2648471384545,3.327393420078197,0.0,0.0,0.0,0.0,14.003739915584765,0.0,0.0,0.0,0.0,0.0,0.0,0.0,0.0,0.0,0.0,0.0,14.003739915584765,55995,0,0,0,49,UTAH
3111,490895,139.0,421.1373536175786,3.029765133939414,0.0,0.0,0.0,0.0,148.99374909865406,0.0,0.0,0.0,0.0,0.0,0.0,0.0,0.0,1.0031036623215397,0.0,139.98850834171267,8.002137094619865,112744,0,0,0,49,UTAH
3101,490885,417.0,1288.238935410977,3.0893020033836387,0.0,0.0,0.0,0.0,54.004298005756134,0.0,0.0,0.0,0.0,0.0,0.0,0.0,0.0,0.0,0.0,28.997619585069053,25.00667842068708,62140,0,0,0,49,UTAH
3091,490875,98.0,296.08346695384347,3.021259866875954,86.0,6.0,29.0,51.0,133.9981553234787,6.0,0.0,0.0,29.0,12.0,4.0,1.0,34.0,0.0,0.0,41.9965525025138,6.001602820964899,66133,0,0,0,49,UTAH
3107,490891,71.0,215.16624617142665,3.030510509456713,353.0,6.0,16.0,331.0,372.00620878939776,6.0,0.0,14.0,2.0,183.0,33.0,100.0,15.0,2.006207324643079,0.0,12.998932917444748,4.0010685473099326,90129,0,0,0,49,UTAH
3117,490901,496.0,1553.058930698887,3.1311671989896914,0.0,0.0,0.0,0.0,297.9892015331267,0.0,0.0,0.0,0.0,0.0,0.0,0.0,0.0,1.0031036623215397,0.0,266.9780837659806,30.008014104824493,91005,0,0,0,49,UTAH
3116,490900,305.0,967.3285938988924,3.1715691603242373,461.0,34.0,94.0,333.0,479.0048084628947,34.0,0.0,82.0,12.0,34.0,85.0,7.0,207.0,0.0,0.0,0.0,18.004808462894697,91005,780,0,0,49,UTAH
3106,490890,699.0,2356.714055287891,3.371550865934036,32.0,0.0,0.0,32.0,80.01709873830345,0.0,0.0,0.0,0.0,15.0,2.0,8.0,7.0,2.006207324643079,0.0,3.9996716669060763,42.01121974675429,91005,0,0,0,49,UTAH
3118,490902,739.0,2319.0139865142646,3.1380432835105068,53.0,0.0,10.0,43.0,98.01485768273079,0.0,0.0,6.0,4.0,0.0,1.0,42.0,0.0,1.0031036623215397,0.0,0.0,44.011754020409256,91005,0,0,0,49,UTAH
3119,490903,142.0,500.2155466549405,3.5226446947531023,197.0,1.0,52.0,144.0,264.0004799270795,1.0,0.0,19.0,33.0,9.0,35.0,69.0,31.0,1.0031036623215397,0.0,57.995239170138106,8.002137094619865,113111,0,0,0,49,UTAH
3182,490966,335.0,1112.6117857582317,3.321229211218602,0.0,0.0,0.0,0.0,59.00214148888391,0.0,0.0,0.0,0.0,0.0,0.0,0.0,0.0,0.0,0.0,38.99679875233424,20.005342736549665,99112,0,0,0,49,UTAH
3127,490911,46.0,150.80027509450412,3.278266849880524,0.0,0.0,0.0,0.0,4.003905072803989,0.0,0.0,0.0,0.0,0.0,0.0,0.0,0.0,1.0031036623215397,0.0,0.0,3.0008014104824494,99112,0,0,0,49,UTAH
3122,490906,79.0,259.3029120527449,3.2823153424398086,0.0,0.0,0.0,0.0,28.015376496822455,0.0,0.0,0.0,0.0,0.0,0.0,0.0,0.0,5.015518311607697,0.0,17.998522501077343,5.001335684137416,103707,0,0,0,49,UTAH
3085,490869,0.0,0.0,0.0,0.0,0.0,0.0,0.0,4.012414649286158,0.0,0.0,0.0,0.0,0.0,0.0,0.0,0.0,4.012414649286158,0.0,0.0,0.0,58032,0,0,0,49,UTAH
3143,490927,0.0,0.0,0.0,1202.0,144.0,487.0,571.0,1202.0,144.0,0.0,481.0,6.0,20.0,163.0,0.0,388.0,0.0,0.0,0.0,0.0,58032,0,0,0,49,UTAH
3086,490870,6.0,18.390277450549284,3.065046241758214,189.0,2.0,162.0,25.0,191.00620732464307,2.0,0.0,64.0,98.0,2.0,14.0,0.0,9.0,2.006207324643079,0.0,0.0,0.0,58032,0,0,0,49,UTAH
3087,490871,128.0,356.77138254065613,2.787276426098876,127.0,91.0,6.0,30.0,138.01144808158446,91.0,0.0,6.0,0.0,1.0,6.0,0.0,23.0,3.009310986964618,0.0,0.0,8.002137094619865,58032,0,0,0,49,UTAH
3144,490928,0.0,0.0,0.0,1330.0,504.0,248.0,578.0,1415.9929408384805,395.0,109.0,248.0,0.0,197.0,89.0,96.0,196.0,0.0,0.0,85.99294083848064,0.0,58032,0,0,0,49,UTAH
3145,490929,0.0,0.0,0.0,1727.0,1027.0,46.0,654.0,1727.0,662.0,365.0,46.0,0.0,58.0,170.0,13.0,413.0,0.0,0.0,0.0,0.0,58032,0,0,0,49,UTAH
3088,490872,32.0,88.27333176263656,2.7585416175823925,0.0,0.0,0.0,0.0,3.003637935976506,0.0,0.0,0.0,0.0,0.0,0.0,0.0,0.0,1.0031036623215397,0.0,0.0,2.0005342736549663,58032,0,0,0,49,UTAH
3146,490930,602.0,1830.7521202021808,3.0411164787411646,161.0,57.0,18.0,86.0,198.01272058811094,57.0,0.0,16.0,2.0,23.0,3.0,4.0,56.0,1.0031036623215397,0.0,0.0,36.009616925789395,58032,0,0,0,49,UTAH
3179,490963,136.0,409.1836732747216,3.008703479961188,0.0,0.0,0.0,0.0,10.008344419262944,0.0,0.0,0.0,0.0,0.0,0.0,0.0,0.0,2.006207324643079,0.0,0.0,8.002137094619865,91005,0,0,0,49,UTAH
3178,490962,306.0,977.4432464966944,3.1942589754793937,241.0,94.0,2.0,145.0,286.0121494512957,94.0,0.0,0.0,2.0,25.0,63.0,0.0,57.0,3.009310986964618,0.0,23.998030001436458,18.004808462894697,91005,667,0,0,49,UTAH
3180,490964,294.0,961.8115106637276,3.271467723346012,0.0,0.0,0.0,0.0,22.004480129800776,0.0,0.0,0.0,0.0,0.0,0.0,0.0,0.0,0.0,0.0,3.9996716669060763,18.004808462894697,91005,0,0,0,49,UTAH
3147,490931,551.0,1822.476495349434,3.307579846369209,259.0,160.0,0.0,99.0,292.00881551530694,69.0,91.0,0.0,0.0,11.0,5.0,1.0,82.0,0.0,0.0,0.0,33.00881551530694,61129,0,0,0,49,UTAH
3177,490961,452.0,1581.5638607472383,3.499035090148757,120.0,45.0,0.0,75.0,281.5859138486746,45.0,0.0,0.0,0.0,19.0,30.0,11.0,15.0,0.0,4.589371979885057,129.98932917444748,27.007212694342044,99112,833,0,0,49,UTAH
3183,490967,231.0,787.1038748835093,3.407376081746793,933.0,205.0,13.0,715.0,948.0068435779064,186.0,19.0,0.0,13.0,46.0,356.0,2.0,311.0,1.0031036623215397,0.0,0.0,14.003739915584765,99112,0,0,1602,49,UTAH
3191,490975,216.0,690.5549182681256,3.197013510500581,165.0,141.0,1.0,23.0,178.00347277875727,141.0,0.0,1.0,0.0,0.0,7.0,0.0,16.0,0.0,0.0,0.0,13.00347277875728,99112,0,0,0,49,UTAH
3184,490968,474.0,1618.344415648337,3.4142287249964918,0.0,0.0,0.0,0.0,29.01058349349107,0.0,0.0,0.0,0.0,0.0,0.0,0.0,0.0,1.0031036623215397,0.0,0.0,28.00747983116953,99112,0,0,0,49,UTAH
3185,490969,184.0,570.0986009670278,3.098361961777325,0.0,0.0,0.0,0.0,162.99683333872326,0.0,0.0,0.0,0.0,0.0,0.0,0.0,0.0,2.006207324643079,0.0,149.98768750897787,11.002938505102314,99112,0,0,0,49,UTAH
3186,490970,80.0,226.2004126417562,2.8275051580219523,102.0,0.0,0.0,102.0,110.01064667110204,0.0,0.0,0.0,0.0,0.0,0.0,102.0,0.0,3.009310986964618,0.0,0.0,5.001335684137416,99112,0,0,0,49,UTAH
3187,490971,141.0,382.5177709714251,2.7128919927051425,53.0,2.0,4.0,47.0,131.9963091822027,2.0,0.0,1.0,3.0,12.0,2.0,0.0,33.0,0.0,0.0,70.99417208758285,8.002137094619865,113111,0,0,0,49,UTAH
3222,491006,12.0,28.50493004835139,2.375410837362616,425.0,214.0,60.0,151.0,426.00026713682746,214.0,0.0,1.0,59.0,59.0,72.0,0.0,20.0,0.0,0.0,0.0,1.0002671368274831,69330,0,0,0,49,UTAH
3221,491005,249.0,782.506305520872,3.142595604501494,58.0,16.0,0.0,42.0,134.00537146391994,6.0,10.0,0.0,0.0,1.0,0.0,2.0,39.0,2.006207324643079,0.0,58.99515708686462,15.004007052412248,78353,0,0,0,49,UTAH
3188,490972,710.0,2408.206832149429,3.3918406086611674,0.0,0.0,0.0,0.0,42.01121974675429,0.0,0.0,0.0,0.0,0.0,0.0,0.0,0.0,0.0,0.0,0.0,42.01121974675429,87780,0,0,0,49,UTAH
3192,490976,425.0,1321.341434821966,3.109038670169332,27.0,7.0,0.0,20.0,107.00534958624065,7.0,0.0,0.0,0.0,2.0,3.0,0.0,15.0,1.0031036623215397,0.0,53.99556750323203,25.00667842068708,99112,0,0,0,49,UTAH
3193,490977,504.0,1698.3421225582265,3.3697264336472745,244.0,27.0,40.0,177.0,274.0080141048245,26.0,1.0,0.0,40.0,46.0,61.0,0.0,70.0,0.0,0.0,0.0,30.008014104824493,93258,740,0,0,49,UTAH
3197,490981,508.0,1634.8956653538314,3.218298553846125,390.0,37.0,7.0,346.0,420.0080141048245,35.0,2.0,0.0,7.0,121.0,71.0,16.0,138.0,0.0,0.0,0.0,30.008014104824493,104274,543,0,0,49,UTAH
3194,490978,512.0,1765.4666352527313,3.448177021977991,0.0,0.0,0.0,0.0,85.00703449047904,0.0,0.0,0.0,0.0,0.0,0.0,0.0,0.0,1.0031036623215397,0.0,52.995649586505515,31.00828124165198,101106,0,0,0,49,UTAH
3219,491003,11.0,31.263471665933785,2.842133787812162,0.0,0.0,0.0,0.0,9.0250964353998,0.0,0.0,0.0,0.0,0.0,0.0,0.0,0.0,8.024829298572316,0.0,0.0,1.0002671368274831,107346,0,0,0,49,UTAH
3214,490998,60.0,167.3515247999985,2.789192079999975,0.0,0.0,0.0,0.0,14.032105170525327,0.0,0.0,0.0,0.0,0.0,0.0,0.0,0.0,10.031036623215394,0.0,0.0,4.0010685473099326,88338,0,0,0,49,UTAH
3408,491192,64.0,186.66131612307524,2.9165830644230506,0.0,0.0,0.0,0.0,94.99678471501818,0.0,0.0,0.0,0.0,0.0,0.0,0.0,0.0,1.0031036623215397,0.0,89.99261250538672,4.0010685473099326,69330,0,0,0,49,UTAH
3215,490999,173.0,523.2033934681272,3.024297072070099,6.0,0.0,3.0,3.0,38.013608518638335,0.0,0.0,0.0,3.0,0.0,0.0,0.0,3.0,4.012414649286158,0.0,17.998522501077343,10.002671368274832,69330,0,0,0,49,UTAH
3213,490997,283.0,822.045402039553,2.904754070811141,199.0,5.0,67.0,127.0,422.9939215796467,4.0,1.0,15.0,52.0,30.0,8.0,4.0,85.0,2.006207324643079,0.0,204.98317292893643,17.004541326067212,60557,0,0,0,49,UTAH
3151,490935,0.0,0.0,0.0,1138.0,814.0,0.0,324.0,1138.0,489.0,325.0,0.0,0.0,102.0,27.0,33.0,162.0,0.0,0.0,0.0,0.0,44074,0,0,0,49,UTAH
3150,490934,45.0,125.05388666373511,2.778975259194114,260.0,152.0,3.0,105.0,263.00080141048244,104.0,48.0,0.0,3.0,19.0,6.0,7.0,73.0,0.0,0.0,0.0,3.0008014104824494,44074,0,0,0,49,UTAH
3152,490936,89.0,256.54437043516253,2.8825210161254216,520.0,78.0,1.0,441.0,533.0006790179496,70.0,8.0,1.0,0.0,47.0,15.0,72.0,307.0,0.0,0.0,7.999343333812153,5.001335684137416,44074,0,0,0,49,UTAH
3153,490937,267.0,850.5503320879044,3.185581768119492,185.0,70.0,0.0,115.0,209.0036175230519,33.0,37.0,0.0,0.0,12.0,2.0,55.0,46.0,0.0,0.0,7.999343333812153,16.00427418923973,44074,0,0,0,49,UTAH
3149,490933,328.0,1016.062829142848,3.0977525278745364,122.0,31.0,1.0,90.0,145.0050964867292,31.0,0.0,1.0,0.0,10.0,3.0,7.0,70.0,0.0,0.0,2.9997537501795573,20.005342736549665,48351,0,0,0,49,UTAH
3148,490932,187.0,538.8351293010941,2.881471279684995,300.0,98.0,0.0,202.0,340.00055809017135,25.0,73.0,0.0,0.0,67.0,2.0,11.0,122.0,0.0,0.0,28.997619585069053,11.002938505102314,48351,0,0,0,49,UTAH
3169,490953,260.0,695.152487630763,2.673663413964473,193.0,52.0,2.0,139.0,209.00427418923974,52.0,0.0,0.0,2.0,8.0,41.0,0.0,90.0,0.0,0.0,0.0,16.00427418923973,45450,412,0,0,49,UTAH
3168,490952,259.0,682.2792934153784,2.6342829861597625,682.0,170.0,3.0,509.0,710.003289189958,57.0,113.0,0.0,3.0,148.0,36.0,55.0,270.0,0.0,0.0,11.999015000718229,16.00427418923973,45450,0,0,0,49,UTAH
3195,490979,882.0,3015.085988017555,3.418464839022171,482.0,136.0,11.0,335.0,760.99560743205,105.0,31.0,2.0,9.0,9.0,41.0,114.0,171.0,0.0,0.0,225.98144918019332,53.01415825185661,75801,425,0,0,49,UTAH
3176,490960,316.0,1049.1653285538366,3.3201434447906224,9.0,2.0,0.0,7.0,28.00507559972218,2.0,0.0,0.0,0.0,0.0,5.0,0.0,2.0,0.0,0.0,0.0,19.00507559972218,62215,0,1212,0,49,UTAH
3172,490956,310.0,967.3285938988924,3.120414819028685,903.0,25.0,143.0,735.0,923.0081792620438,16.0,9.0,139.0,4.0,21.0,173.0,23.0,518.0,1.0031036623215397,0.0,0.0,19.00507559972218,51785,0,0,0,49,UTAH
3171,490955,186.0,499.2960327824131,2.6843872730237264,133.0,40.0,0.0,93.0,144.00293850510232,17.0,23.0,0.0,0.0,36.0,4.0,1.0,52.0,0.0,0.0,0.0,11.002938505102314,58353,0,0,0,49,UTAH
3170,490954,208.0,552.627837389006,2.65686460283176,58.0,12.0,3.0,43.0,70.0032056419298,12.0,0.0,0.0,3.0,3.0,8.0,10.0,22.0,0.0,0.0,0.0,12.003205641929798,58353,0,0,0,49,UTAH
3175,490959,331.0,1084.1068557098804,3.275247298217161,21.0,0.0,0.0,21.0,50.00460398708834,0.0,0.0,0.0,0.0,0.0,5.0,11.0,5.0,0.0,0.0,8.999261250538671,20.005342736549665,60125,0,0,0,49,UTAH
3173,490957,337.0,1059.2799811516388,3.1432640390256346,454.0,11.0,7.0,436.0,474.00534273654966,11.0,0.0,1.0,6.0,4.0,118.0,1.0,313.0,0.0,0.0,0.0,20.005342736549665,51785,0,1255,0,49,UTAH
3198,490982,346.0,1038.131162083507,3.000379081166205,0.0,0.0,0.0,0.0,92.99969987768651,0.0,0.0,0.0,0.0,0.0,0.0,0.0,0.0,0.0,0.0,71.99409000430937,21.005609873377143,102351,0,0,0,49,UTAH
3154,490938,259.0,795.3794997362565,3.070963319445006,695.0,179.0,1.0,515.0,715.5936461691248,2.0,177.0,1.0,0.0,61.0,11.0,139.0,304.0,0.0,4.589371979885057,0.0,16.00427418923973,58209,0,0,0,49,UTAH
3161,490945,396.0,1234.9071308043845,3.1184523505161224,88.0,0.0,87.0,1.0,247.9952479586662,0.0,0.0,86.0,1.0,0.0,1.0,0.0,0.0,0.0,0.0,135.9888366748066,24.006411283859595,83918,0,0,0,49,UTAH
3163,490947,375.0,1146.6337990417478,3.0576901307779942,332.0,20.0,21.0,291.0,424.00013118106096,20.0,0.0,0.0,21.0,93.0,47.0,2.0,149.0,0.0,0.0,69.99425417085634,22.005877010204628,56042,0,0,0,49,UTAH
3155,490939,185.0,557.2254067516433,3.012029225684558,224.0,7.0,10.0,207.0,235.00293850510232,7.0,0.0,0.0,10.0,33.0,51.0,2.0,121.0,0.0,0.0,0.0,11.002938505102314,58209,619,0,0,49,UTAH
3164,490948,79.0,214.2467322988992,2.7119839531506225,783.0,53.0,62.0,668.0,788.0013356841374,53.0,0.0,0.0,62.0,56.0,237.0,0.0,375.0,0.0,0.0,0.0,5.001335684137416,56042,0,0,1442,49,UTAH
3162,490946,375.0,1188.9314371780113,3.1704838324746967,242.0,42.0,22.0,178.0,265.00898067252615,42.0,0.0,0.0,22.0,23.0,85.0,4.0,66.0,1.0031036623215397,0.0,0.0,22.005877010204628,83918,852,0,0,49,UTAH
3165,490949,378.0,1146.6337990417478,3.0334227487876926,263.0,18.0,3.0,242.0,319.00343539900723,18.0,0.0,0.0,3.0,12.0,12.0,165.0,53.0,0.0,0.0,32.99729125197513,23.006144147032117,50048,0,0,0,49,UTAH
3167,490951,222.0,668.4865853274665,3.011200834808408,502.0,93.0,14.0,395.0,515.0034727787573,73.0,20.0,0.0,14.0,81.0,18.0,33.0,263.0,0.0,0.0,0.0,13.00347277875728,56042,0,0,0,49,UTAH
3166,490950,185.0,550.788809643951,2.9772368088862216,808.0,39.0,2.0,767.0,819.0029385051023,3.0,36.0,0.0,2.0,40.0,578.0,53.0,96.0,0.0,0.0,0.0,11.002938505102314,50625,0,0,0,49,UTAH
3203,490987,365.0,1127.324007718671,3.088558925256633,4.0,1.0,3.0,0.0,26.005877010204628,1.0,0.0,0.0,3.0,0.0,0.0,0.0,0.0,0.0,0.0,0.0,22.005877010204628,105921,0,0,0,49,UTAH
3211,490995,186.0,544.3522125362588,2.9266247985820364,735.0,70.0,223.0,442.0,746.0029385051023,35.0,35.0,143.0,80.0,56.0,75.0,21.0,290.0,0.0,0.0,0.0,11.002938505102314,49164,0,7,265,49,UTAH
3207,490991,510.0,1490.5319873670194,2.922611739935332,22.0,9.0,0.0,13.0,54.01138490397352,9.0,0.0,0.0,0.0,3.0,2.0,0.0,8.0,1.0031036623215397,0.0,0.0,31.00828124165198,105921,0,0,0,49,UTAH
3205,490989,493.0,1369.1561561933945,2.7771930145910635,0.0,0.0,0.0,0.0,210.99634277791947,0.0,0.0,0.0,0.0,0.0,0.0,0.0,0.0,1.0031036623215397,0.0,179.98522501077343,30.008014104824493,105921,0,0,0,49,UTAH
3208,490992,229.0,716.3013066988946,3.127953304361985,0.0,0.0,0.0,0.0,205.99435141826646,0.0,0.0,0.0,0.0,0.0,0.0,0.0,0.0,2.006207324643079,0.0,189.98440417803863,14.003739915584765,105921,0,0,0,49,UTAH
3209,490993,258.0,846.8722765977946,3.282450684487576,704.0,26.0,61.0,617.0,761.0005595549261,26.0,0.0,16.0,45.0,13.0,345.0,2.0,257.0,0.0,0.0,41.9965525025138,15.004007052412248,105921,921,438,414,49,UTAH
3210,490994,242.0,837.6771378725199,3.461475776332726,99.0,11.0,3.0,85.0,123.00610482844496,11.0,0.0,0.0,3.0,9.0,0.0,18.0,58.0,1.0031036623215397,0.0,8.999261250538671,14.003739915584765,105921,0,0,0,49,UTAH
3206,490990,148.0,381.5982570988977,2.5783666020195786,219.0,21.0,6.0,192.0,438.99145615193294,21.0,0.0,1.0,5.0,137.0,30.0,1.0,24.0,2.006207324643079,0.0,208.9828445958425,9.002404231447349,105921,0,0,0,49,UTAH
3212,490996,243.0,807.3331800791136,3.322358765757669,250.0,76.0,16.0,158.0,270.00359663604485,76.0,0.0,12.0,4.0,1.0,25.0,0.0,132.0,0.0,0.0,4.999589583632595,15.004007052412248,105921,0,0,0,49,UTAH
3225,491009,15.0,35.8610410285711,2.3907360685714067,0.0,0.0,0.0,0.0,30.090273344152127,0.0,0.0,0.0,0.0,0.0,0.0,0.0,0.0,29.090006207324645,0.0,0.0,1.0002671368274831,62476,0,0,0,49,UTAH
3075,490859,397.0,1097.8995637977923,2.7654900851329782,269.0,10.0,177.0,82.0,295.0126186085027,9.0,1.0,121.0,56.0,66.0,6.0,0.0,10.0,2.006207324643079,0.0,0.0,24.006411283859595,51304,0,0,0,49,UTAH
3134,490918,0.0,0.0,0.0,721.0,98.0,193.0,430.0,725.0124146492861,98.0,0.0,145.0,48.0,276.0,88.0,0.0,66.0,4.012414649286158,0.0,0.0,0.0,51304,0,0,0,49,UTAH
3232,491016,12.0,22.987846813186604,1.915653901098884,0.0,0.0,0.0,0.0,7.018889110756721,0.0,0.0,0.0,0.0,0.0,0.0,0.0,0.0,6.018621973929237,0.0,0.0,1.0002671368274831,51304,0,0,0,49,UTAH
3132,490916,2.0,5.517083235164785,2.7585416175823925,458.0,11.0,271.0,176.0,465.0217256362508,11.0,0.0,47.0,224.0,112.0,51.0,0.0,13.0,7.0217256362507765,0.0,0.0,0.0,51304,0,0,0,49,UTAH
3135,490919,0.0,0.0,0.0,785.0,69.0,574.0,142.0,785.0,69.0,0.0,464.0,110.0,24.0,80.0,0.0,38.0,0.0,0.0,0.0,0.0,51304,0,0,0,49,UTAH
3141,490925,0.0,0.0,0.0,827.0,11.0,608.0,208.0,828.0031036623216,11.0,0.0,589.0,19.0,96.0,21.0,36.0,55.0,1.0031036623215397,0.0,0.0,0.0,51304,0,0,0,49,UTAH
3230,491014,9.0,17.47076357802182,1.941195953113536,0.0,0.0,0.0,0.0,7.018889110756721,0.0,0.0,0.0,0.0,0.0,0.0,0.0,0.0,6.018621973929237,0.0,0.0,1.0002671368274831,51304,0,0,0,49,UTAH
3228,491012,13.0,23.907360685714067,1.839027745054928,0.0,0.0,0.0,0.0,7.018889110756721,0.0,0.0,0.0,0.0,0.0,0.0,0.0,0.0,6.018621973929237,0.0,0.0,1.0002671368274831,51304,0,0,0,49,UTAH
3229,491013,9.0,17.47076357802182,1.941195953113536,0.0,0.0,0.0,0.0,6.01578544843518,0.0,0.0,0.0,0.0,0.0,0.0,0.0,0.0,5.015518311607697,0.0,0.0,1.0002671368274831,51304,0,0,0,49,UTAH
3139,490923,31.0,78.15867916483445,2.52124771499466,14.0,4.0,4.0,6.0,21.016052585262663,4.0,0.0,0.0,4.0,1.0,0.0,0.0,5.0,5.015518311607697,0.0,0.0,2.0005342736549663,51304,0,0,0,49,UTAH
3233,491017,6.0,16.551249705494357,2.758541617582393,0.0,0.0,0.0,0.0,6.018621973929237,0.0,0.0,0.0,0.0,0.0,0.0,0.0,0.0,6.018621973929237,0.0,0.0,0.0,51304,0,0,0,49,UTAH
3138,490922,168.0,412.8617287648314,2.4575102902668537,0.0,0.0,0.0,0.0,14.01508601756099,0.0,0.0,0.0,0.0,0.0,0.0,0.0,0.0,4.012414649286158,0.0,0.0,10.002671368274832,51304,0,0,0,49,UTAH
3237,491021,4.0,7.3561109802197135,1.8390277450549284,0.0,0.0,0.0,0.0,7.0217256362507765,0.0,0.0,0.0,0.0,0.0,0.0,0.0,0.0,7.0217256362507765,0.0,0.0,0.0,51304,0,0,0,49,UTAH
3235,491019,18.0,48.7342352439556,2.707457513553089,0.0,0.0,0.0,0.0,5.012681786113641,0.0,0.0,0.0,0.0,0.0,0.0,0.0,0.0,4.012414649286158,0.0,0.0,1.0002671368274831,51304,0,0,0,49,UTAH
3238,491022,3.0,6.43659710769225,2.1455323692307497,0.0,0.0,0.0,0.0,2.006207324643079,0.0,0.0,0.0,0.0,0.0,0.0,0.0,0.0,2.006207324643079,0.0,0.0,0.0,51304,0,0,0,49,UTAH
3158,490942,433.0,1135.5996325714182,2.6226319458924205,32.0,31.0,1.0,0.0,152.0024154754024,31.0,0.0,1.0,0.0,0.0,0.0,0.0,0.0,1.0031036623215397,0.0,92.99236625556628,26.00694555751456,51304,0,0,0,49,UTAH
3156,490940,132.0,358.61041028571105,2.716745532467508,143.0,24.0,4.0,115.0,270.99228710180216,24.0,0.0,4.0,0.0,31.0,3.0,0.0,81.0,0.0,0.0,119.9901500071823,8.002137094619865,51304,0,0,0,49,UTAH
3160,490944,249.0,685.0378350329609,2.7511559639877947,0.0,0.0,0.0,0.0,15.004007052412248,0.0,0.0,0.0,0.0,0.0,0.0,0.0,0.0,0.0,0.0,0.0,15.004007052412248,51304,0,0,0,49,UTAH
3262,491046,8.0,19.309791323076748,2.413723915384593,0.0,0.0,0.0,0.0,4.012414649286158,0.0,0.0,0.0,0.0,0.0,0.0,0.0,0.0,4.012414649286158,0.0,0.0,0.0,76841,0,0,0,49,UTAH
3291,491075,10.0,19.309791323076748,1.9309791323076748,0.0,0.0,0.0,0.0,37.1119989804029,0.0,0.0,0.0,0.0,0.0,0.0,0.0,0.0,36.11173184357542,0.0,0.0,1.0002671368274831,76841,0,0,0,49,UTAH
3200,490984,237.0,643.659710769225,2.7158637585199363,735.0,83.0,113.0,539.0,751.0099472402279,65.0,18.0,91.0,22.0,269.0,53.0,3.0,214.0,2.006207324643079,0.0,0.0,14.003739915584765,75589,0,0,0,49,UTAH
3199,490983,176.0,445.96422817582015,2.533887660089887,156.0,0.0,5.0,151.0,174.01510690456806,0.0,0.0,4.0,1.0,29.0,20.0,0.0,102.0,4.012414649286158,0.0,2.9997537501795573,11.002938505102314,75589,0,0,0,49,UTAH
3201,490985,427.0,1210.9997701186703,2.836065035406722,0.0,0.0,0.0,0.0,29.016256544479177,0.0,0.0,0.0,0.0,0.0,0.0,0.0,0.0,3.009310986964618,0.0,0.0,26.00694555751456,75589,0,0,0,49,UTAH
3272,491056,12.0,34.94152715604364,2.9117939296703037,11.0,0.0,5.0,6.0,15.009578123792101,0.0,0.0,0.0,5.0,2.0,0.0,0.0,4.0,3.009310986964618,0.0,0.0,1.0002671368274831,75589,0,0,0,49,UTAH
3308,491092,35.0,102.985553723076,2.9424443920878858,5.0,3.0,1.0,1.0,10.009845260619585,3.0,0.0,0.0,1.0,1.0,0.0,0.0,0.0,3.009310986964618,0.0,0.0,2.0005342736549663,75589,0,0,0,49,UTAH
3331,491115,27.0,67.12451269450489,2.48609306275944,0.0,0.0,0.0,0.0,5.009845260619585,0.0,0.0,0.0,0.0,0.0,0.0,0.0,0.0,3.009310986964618,0.0,0.0,2.0005342736549663,75589,0,0,0,49,UTAH
3333,491117,669.0,1799.4886485362474,2.6898186076775,0.0,0.0,0.0,0.0,42.01689279774241,0.0,0.0,0.0,0.0,0.0,0.0,0.0,0.0,2.006207324643079,0.0,0.0,40.01068547309933,75589,0,0,0,49,UTAH
3315,491099,352.0,1042.7287314461444,2.9622975325174554,0.0,0.0,0.0,0.0,22.008713535698682,0.0,0.0,0.0,0.0,0.0,0.0,0.0,0.0,1.0031036623215397,0.0,0.0,21.005609873377143,56564,0,0,0,49,UTAH
3319,491103,7.0,12.8731942153845,1.8390277450549284,0.0,0.0,0.0,0.0,7.0217256362507765,0.0,0.0,0.0,0.0,0.0,0.0,0.0,0.0,7.0217256362507765,0.0,0.0,0.0,56564,0,0,0,49,UTAH
3320,491104,119.0,361.3689519032934,3.0367138815402805,217.0,6.0,87.0,124.0,382.0016437829625,6.0,0.0,1.0,86.0,15.0,18.0,0.0,91.0,4.012414649286158,0.0,153.98735917588394,7.0018699577923815,56564,0,0,0,49,UTAH
3322,491106,114.0,350.3347854329639,3.073112152920736,0.0,0.0,0.0,0.0,83.00837461138791,0.0,0.0,0.0,0.0,0.0,0.0,0.0,0.0,4.012414649286158,0.0,71.99409000430937,7.0018699577923815,56564,0,0,0,49,UTAH
3321,491105,54.0,145.28319185933935,2.6904294788766547,297.0,123.0,57.0,117.0,304.0132160597686,123.0,0.0,0.0,57.0,11.0,15.0,0.0,91.0,4.012414649286158,0.0,0.0,3.0008014104824494,56564,0,0,0,49,UTAH
3341,491125,0.0,0.0,0.0,693.0,43.0,583.0,67.0,694.0031036623216,12.0,31.0,38.0,545.0,61.0,6.0,0.0,0.0,1.0031036623215397,0.0,0.0,0.0,56564,0,0,0,49,UTAH
3339,491123,0.0,0.0,0.0,578.0,0.0,577.0,1.0,579.0031036623216,0.0,0.0,577.0,0.0,0.0,1.0,0.0,0.0,1.0031036623215397,0.0,0.0,0.0,56564,0,0,0,49,UTAH
3340,491124,137.0,342.05916058021666,2.49678219401618,925.0,25.0,205.0,695.0,965.0122534122486,23.0,2.0,118.0,87.0,575.0,50.0,13.0,57.0,4.012414649286158,0.0,27.997701668342536,8.002137094619865,56564,0,0,0,49,UTAH
3324,491108,46.0,129.65145602637244,2.818509913616792,0.0,0.0,0.0,0.0,5.007008735125528,0.0,0.0,0.0,0.0,0.0,0.0,0.0,0.0,2.006207324643079,0.0,0.0,3.0008014104824494,56564,0,0,0,49,UTAH
3323,491107,36.0,117.69777568351542,3.269382657875428,80.0,44.0,1.0,35.0,92.03157089687036,44.0,0.0,0.0,1.0,2.0,9.0,2.0,22.0,10.031036623215394,0.0,0.0,2.0005342736549663,57510,0,0,0,49,UTAH
3325,491109,193.0,573.7766564571376,2.9729360438193657,0.0,0.0,0.0,0.0,19.024931278180574,0.0,0.0,0.0,0.0,0.0,0.0,0.0,0.0,7.0217256362507765,0.0,0.0,12.003205641929798,56564,0,0,0,49,UTAH
3430,491214,15.0,34.02201328351617,2.268134218901078,51.0,1.0,15.0,35.0,62.031303760042874,1.0,0.0,0.0,15.0,5.0,4.0,0.0,26.0,10.031036623215394,0.0,0.0,1.0002671368274831,61056,0,0,0,49,UTAH
3431,491215,12.0,27.585416175823926,2.2987846813186605,113.0,5.0,58.0,50.0,120.01888911075673,5.0,0.0,0.0,58.0,0.0,9.0,0.0,41.0,6.018621973929237,0.0,0.0,1.0002671368274831,56564,0,0,0,49,UTAH
3382,491166,291.0,851.4698459604318,2.9260132163588723,578.0,4.0,40.0,534.0,683.003689489191,1.0,3.0,39.0,1.0,374.0,29.0,41.0,90.0,2.006207324643079,0.0,85.99294083848064,17.004541326067212,105921,0,0,0,49,UTAH
3332,491116,317.0,922.2724141450466,2.909376700773018,121.0,0.0,26.0,95.0,328.00238692668785,0.0,0.0,1.0,25.0,4.0,5.0,0.0,86.0,4.012414649286158,0.0,183.9848966776795,19.00507559972218,75589,0,0,0,49,UTAH
3383,491167,208.0,622.5108917010932,2.992840825486025,830.0,94.0,195.0,541.0,844.0094129665729,92.0,2.0,5.0,190.0,354.0,96.0,37.0,54.0,2.006207324643079,0.0,0.0,12.003205641929798,105921,0,0,0,49,UTAH
3384,491168,22.0,74.4806236747246,3.3854828943056634,405.0,14.0,315.0,76.0,406.00026713682746,14.0,0.0,0.0,315.0,0.0,64.0,0.0,12.0,0.0,0.0,0.0,1.0002671368274831,105921,0,0,0,49,UTAH
3385,491169,152.0,497.4570050373581,3.272743454193145,8.0,0.0,8.0,0.0,123.99999281237493,0.0,0.0,8.0,0.0,0.0,0.0,0.0,0.0,2.006207324643079,0.0,104.9913812562845,9.002404231447349,105921,0,0,0,49,UTAH
3380,491164,312.0,936.984636105486,3.003155884953481,949.0,11.0,167.0,771.0,1501.9739861140633,1.0,10.0,126.0,41.0,309.0,133.0,31.0,298.0,4.012414649286158,0.0,529.9564958650551,19.00507559972218,105921,0,0,0,49,UTAH
3387,491171,140.0,464.3545056263694,3.31681789733121,1.0,0.0,0.0,1.0,96.01092457780213,0.0,0.0,0.0,0.0,0.0,0.0,0.0,1.0,5.015518311607697,0.0,81.99326917157457,8.002137094619865,105921,0,0,0,49,UTAH
3394,491178,98.0,333.7835357274695,3.405954446198668,902.0,87.0,48.0,767.0,913.0043781501926,85.0,2.0,13.0,35.0,75.0,316.0,49.0,327.0,1.0031036623215397,0.0,3.9996716669060763,6.001602820964899,85315,0,0,1374,49,UTAH
3326,491110,77.0,238.1540929846132,3.0929102985014705,0.0,0.0,0.0,0.0,108.00243834375395,0.0,0.0,0.0,0.0,0.0,0.0,0.0,0.0,3.009310986964618,0.0,99.99179167265191,5.001335684137416,30043,0,0,0,49,UTAH
3395,491179,138.0,418.3788119999962,3.031730521739103,92.0,9.0,6.0,77.0,105.00491242384749,9.0,0.0,0.0,6.0,1.0,12.0,3.0,61.0,1.0031036623215397,0.0,3.9996716669060763,8.002137094619865,75991,0,0,0,49,UTAH
3412,491196,192.0,591.2474200351595,3.079413646016456,234.0,8.0,6.0,220.0,249.0153531543885,7.0,1.0,0.0,6.0,100.0,17.0,49.0,54.0,4.012414649286158,0.0,0.0,11.002938505102314,69330,0,0,0,49,UTAH
3410,491194,172.0,512.1692269977975,2.977728063940684,457.0,10.0,36.0,411.0,471.015086017561,5.0,5.0,15.0,21.0,201.0,22.0,15.0,173.0,4.012414649286158,0.0,0.0,10.002671368274832,69330,0,0,0,49,UTAH
3413,491197,165.0,520.4448518505448,3.154211223336635,350.0,2.0,15.0,333.0,501.9942012890356,0.0,2.0,11.0,4.0,182.0,31.0,49.0,71.0,1.0031036623215397,0.0,140.9884262584392,10.002671368274832,104591,0,0,0,49,UTAH
3402,491186,357.0,1215.5973394813077,3.405034564373411,0.0,0.0,0.0,0.0,40.00723603677602,0.0,0.0,0.0,0.0,0.0,0.0,0.0,0.0,1.0031036623215397,0.0,17.998522501077343,21.005609873377143,75108,0,0,0,49,UTAH
3409,491193,139.0,386.195826461535,2.7783872407304675,809.0,179.0,30.0,600.0,878.0098729973176,164.0,15.0,16.0,14.0,199.0,38.0,55.0,308.0,4.012414649286158,0.0,56.99532125341159,8.002137094619865,72269,0,0,0,49,UTAH
3403,491187,194.0,684.1183211604333,3.52638309876512,0.0,0.0,0.0,0.0,32.0047497220552,0.0,0.0,0.0,0.0,0.0,0.0,0.0,0.0,1.0031036623215397,0.0,18.998440417803863,12.003205641929798,75108,0,0,0,49,UTAH
3401,491185,318.0,1007.7872042901008,3.1691421518556626,28.0,3.0,0.0,25.0,120.00864075754313,3.0,0.0,0.0,0.0,1.0,3.0,6.0,15.0,3.009310986964618,0.0,69.99425417085634,19.00507559972218,89915,0,0,0,49,UTAH
3405,491189,115.0,374.2421461186779,3.2542795314667643,499.0,210.0,0.0,289.0,512.0013774581515,210.0,0.0,0.0,0.0,2.0,194.0,38.0,55.0,0.0,0.0,5.9995075003591145,7.0018699577923815,85315,528,0,0,49,UTAH
3404,491188,225.0,795.3794997362565,3.535019998827807,27.0,1.0,0.0,26.0,40.00347277875728,1.0,0.0,0.0,0.0,21.0,1.0,1.0,3.0,0.0,0.0,0.0,13.00347277875728,85315,0,0,0,49,UTAH
3369,491153,10.0,27.585416175823926,2.7585416175823925,0.0,0.0,0.0,0.0,4.009578123792101,0.0,0.0,0.0,0.0,0.0,0.0,0.0,0.0,3.009310986964618,0.0,0.0,1.0002671368274831,109773,0,0,0,49,UTAH
3424,491208,230.0,766.8745696879051,3.334237259512631,0.0,0.0,0.0,0.0,20.0064331615389,0.0,0.0,0.0,0.0,0.0,0.0,0.0,0.0,1.0031036623215397,0.0,4.999589583632595,14.003739915584765,83427,0,0,0,49,UTAH
3368,491152,133.0,420.2178397450512,3.1595326296620385,25.0,1.0,0.0,24.0,83.00121867654084,1.0,0.0,0.0,0.0,4.0,1.0,1.0,18.0,1.0031036623215397,0.0,48.99597791959943,8.002137094619865,109773,0,0,0,49,UTAH
3426,491210,303.0,1055.6019256615289,3.483834738156861,52.0,3.0,20.0,29.0,70.0048084628947,3.0,0.0,1.0,19.0,2.0,3.0,23.0,1.0,0.0,0.0,0.0,18.004808462894697,83427,0,0,0,49,UTAH
3428,491212,279.0,902.0431089494424,3.233129422757858,0.0,0.0,0.0,0.0,55.00142216167494,0.0,0.0,0.0,0.0,0.0,0.0,0.0,0.0,0.0,0.0,37.996880835607726,17.004541326067212,114538,0,0,0,49,UTAH
3349,491133,135.0,362.2884657758209,2.6836182650060807,111.0,23.0,1.0,87.0,152.00261409219002,23.0,0.0,1.0,0.0,0.0,18.0,56.0,13.0,1.0031036623215397,0.0,31.99737333524861,8.002137094619865,30043,0,0,0,49,UTAH
3348,491132,282.0,865.2625540483438,3.068306929249446,0.0,0.0,0.0,0.0,105.00368948919093,0.0,0.0,0.0,0.0,0.0,0.0,0.0,0.0,2.006207324643079,0.0,85.99294083848064,17.004541326067212,30043,0,0,0,49,UTAH
3344,491128,372.0,1039.0506759560346,2.7931469783764373,158.0,143.0,1.0,14.0,485.98394527411455,143.0,0.0,0.0,1.0,0.0,2.0,0.0,12.0,1.0031036623215397,0.0,304.97496460158834,22.005877010204628,30043,0,0,0,49,UTAH
3329,491113,274.0,771.4721390505424,2.815591748359644,519.0,123.0,53.0,343.0,810.9975479337342,114.0,9.0,50.0,3.0,104.0,24.0,10.0,205.0,5.015518311607697,0.0,270.9777554328867,16.00427418923973,30043,0,0,0,49,UTAH
3345,491129,97.0,271.256592395602,2.796459715418577,410.0,232.0,95.0,83.0,417.00470648328644,201.0,31.0,0.0,95.0,2.0,28.0,1.0,52.0,1.0031036623215397,0.0,0.0,6.001602820964899,30043,0,0,0,49,UTAH
3347,491131,189.0,592.1669339076869,3.133158380463952,377.0,290.0,6.0,81.0,390.00277433855535,284.0,6.0,6.0,0.0,1.0,45.0,2.0,33.0,0.0,0.0,1.9998358334530382,11.002938505102314,30043,454,0,0,49,UTAH
3350,491134,253.0,769.6331113054875,3.042028107926828,258.0,107.0,38.0,113.0,273.00400705241225,69.0,38.0,0.0,38.0,7.0,22.0,20.0,64.0,0.0,0.0,0.0,15.004007052412248,56620,0,0,0,49,UTAH
3351,491135,210.0,672.1646408175764,3.200784003893221,151.0,52.0,7.0,92.0,164.00347277875727,48.0,4.0,2.0,5.0,5.0,8.0,0.0,79.0,0.0,0.0,0.0,13.00347277875728,56620,0,0,0,49,UTAH
3366,491150,192.0,600.4425587604342,3.127304993543928,262.0,52.0,9.0,201.0,290.0015430894531,49.0,3.0,7.0,2.0,70.0,24.0,36.0,71.0,0.0,0.0,16.998604584350826,11.002938505102314,77634,0,0,0,49,UTAH
3372,491156,149.0,427.5739507252708,2.869623830370945,858.0,20.0,0.0,838.0,868.0055078937689,20.0,0.0,0.0,0.0,0.0,71.0,767.0,0.0,1.0031036623215397,0.0,0.0,9.002404231447349,89915,0,0,0,49,UTAH
3371,491155,390.0,1244.102269529659,3.190005819306818,0.0,0.0,0.0,0.0,25.012351471675196,0.0,0.0,0.0,0.0,0.0,0.0,0.0,0.0,2.006207324643079,0.0,0.0,23.006144147032117,71171,0,0,0,49,UTAH
3370,491154,38.0,109.42215083076825,2.879530285020217,0.0,0.0,0.0,0.0,15.021767410264857,0.0,0.0,0.0,0.0,0.0,0.0,0.0,0.0,7.0217256362507765,0.0,5.9995075003591145,2.0005342736549663,82941,0,0,0,49,UTAH
3367,491151,179.0,590.327906162632,3.2979212634783908,16.0,1.0,4.0,11.0,40.77105444618177,1.0,0.0,0.0,4.0,2.0,1.0,7.0,1.0,0.0,13.768115941079458,0.0,11.002938505102314,82148,0,0,0,49,UTAH
3363,491147,309.0,978.362760369222,3.166222525466737,21.0,0.0,14.0,7.0,39.0048084628947,0.0,0.0,14.0,0.0,2.0,1.0,3.0,1.0,0.0,0.0,0.0,18.004808462894697,77834,0,0,0,49,UTAH
3364,491148,430.0,1373.7537255560314,3.194776105944259,336.0,130.0,2.0,204.0,402.00366222657533,82.0,48.0,0.0,2.0,3.0,43.0,46.0,112.0,0.0,0.0,39.99671666906076,26.00694555751456,60420,447,0,0,49,UTAH
3362,491146,245.0,747.5647783648284,3.0512848096523606,1246.0,172.0,95.0,979.0,1265.0036787193185,170.0,2.0,18.0,77.0,58.0,363.0,11.0,547.0,0.0,0.0,3.9996716669060763,15.004007052412248,77052,0,1224,1459,49,UTAH
3379,491163,60.0,193.0979132307675,3.218298553846125,0.0,0.0,0.0,0.0,7.01037953427455,0.0,0.0,0.0,0.0,0.0,0.0,0.0,0.0,3.009310986964618,0.0,0.0,4.0010685473099326,67250,0,0,0,49,UTAH
3374,491158,448.0,1515.358861925261,3.3824974596546005,241.0,12.0,10.0,219.0,273.00998802356963,12.0,0.0,1.0,9.0,39.0,92.0,5.0,83.0,1.0031036623215397,0.0,3.9996716669060763,27.007212694342044,67250,631,0,0,49,UTAH
3373,491157,196.0,702.5085986109826,3.5842275439335847,0.0,0.0,0.0,0.0,13.006309304251337,0.0,0.0,0.0,0.0,0.0,0.0,0.0,0.0,1.0031036623215397,0.0,0.0,12.003205641929798,67250,0,0,0,49,UTAH
3346,491130,482.0,1578.805319129656,3.275529707737876,125.0,102.0,5.0,18.0,154.007746967997,21.0,81.0,3.0,2.0,1.0,3.0,0.0,14.0,0.0,0.0,0.0,29.00774696799701,55219,0,0,0,49,UTAH
3365,491149,200.0,634.4645720439503,3.1723228602197517,837.0,307.0,16.0,514.0,849.0032056419298,236.0,71.0,16.0,0.0,17.0,121.0,5.0,371.0,0.0,0.0,0.0,12.003205641929798,54104,0,0,0,49,UTAH
3352,491136,295.0,876.2967205186734,2.970497357690418,473.0,77.0,6.0,390.0,491.0048084628947,8.0,69.0,3.0,3.0,6.0,193.0,8.0,183.0,0.0,0.0,0.0,18.004808462894697,43532,470,0,0,49,UTAH
3353,491137,320.0,926.869983507684,2.896468698461512,401.0,252.0,3.0,146.0,425.0046651833548,249.0,3.0,0.0,3.0,0.0,60.0,12.0,74.0,0.0,0.0,4.999589583632595,19.00507559972218,67233,408,0,0,49,UTAH
3354,491138,321.0,947.0992887032882,2.950465073842019,482.0,77.0,298.0,107.0,504.00482934990174,77.0,0.0,0.0,298.0,4.0,70.0,5.0,28.0,0.0,0.0,2.9997537501795573,19.00507559972218,65557,0,713,0,49,UTAH
3355,491139,145.0,411.942214892304,2.840980792360717,336.0,66.0,30.0,240.0,345.0024042314474,31.0,35.0,3.0,27.0,83.0,39.0,35.0,83.0,0.0,0.0,0.0,9.002404231447349,74447,0,0,0,49,UTAH
3357,491141,346.0,1004.1091487999907,2.902049563005754,125.0,5.0,0.0,120.0,146.00560987337715,4.0,1.0,0.0,0.0,11.0,1.0,88.0,20.0,0.0,0.0,0.0,21.005609873377143,64531,0,0,0,49,UTAH
3358,491142,251.0,803.6551245890037,3.2018132453745167,0.0,0.0,0.0,0.0,15.004007052412248,0.0,0.0,0.0,0.0,0.0,0.0,0.0,0.0,0.0,0.0,0.0,15.004007052412248,79681,0,0,0,49,UTAH
3360,491144,96.0,334.703049599997,3.4864900999999686,0.0,0.0,0.0,0.0,7.004706483286439,0.0,0.0,0.0,0.0,0.0,0.0,0.0,0.0,1.0031036623215397,0.0,0.0,6.001602820964899,76922,0,0,0,49,UTAH
3359,491143,90.0,291.48589759120614,3.238732195457846,25.0,3.0,0.0,22.0,33.01064667110204,2.0,1.0,0.0,0.0,10.0,1.0,0.0,11.0,3.009310986964618,0.0,0.0,5.001335684137416,79681,0,0,0,49,UTAH
3376,491160,104.0,307.11763342417305,2.9530541675401256,0.0,0.0,0.0,0.0,7.004706483286439,0.0,0.0,0.0,0.0,0.0,0.0,0.0,0.0,1.0031036623215397,0.0,0.0,6.001602820964899,79681,0,0,0,49,UTAH
3378,491162,26.0,75.40013754725206,2.900005290278925,0.0,0.0,0.0,0.0,4.006741598298046,0.0,0.0,0.0,0.0,0.0,0.0,0.0,0.0,2.006207324643079,0.0,0.0,2.0005342736549663,79681,0,0,0,49,UTAH
3442,491226,5.0,11.03416647032957,2.206833294065914,0.0,0.0,0.0,0.0,5.015518311607697,0.0,0.0,0.0,0.0,0.0,0.0,0.0,0.0,5.015518311607697,0.0,0.0,0.0,79681,0,0,0,49,UTAH
3443,491227,268.0,896.5260257142776,3.3452463646055133,490.0,293.0,15.0,182.0,510.0039458561458,191.0,102.0,5.0,10.0,78.0,53.0,21.0,30.0,0.0,0.0,3.9996716669060763,16.00427418923973,93711,320,0,0,49,UTAH
3441,491225,159.0,513.0887408703251,3.226973213020913,169.0,64.0,8.0,97.0,321.0037585258207,63.0,1.0,2.0,6.0,50.0,16.0,8.0,23.0,4.012414649286158,0.0,137.98867250825964,10.002671368274832,67250,0,0,0,49,UTAH
3436,491220,4.0,6.43659710769225,1.6091492769230624,0.0,0.0,0.0,0.0,6.018621973929237,0.0,0.0,0.0,0.0,0.0,0.0,0.0,0.0,6.018621973929237,0.0,0.0,0.0,56564,0,0,0,49,UTAH
3440,491224,249.0,744.806236747246,2.991189705812233,0.0,0.0,0.0,0.0,18.013318039376866,0.0,0.0,0.0,0.0,0.0,0.0,0.0,0.0,3.009310986964618,0.0,0.0,15.004007052412248,79681,0,0,0,49,UTAH
3438,491222,34.0,97.4684704879112,2.866719720232682,0.0,0.0,0.0,0.0,4.006741598298046,0.0,0.0,0.0,0.0,0.0,0.0,0.0,0.0,2.006207324643079,0.0,0.0,2.0005342736549663,56564,0,0,0,49,UTAH
3439,491223,7.0,11.953680342857034,1.7076686204081477,0.0,0.0,0.0,0.0,5.015518311607697,0.0,0.0,0.0,0.0,0.0,0.0,0.0,0.0,5.015518311607697,0.0,0.0,0.0,56564,0,0,0,49,UTAH
3454,491238,89.0,257.46388430769,2.8928526326706736,25.0,1.0,2.0,22.0,32.007543008780495,1.0,0.0,1.0,1.0,4.0,3.0,1.0,14.0,2.006207324643079,0.0,0.0,5.001335684137416,47060,0,0,0,49,UTAH
3455,491239,194.0,532.3985321934018,2.744322330893824,296.0,108.0,3.0,185.0,371.126264928193,43.0,65.0,2.0,1.0,14.0,15.0,16.0,140.0,0.0,32.12560386774112,30.99745541852209,12.003205641929798,46734,0,0,0,49,UTAH
3457,491241,193.0,693.313459885708,3.5922977196150674,0.0,0.0,0.0,0.0,102.99573606404303,0.0,0.0,0.0,0.0,0.0,0.0,0.0,0.0,0.0,0.0,90.99253042211323,12.003205641929798,93711,0,0,0,49,UTAH
3459,491243,293.0,927.7894973802114,3.1665170559051585,563.0,230.0,21.0,312.0,583.0110157875379,230.0,0.0,21.0,0.0,186.0,24.0,42.0,60.0,2.006207324643079,0.0,0.0,18.004808462894697,74183,0,0,0,49,UTAH
3461,491245,293.0,834.9185962549375,2.849551523054394,475.0,124.0,9.0,342.0,505.0038234636129,107.0,17.0,1.0,8.0,45.0,171.0,43.0,83.0,0.0,0.0,11.999015000718229,18.004808462894697,52410,512,0,0,49,UTAH
3463,491247,1.0,1.0,1.0,315.0,122.0,0.0,193.0,317.00620732464307,122.0,0.0,0.0,0.0,91.0,10.0,82.0,10.0,2.006207324643079,0.0,0.0,0.0,52410,0,0,0,49,UTAH
3464,491248,1.0,1.0,1.0,1.0,1.0,0.0,0.0,6.015518311607697,1.0,0.0,0.0,0.0,0.0,0.0,0.0,0.0,5.015518311607697,0.0,0.0,0.0,52410,0,0,0,49,UTAH
3462,491246,25.0,74.4806236747246,2.979224946988984,2.0,0.0,0.0,2.0,36.00711562558767,0.0,0.0,0.0,0.0,1.0,0.0,1.0,0.0,3.009310986964618,0.0,29.997537501795573,1.0002671368274831,52410,0,0,0,49,UTAH
3460,491244,104.0,234.47603749450337,2.254577283600994,37.0,6.0,18.0,13.0,47.004460233466,6.0,0.0,0.0,18.0,1.0,8.0,0.0,4.0,1.0031036623215397,0.0,2.9997537501795573,6.001602820964899,52410,0,0,0,49,UTAH
3467,491251,0.0,0.0,0.0,815.0,75.0,113.0,627.0,818.0093109869646,62.0,13.0,108.0,5.0,172.0,127.0,111.0,217.0,3.009310986964618,0.0,0.0,0.0,52410,0,0,0,49,UTAH
3465,491249,173.0,509.4106853802152,2.944570435723787,0.0,0.0,0.0,0.0,14.01508601756099,0.0,0.0,0.0,0.0,0.0,0.0,0.0,0.0,4.012414649286158,0.0,0.0,10.002671368274832,52410,0,0,0,49,UTAH
3469,491253,104.0,326.4274247472498,3.138725237954325,1023.0,240.0,66.0,717.0,1177.9893724132164,238.0,2.0,65.0,1.0,239.0,104.0,263.0,111.0,0.0,0.0,148.98776959225134,6.001602820964899,52410,0,0,0,49,UTAH
3475,491259,1.0,1.0,1.0,1246.0,14.0,53.0,1179.0,1569.9925194929622,9.0,5.0,38.0,15.0,499.0,127.0,373.0,180.0,6.018621973929237,0.0,317.9738975190331,0.0,67754,0,0,0,49,UTAH
3435,491219,3.0,5.517083235164785,1.8390277450549284,0.0,0.0,0.0,0.0,4.012414649286158,0.0,0.0,0.0,0.0,0.0,0.0,0.0,0.0,4.012414649286158,0.0,0.0,0.0,56564,0,0,0,49,UTAH
3434,491218,0.0,0.0,0.0,0.0,0.0,0.0,0.0,7.0217256362507765,0.0,0.0,0.0,0.0,0.0,0.0,0.0,0.0,7.0217256362507765,0.0,0.0,0.0,56564,0,0,0,49,UTAH
3450,491234,148.0,451.4813114109849,3.050549401425574,249.0,8.0,18.0,223.0,259.0055078937689,8.0,0.0,0.0,18.0,8.0,140.0,0.0,75.0,1.0031036623215397,0.0,0.0,9.002404231447349,75166,661,0,0,49,UTAH
3445,491229,1.0,1.8390277450549284,1.8390277450549284,0.0,0.0,0.0,0.0,2.006207324643079,0.0,0.0,0.0,0.0,0.0,0.0,0.0,0.0,2.006207324643079,0.0,0.0,0.0,76443,0,0,0,49,UTAH
3444,491228,21.0,63.44645720439503,3.021259866875954,0.0,0.0,0.0,0.0,6.01578544843518,0.0,0.0,0.0,0.0,0.0,0.0,0.0,0.0,5.015518311607697,0.0,0.0,1.0002671368274831,74530,0,0,0,49,UTAH
3452,491236,238.0,737.4501257670263,3.0985299401975896,21.0,1.0,15.0,5.0,40.00332949921736,1.0,0.0,1.0,14.0,1.0,0.0,0.0,4.0,0.0,0.0,4.999589583632595,14.003739915584765,70232,0,0,0,49,UTAH
3446,491230,752.0,2502.9167610197574,3.3283467566752094,0.0,0.0,0.0,0.0,184.00379732781792,0.0,0.0,0.0,0.0,0.0,0.0,0.0,0.0,1.0031036623215397,0.0,137.98867250825964,45.01202115723674,76443,0,0,0,49,UTAH
3448,491232,239.0,770.552625178015,3.2240695614142885,81.0,8.0,44.0,29.0,113.00863390785216,7.0,1.0,1.0,43.0,4.0,3.0,0.0,22.0,2.006207324643079,0.0,15.998686667624305,14.003739915584765,55079,0,0,0,49,UTAH
3447,491231,3.0,4.597569362637321,1.532523120879107,0.0,0.0,0.0,0.0,5.015518311607697,0.0,0.0,0.0,0.0,0.0,0.0,0.0,0.0,5.015518311607697,0.0,0.0,0.0,74530,0,0,0,49,UTAH
3449,491233,194.0,627.1084610637306,3.232517840534694,97.0,39.0,0.0,58.0,109.0032056419298,11.0,28.0,0.0,0.0,4.0,12.0,32.0,10.0,0.0,0.0,0.0,12.003205641929798,55079,0,0,0,49,UTAH
3484,491268,78.0,252.86631494505264,3.2418758326288803,0.0,0.0,0.0,0.0,63.076218494151036,0.0,0.0,0.0,0.0,0.0,0.0,0.0,0.0,25.07759155803849,0.0,32.99729125197513,5.001335684137416,74530,0,0,0,49,UTAH
3482,491266,142.0,418.3788119999962,2.9463296619718045,51.0,1.0,23.0,27.0,303.1445818012366,1.0,0.0,23.0,0.0,2.0,23.0,2.0,0.0,51.15828677839851,0.0,192.9841579282182,8.002137094619865,74530,0,0,0,49,UTAH
3478,491262,5.0,10.114652597802106,2.022930519560421,0.0,0.0,0.0,0.0,1.0031036623215397,0.0,0.0,0.0,0.0,0.0,0.0,0.0,0.0,1.0031036623215397,0.0,0.0,0.0,73175,0,0,0,49,UTAH
3480,491264,30.0,95.62944274285628,3.1876480914285423,11.0,4.0,3.0,4.0,14.003637935976506,4.0,0.0,0.0,3.0,2.0,0.0,0.0,2.0,1.0031036623215397,0.0,0.0,2.0005342736549663,74530,0,0,0,49,UTAH
3494,491278,37.0,115.85874793846048,3.131317511850283,0.0,0.0,0.0,0.0,73.18266535134401,0.0,0.0,0.0,0.0,0.0,0.0,0.0,0.0,59.183116076970826,0.0,11.999015000718229,2.0005342736549663,74530,0,0,0,49,UTAH
3486,491270,104.0,331.94450798241456,3.191774115215525,376.0,257.0,5.0,114.0,445.1971335472219,257.0,0.0,5.0,0.0,0.0,89.0,0.0,25.0,63.19553072625698,0.0,0.0,6.001602820964899,67985,318,0,0,49,UTAH
3490,491274,25.0,77.23916529230699,3.0895666116922795,0.0,0.0,0.0,0.0,55.15830766540555,0.0,0.0,0.0,0.0,0.0,0.0,0.0,0.0,51.15828677839851,0.0,2.9997537501795573,1.0002671368274831,67754,0,0,0,49,UTAH
3488,491272,81.0,268.49805077801955,3.3147907503459204,0.0,0.0,0.0,0.0,23.02534414997492,0.0,0.0,0.0,0.0,0.0,0.0,0.0,0.0,8.024829298572316,0.0,9.99917916726519,5.001335684137416,67754,0,0,0,49,UTAH
3487,491271,176.0,594.0059616527419,3.375033873026943,9.0,5.0,0.0,4.0,28.018210566889568,5.0,0.0,0.0,0.0,0.0,0.0,3.0,1.0,5.015518311607697,0.0,2.9997537501795573,11.002938505102314,67754,0,0,0,49,UTAH
3523,491307,158.0,419.29832587252366,2.653786872610909,0.0,0.0,0.0,0.0,201.4390201174319,0.0,0.0,0.0,0.0,0.0,0.0,0.0,0.0,142.4407200496586,0.0,49.99589583632596,9.002404231447349,91516,0,0,0,49,UTAH
2771,490555,0.0,0.0,0.0,1669.0,98.0,1218.0,353.0,2035.5375177213175,98.0,0.0,856.0,362.0,144.0,59.0,0.0,150.0,1.0031036623215397,284.5410628041479,80.99335125484805,0.0,83312,0,0,0,49,UTAH
3524,491308,12.0,26.665902303296463,2.2221585252747054,0.0,0.0,0.0,0.0,74.4302188263827,0.0,0.0,0.0,0.0,0.0,0.0,0.0,0.0,0.0,73.42995168955521,0.0,1.0002671368274831,66402,0,0,0,49,UTAH
3531,491315,403.0,1117.209355120869,2.772231650423993,1.0,0.0,1.0,0.0,166.9947554590253,0.0,0.0,1.0,0.0,0.0,0.0,0.0,0.0,0.0,0.0,141.9883441751657,24.006411283859595,109972,0,0,0,49,UTAH
2664,490448,705.0,2312.5773894065724,3.280251616179535,1.0,0.0,0.0,1.0,259.00304699646745,0.0,0.0,0.0,0.0,0.0,0.0,0.0,1.0,3.009310986964618,0.0,212.98251626274856,42.01121974675429,128261,0,0,0,49,UTAH
3491,491275,71.0,214.2467322988992,3.01755960984365,0.0,0.0,0.0,0.0,142.40070223732718,0.0,0.0,0.0,0.0,0.0,0.0,0.0,0.0,129.4003724394786,0.0,8.999261250538671,4.0010685473099326,67754,0,0,0,49,UTAH
2888,490672,443.0,1188.0119233054838,2.6817424905315663,732.0,114.0,5.0,613.0,764.0068022779745,108.0,6.0,5.0,0.0,220.0,11.0,19.0,363.0,0.0,0.0,4.999589583632595,27.007212694342044,54433,0,0,0,49,UTAH
2959,490743,285.0,844.1137349802121,2.961802578877937,58.0,2.0,0.0,56.0,143.00214540906552,2.0,0.0,0.0,0.0,0.0,6.0,42.0,8.0,1.0031036623215397,0.0,66.99450042067677,17.004541326067212,58209,0,0,0,49,UTAH
2960,490744,178.0,568.2595732219729,3.192469512482994,99.0,6.0,3.0,90.0,128.00146100617965,6.0,0.0,3.0,0.0,2.0,9.0,63.0,16.0,0.0,0.0,17.998522501077343,11.002938505102314,60368,0,0,0,49,UTAH
2364,490148,677.0,2356.714055287891,3.481113818741345,0.0,0.0,0.0,0.0,113.00504261423617,0.0,0.0,0.0,0.0,0.0,0.0,0.0,0.0,0.0,0.0,71.99409000430937,41.01095260992681,70511,0,0,0,49,UTAH
2478,490262,865.0,3013.2469602725,3.4835224974248558,3.0,0.0,0.0,3.0,202.00501061942242,0.0,0.0,0.0,0.0,0.0,0.0,0.0,3.0,1.0031036623215397,0.0,145.98801584207177,52.013891115029125,96951,0,0,0,49,UTAH
2661,490445,241.0,856.9869291955966,3.555962361807455,1358.0,287.0,133.0,938.0,1390.008633907852,255.0,32.0,110.0,23.0,173.0,221.0,93.0,451.0,2.006207324643079,0.0,15.998686667624305,14.003739915584765,100384,648,1442,0,49,UTAH
2660,490444,115.0,384.35679871648006,3.342233032317218,0.0,0.0,0.0,0.0,35.002757371729935,0.0,0.0,0.0,0.0,0.0,0.0,0.0,0.0,1.0031036623215397,0.0,26.997783751616016,7.0018699577923815,100384,0,0,0,49,UTAH
2765,490549,1118.0,2608.660856360416,2.333328136279442,215.0,91.0,0.0,124.0,307.0158460856044,69.0,22.0,0.0,0.0,54.0,3.0,9.0,58.0,0.0,0.0,24.99794791816298,67.01789816744137,58545,0,0,0,49,UTAH
2717,490501,560.0,1301.1121296263618,2.323414517189932,283.0,64.0,20.0,199.0,322.008672235767,63.0,1.0,0.0,20.0,26.0,13.0,36.0,124.0,0.0,0.0,4.999589583632595,34.009082652134424,58545,0,0,0,49,UTAH
2845,490629,506.0,1648.6883734417434,3.258277417869058,419.0,45.0,0.0,374.0,458.00727535536316,0.0,45.0,0.0,0.0,73.0,94.0,71.0,136.0,0.0,0.0,8.999261250538671,30.008014104824493,71786,0,0,0,49,UTAH
3418,491202,334.0,1125.4849799736162,3.3697155089030426,5.0,0.0,1.0,4.0,26.008446398871204,0.0,0.0,0.0,1.0,1.0,0.0,0.0,3.0,1.0031036623215397,0.0,0.0,20.005342736549665,97392,0,0,0,49,UTAH
2242,490026,25.0,69.88305431208728,2.795322172483491,11.0,4.0,2.0,5.0,16.01268178611364,4.0,0.0,0.0,2.0,2.0,0.0,0.0,3.0,4.012414649286158,0.0,0.0,1.0002671368274831,81720,0,0,0,49,UTAH
2403,490187,260.0,907.5601921846072,3.49061612378695,0.0,0.0,0.0,0.0,70.0030274380668,0.0,0.0,0.0,0.0,0.0,0.0,0.0,0.0,1.0031036623215397,0.0,52.995649586505515,16.00427418923973,79647,0,0,0,49,UTAH
2460,490244,1213.0,4021.953678435129,3.3157078964840303,0.0,0.0,0.0,0.0,308.0002114191383,0.0,0.0,0.0,0.0,0.0,0.0,0.0,0.0,0.0,0.0,234.980710430732,73.01950098840626,91516,0,0,0,49,UTAH
2464,490248,569.0,1912.5888548571256,3.361316089379834,36.0,6.0,4.0,26.0,102.00645598738303,6.0,0.0,0.0,4.0,3.0,0.0,7.0,16.0,0.0,0.0,31.99737333524861,34.009082652134424,106764,0,0,0,49,UTAH
2558,490342,231.0,787.1038748835093,3.407376081746793,49.0,12.0,9.0,28.0,88.00168783374774,12.0,0.0,1.0,8.0,11.0,4.0,0.0,13.0,0.0,0.0,24.99794791816298,14.003739915584765,77253,0,0,0,49,UTAH
2561,490345,200.0,742.9672090021911,3.714836045010955,234.0,58.0,7.0,169.0,250.00287730883588,57.0,1.0,1.0,6.0,29.0,94.0,0.0,46.0,0.0,0.0,3.9996716669060763,12.003205641929798,77253,903,0,0,49,UTAH
2607,490391,0.0,0.0,0.0,3682.0,143.0,270.0,3269.0,3682.0,65.0,78.0,122.0,148.0,2842.0,8.0,15.0,404.0,0.0,0.0,0.0,0.0,75570,0,0,0,49,UTAH
2637,490421,368.0,1189.8509510505387,3.233290627854725,162.0,84.0,2.0,76.0,184.00587701020464,82.0,2.0,2.0,0.0,20.0,33.0,10.0,13.0,0.0,0.0,0.0,22.005877010204628,109972,0,0,0,49,UTAH
2663,490447,379.0,1270.7681718329554,3.352950321458985,4.0,0.0,2.0,2.0,40.005077064476865,0.0,0.0,0.0,2.0,0.0,0.0,0.0,2.0,0.0,0.0,12.998932917444748,23.006144147032117,113023,0,0,0,49,UTAH
2659,490443,265.0,896.5260257142776,3.383117078167085,0.0,0.0,0.0,0.0,88.00154993914413,0.0,0.0,0.0,0.0,0.0,0.0,0.0,0.0,1.0031036623215397,0.0,70.99417208758285,16.00427418923973,145664,0,0,0,49,UTAH
2653,490437,270.0,879.9747760087832,3.259165837069568,0.0,0.0,0.0,0.0,36.00263252377011,0.0,0.0,0.0,0.0,0.0,0.0,0.0,0.0,0.0,0.0,19.99835833453038,16.00427418923973,141611,0,0,0,49,UTAH
2676,490460,287.0,1089.623938945045,3.7965990904008535,260.0,24.0,14.0,222.0,295.00306382714456,24.0,0.0,0.0,14.0,63.0,59.0,0.0,100.0,0.0,0.0,17.998522501077343,17.004541326067212,140311,774,0,0,49,UTAH
2677,490461,352.0,1184.333867815374,3.364584851748221,58.0,1.0,1.0,56.0,79.00560987337714,0.0,1.0,0.0,1.0,5.0,16.0,0.0,35.0,0.0,0.0,0.0,21.005609873377143,132959,0,0,0,49,UTAH
2671,490455,351.0,1306.6292128615266,3.72259035003284,179.0,23.0,15.0,141.0,202.01181719802022,23.0,0.0,1.0,14.0,13.0,48.0,2.0,78.0,2.006207324643079,0.0,0.0,21.005609873377143,127440,905,0,0,49,UTAH
2672,490456,379.0,1357.2024758505372,3.581009171109597,0.0,0.0,0.0,0.0,51.01021730656469,0.0,0.0,0.0,0.0,0.0,0.0,0.0,0.0,2.006207324643079,0.0,25.997865834889495,23.006144147032117,119970,0,0,0,49,UTAH
2694,490478,519.0,1856.4985086329505,3.5770684174045284,122.0,5.0,11.0,106.0,154.01138490397352,5.0,0.0,1.0,10.0,28.0,8.0,14.0,56.0,1.0031036623215397,0.0,0.0,31.00828124165198,105558,0,0,0,49,UTAH
2706,490490,654.0,1748.9153855472368,2.6741825467083133,761.0,346.0,43.0,372.0,806.0099258366309,81.0,265.0,12.0,31.0,30.0,12.0,218.0,112.0,0.0,0.0,5.9995075003591145,39.01041833627184,67267,0,0,0,49,UTAH
2716,490500,1437.0,4056.895205591172,2.823169941260384,1998.0,367.0,110.0,1521.0,2084.0229737671634,118.0,249.0,14.0,96.0,366.0,136.0,196.0,823.0,0.0,0.0,0.0,86.02297376716355,67267,469,140,64,49,UTAH
2734,490518,224.0,653.774363367027,2.9186355507456563,1000.0,562.0,29.0,409.0,1016.0127837657219,561.0,1.0,6.0,23.0,8.0,35.0,19.0,347.0,3.009310986964618,0.0,0.0,13.00347277875728,83312,0,0,0,49,UTAH
2754,490538,580.0,1995.3451033845968,3.4402501782493053,0.0,0.0,0.0,0.0,110.00319354345085,0.0,0.0,0.0,0.0,0.0,0.0,0.0,0.0,0.0,0.0,74.99384375448894,35.00934978896191,105591,0,0,0,49,UTAH
2742,490526,390.0,1373.7537255560314,3.52244545014367,131.0,7.0,11.0,113.0,188.00335331573376,7.0,0.0,0.0,11.0,20.0,35.0,2.0,56.0,0.0,0.0,33.99720916870165,23.006144147032117,85941,643,0,0,49,UTAH
2760,490544,29.0,75.40013754725206,2.600004743008692,1175.0,251.0,31.0,893.0,1177.000534273655,158.0,93.0,12.0,19.0,281.0,29.0,87.0,496.0,0.0,0.0,0.0,2.0005342736549663,60581,0,0,0,49,UTAH
2763,490547,164.0,341.1396467076892,2.080119796998105,450.0,40.0,1.0,409.0,460.00267136827483,19.0,21.0,1.0,0.0,38.0,19.0,70.0,282.0,0.0,0.0,0.0,10.002671368274832,29406,0,0,0,49,UTAH
2810,490594,313.0,879.0552621362558,2.808483265611041,373.0,11.0,51.0,311.0,392.0050755997222,0.0,11.0,47.0,4.0,164.0,52.0,4.0,91.0,0.0,0.0,0.0,19.00507559972218,76529,0,0,0,49,UTAH
2840,490624,433.0,1165.0240764922971,2.690586781737407,562.0,142.0,27.0,393.0,592.0066172244207,142.0,0.0,3.0,24.0,75.0,19.0,42.0,257.0,0.0,0.0,3.9996716669060763,26.00694555751456,54061,0,0,0,49,UTAH
2907,490691,760.0,2319.9335003867923,3.0525440794563057,1235.0,301.0,7.0,927.0,1386.0033203302476,300.0,1.0,4.0,3.0,83.0,171.0,20.0,653.0,0.0,0.0,105.99129917301103,45.01202115723674,96732,0,0,2270,49,UTAH
2945,490729,427.0,1337.8926845274605,3.133238137066652,0.0,0.0,0.0,0.0,93.00144597819133,0.0,0.0,0.0,0.0,0.0,0.0,0.0,0.0,0.0,0.0,66.99450042067677,26.00694555751456,73742,0,0,0,49,UTAH
2982,490766,109.0,251.0272871999977,2.303002634862364,240.0,15.0,4.0,221.0,247.0018699577924,15.0,0.0,0.0,4.0,7.0,69.0,3.0,142.0,0.0,0.0,0.0,7.0018699577923815,22568,496,0,0,49,UTAH
2923,490707,431.0,1258.8144914900986,2.920683274919022,0.0,0.0,0.0,0.0,36.00612472477975,0.0,0.0,0.0,0.0,0.0,0.0,0.0,0.0,0.0,0.0,9.99917916726519,26.00694555751456,64980,0,0,0,49,UTAH
2978,490762,1.0,1.8390277450549284,1.8390277450549284,7503.0,118.0,11.0,7374.0,7503.0,43.0,75.0,0.0,11.0,140.0,702.0,6319.0,213.0,0.0,0.0,0.0,0.0,22498,0,0,0,49,UTAH
2979,490763,367.0,823.884429784608,2.244916702410376,88.0,0.0,0.0,88.0,110.00587701020463,0.0,0.0,0.0,0.0,5.0,44.0,15.0,24.0,0.0,0.0,0.0,22.005877010204628,22498,0,0,1915,49,UTAH
2975,490759,124.0,263.9004814153822,2.1282296888337275,1214.0,6.0,0.0,1208.0,1221.0018699577925,5.0,1.0,0.0,0.0,31.0,100.0,35.0,1042.0,0.0,0.0,0.0,7.0018699577923815,23990,0,0,0,49,UTAH
2967,490751,164.0,383.43728484395257,2.3380322246582472,2281.0,103.0,25.0,2153.0,2291.0026713682746,84.0,19.0,22.0,3.0,544.0,42.0,30.0,1537.0,0.0,0.0,0.0,10.002671368274832,37024,0,0,0,49,UTAH
2954,490738,668.0,1953.047465248334,2.923723750371757,55.0,5.0,14.0,36.0,168.00469339413522,5.0,0.0,14.0,0.0,6.0,16.0,7.0,7.0,0.0,0.0,72.99400792103589,40.01068547309933,55528,0,0,0,49,UTAH
2952,490736,519.0,1592.598027217568,3.06858964781805,14.0,0.0,0.0,14.0,60.00704999254977,0.0,0.0,0.0,0.0,4.0,0.0,0.0,10.0,0.0,0.0,14.998768750897787,31.00828124165198,62082,0,0,0,49,UTAH
2948,490732,387.0,1202.7241452659232,3.107814328852515,0.0,0.0,0.0,0.0,153.99857698380112,0.0,0.0,0.0,0.0,0.0,0.0,0.0,0.0,1.0031036623215397,0.0,129.98932917444748,23.006144147032117,58209,0,0,0,49,UTAH
2956,490740,478.0,1491.4515012395468,3.1201914251873366,0.0,0.0,0.0,0.0,42.006679885441756,0.0,0.0,0.0,0.0,0.0,0.0,0.0,0.0,0.0,0.0,12.998932917444748,29.00774696799701,58209,0,0,0,49,UTAH
3007,490791,174.0,454.2398530285673,2.610573867980272,1202.0,82.0,2.0,1118.0,1212.0026713682748,28.0,54.0,2.0,0.0,287.0,470.0,20.0,341.0,0.0,0.0,0.0,10.002671368274832,48358,0,0,0,49,UTAH
3000,490784,259.0,724.5769315516418,2.7975943303152198,59.0,3.0,53.0,3.0,75.00427418923974,3.0,0.0,53.0,0.0,0.0,0.0,0.0,3.0,0.0,0.0,0.0,16.00427418923973,56681,0,0,0,49,UTAH
2997,490781,2.0,3.0,1.5,2596.0,1062.0,29.0,1505.0,2596.0,758.0,304.0,22.0,7.0,269.0,273.0,5.0,958.0,0.0,0.0,0.0,0.0,56681,0,0,0,49,UTAH
3032,490816,45.0,126.89291440879006,2.819842542417557,463.0,2.0,238.0,223.0,482.99940599483324,1.0,1.0,232.0,6.0,197.0,14.0,0.0,12.0,0.0,0.0,16.998604584350826,3.0008014104824494,129892,0,0,0,49,UTAH
3090,490874,67.0,210.5686768087893,3.1428160717729745,67.0,14.0,2.0,51.0,112.00088887869222,14.0,0.0,1.0,1.0,22.0,1.0,1.0,27.0,1.0031036623215397,0.0,39.99671666906076,4.0010685473099326,69079,0,0,0,49,UTAH
3097,490881,371.0,1311.226782224164,3.53430399521338,211.0,39.0,11.0,161.0,236.00563076038418,38.0,1.0,4.0,7.0,45.0,33.0,23.0,60.0,0.0,0.0,2.9997537501795573,22.005877010204628,102613,0,0,0,49,UTAH
3099,490883,402.0,1389.3854613889985,3.456182739773628,0.0,0.0,0.0,0.0,41.00501586821042,0.0,0.0,0.0,0.0,0.0,0.0,0.0,0.0,0.0,0.0,16.998604584350826,24.006411283859595,114395,0,0,0,49,UTAH
3100,490884,228.0,749.4038061098834,3.286858798727559,0.0,0.0,0.0,0.0,19.003329499217358,0.0,0.0,0.0,0.0,0.0,0.0,0.0,0.0,0.0,0.0,4.999589583632595,14.003739915584765,71157,0,0,0,49,UTAH
3104,490888,268.0,878.1357482637283,3.276625926357195,0.0,0.0,0.0,0.0,38.00246835722315,0.0,0.0,0.0,0.0,0.0,0.0,0.0,0.0,0.0,0.0,21.99819416798342,16.00427418923973,90129,0,0,0,49,UTAH
3190,490974,512.0,1791.2130236835003,3.4984629368818365,0.0,0.0,0.0,0.0,31.00828124165198,0.0,0.0,0.0,0.0,0.0,0.0,0.0,0.0,0.0,0.0,0.0,31.00828124165198,78865,0,0,0,49,UTAH
3189,490973,257.0,880.8942898813107,3.42760424078331,231.0,14.0,21.0,196.0,247.00711071473378,14.0,0.0,0.0,21.0,31.0,62.0,1.0,102.0,1.0031036623215397,0.0,0.0,15.004007052412248,78783,432,0,0,49,UTAH
3217,491001,57.0,188.50034386813016,3.3070235766338625,0.0,0.0,0.0,0.0,95.99635341164374,0.0,0.0,0.0,0.0,0.0,0.0,0.0,0.0,1.0031036623215397,0.0,91.99244833883975,3.0008014104824494,69330,0,0,0,49,UTAH
3411,491195,214.0,648.2572801318622,3.029239626784403,1176.0,53.0,71.0,1052.0,1399.0085355104914,50.0,3.0,48.0,23.0,499.0,64.0,198.0,291.0,7.0217256362507765,0.0,202.98333709548336,13.00347277875728,69330,0,0,0,49,UTAH
3133,490917,0.0,0.0,0.0,2049.0,17.0,369.0,1663.0,2050.0031036623213,15.0,2.0,335.0,34.0,19.0,1253.0,0.0,391.0,1.0031036623215397,0.0,0.0,0.0,51304,0,0,0,49,UTAH
3137,490921,4.0,8.275624852747178,2.0689062131867946,0.0,0.0,0.0,0.0,4.012414649286158,0.0,0.0,0.0,0.0,0.0,0.0,0.0,0.0,4.012414649286158,0.0,0.0,0.0,51304,0,0,0,49,UTAH
3140,490924,1.0,5.517083235164785,5.517083235164785,739.0,104.0,525.0,110.0,740.0031036623216,98.0,6.0,460.0,65.0,33.0,13.0,5.0,59.0,1.0031036623215397,0.0,0.0,0.0,51304,0,0,0,49,UTAH
3268,491052,19.0,45.97569362637321,2.4197733487564848,0.0,0.0,0.0,0.0,6.01578544843518,0.0,0.0,0.0,0.0,0.0,0.0,0.0,0.0,5.015518311607697,0.0,0.0,1.0002671368274831,51304,0,0,0,49,UTAH
3271,491055,8.0,21.14881906813168,2.6436023835164595,0.0,0.0,0.0,0.0,6.018621973929237,0.0,0.0,0.0,0.0,0.0,0.0,0.0,0.0,6.018621973929237,0.0,0.0,0.0,51304,0,0,0,49,UTAH
3269,491053,8.0,19.309791323076748,2.413723915384593,0.0,0.0,0.0,0.0,4.012414649286158,0.0,0.0,0.0,0.0,0.0,0.0,0.0,0.0,4.012414649286158,0.0,0.0,0.0,51304,0,0,0,49,UTAH
3337,491121,319.0,1044.5677591911992,3.2745070821040727,251.0,151.0,29.0,71.0,303.01829557967244,151.0,0.0,0.0,29.0,2.0,7.0,0.0,62.0,5.015518311607697,0.0,27.997701668342536,19.00507559972218,56564,0,0,0,49,UTAH
3336,491120,8.0,22.06833294065914,2.7585416175823925,218.0,76.0,39.0,103.0,338.99643941509885,75.0,1.0,0.0,39.0,33.0,8.0,0.0,62.0,2.006207324643079,0.0,118.99023209045578,0.0,75589,0,0,0,49,UTAH
3338,491122,35.0,103.90506759560346,2.9687162170172416,242.0,74.0,80.0,88.0,347.0016369332715,73.0,1.0,69.0,11.0,34.0,28.0,0.0,26.0,3.009310986964618,0.0,99.99179167265191,2.0005342736549663,56564,0,0,0,49,UTAH
3386,491170,87.0,256.54437043516253,2.948785867070834,7.0,2.0,2.0,3.0,94.00416209249704,2.0,0.0,1.0,1.0,0.0,0.0,0.0,3.0,3.009310986964618,0.0,78.993515421395,5.001335684137416,105921,0,0,0,49,UTAH
3414,491198,202.0,609.6376974857087,3.0180084033945977,289.0,31.0,43.0,215.0,686.9778929895562,31.0,0.0,0.0,43.0,14.0,72.0,0.0,129.0,2.006207324643079,0.0,383.96848002298333,12.003205641929798,104591,0,0,0,49,UTAH
3417,491201,221.0,721.8183899340594,3.266146560787599,241.0,13.0,11.0,217.0,275.0017490300142,13.0,0.0,0.0,11.0,27.0,89.0,0.0,101.0,0.0,0.0,20.9982762512569,13.00347277875728,97392,761,0,0,49,UTAH
3421,491205,227.0,681.359779542851,3.001584931906833,0.0,0.0,0.0,0.0,14.003739915584765,0.0,0.0,0.0,0.0,0.0,0.0,0.0,0.0,0.0,0.0,0.0,14.003739915584765,120577,0,0,0,49,UTAH
3400,491184,326.0,1014.223801397793,3.111115955207954,141.0,0.0,0.0,141.0,171.0108933950049,0.0,0.0,0.0,0.0,6.0,73.0,2.0,60.0,2.006207324643079,0.0,7.999343333812153,20.005342736549665,89915,409,126,0,49,UTAH
3399,491183,10.0,26.665902303296463,2.6665902303296463,0.0,0.0,0.0,0.0,6.01578544843518,0.0,0.0,0.0,0.0,0.0,0.0,0.0,0.0,5.015518311607697,0.0,0.0,1.0002671368274831,89915,0,0,0,49,UTAH
3361,491145,290.0,834.9185962549375,2.879029642258405,0.0,0.0,0.0,0.0,17.004541326067212,0.0,0.0,0.0,0.0,0.0,0.0,0.0,0.0,0.0,0.0,0.0,17.004541326067212,62024,0,0,0,49,UTAH
3377,491161,250.0,713.5427650813123,2.8541710603252493,0.0,0.0,0.0,0.0,17.010214377055327,0.0,0.0,0.0,0.0,0.0,0.0,0.0,0.0,2.006207324643079,0.0,0.0,15.004007052412248,79681,0,0,0,49,UTAH
3375,491159,142.0,471.7106166065892,3.321905750750628,0.0,0.0,0.0,0.0,26.00703108688725,0.0,0.0,0.0,0.0,0.0,0.0,0.0,0.0,2.006207324643079,0.0,15.998686667624305,8.002137094619865,79681,0,0,0,49,UTAH
3437,491221,14.0,34.02201328351617,2.4301438059654408,0.0,0.0,0.0,0.0,4.009578123792101,0.0,0.0,0.0,0.0,0.0,0.0,0.0,0.0,3.009310986964618,0.0,0.0,1.0002671368274831,56564,0,0,0,49,UTAH
3451,491235,167.0,484.58381082197366,2.901699465999842,22.0,0.0,16.0,6.0,309.9925952006272,0.0,0.0,0.0,16.0,3.0,1.0,0.0,2.0,4.012414649286158,0.0,273.9775091830662,10.002671368274832,47060,0,0,0,49,UTAH
3453,491237,251.0,846.8722765977946,3.3739931338557554,89.0,30.0,2.0,57.0,117.002939969857,16.0,14.0,0.0,2.0,2.0,7.0,10.0,38.0,0.0,0.0,12.998932917444748,15.004007052412248,54114,0,0,0,49,UTAH
2751,490535,687.0,2322.6920420043743,3.380920002917576,0.0,0.0,0.0,0.0,139.00290844912567,0.0,0.0,0.0,0.0,0.0,0.0,0.0,0.0,0.0,0.0,97.99195583919887,41.01095260992681,97527,0,0,0,49,UTAH
3029,490813,296.0,851.4698459604318,2.8765873174338914,0.0,0.0,0.0,0.0,18.004808462894697,0.0,0.0,0.0,0.0,0.0,0.0,0.0,0.0,0.0,0.0,0.0,18.004808462894697,57005,0,0,0,49,UTAH
2358,490142,74.0,238.1540929846132,3.2182985538461244,0.0,0.0,0.0,0.0,65.99916512994913,0.0,0.0,0.0,0.0,0.0,0.0,0.0,0.0,1.0031036623215397,0.0,60.994992920317664,4.0010685473099326,74211,0,0,0,49,UTAH
2510,490294,179.0,611.4767252307637,3.4160710906746576,785.0,425.0,0.0,360.0,796.0029385051023,299.0,126.0,0.0,0.0,6.0,68.0,59.0,227.0,0.0,0.0,0.0,11.002938505102314,70166,0,0,0,49,UTAH
2512,490296,764.0,2398.0921795516265,3.138864109360768,585.0,122.0,15.0,448.0,632.0153919563858,16.0,106.0,13.0,2.0,139.0,38.0,150.0,121.0,1.0031036623215397,0.0,0.0,46.01228829406423,70166,0,0,0,49,UTAH
2515,490299,231.0,772.39165292307,3.343686809190779,74.0,1.0,0.0,73.0,90.00994724022785,1.0,0.0,0.0,0.0,42.0,0.0,16.0,15.0,2.006207324643079,0.0,0.0,14.003739915584765,102760,0,0,0,49,UTAH
2613,490397,0.0,0.0,0.0,2975.0,161.0,12.0,2802.0,2975.0,83.0,78.0,5.0,7.0,1072.0,366.0,361.0,1003.0,0.0,0.0,0.0,0.0,51324,0,0,0,49,UTAH
2632,490416,0.0,0.0,0.0,1650.0,145.0,0.0,1505.0,1650.0,140.0,5.0,0.0,0.0,1495.0,10.0,0.0,0.0,0.0,0.0,0.0,0.0,100955,0,0,0,49,UTAH
2634,490418,39.0,107.58312308571332,2.7585416175823925,1296.0,663.0,2.0,631.0,1413.9910126139312,222.0,441.0,2.0,0.0,321.0,100.0,106.0,104.0,0.0,0.0,115.99047834027621,2.0005342736549663,109972,488,57,0,49,UTAH
2635,490419,188.0,523.2033934681272,2.7829967737666337,2035.0,11.0,2.0,2022.0,2289.9829101863734,0.0,11.0,2.0,0.0,1833.0,172.0,5.0,12.0,0.0,0.0,243.97997168127065,11.002938505102314,109972,0,0,0,49,UTAH
2654,490438,178.0,571.9376287120828,3.213132745573499,624.0,30.0,47.0,547.0,665.0004760068979,29.0,1.0,12.0,35.0,120.0,123.0,85.0,219.0,0.0,0.0,29.997537501795573,11.002938505102314,104445,559,99,0,49,UTAH
2658,490442,233.0,761.3574864527403,3.2676286972220616,0.0,0.0,0.0,0.0,40.00160575047426,0.0,0.0,0.0,0.0,0.0,0.0,0.0,0.0,0.0,0.0,25.997865834889495,14.003739915584765,125256,0,0,0,49,UTAH
2655,490439,310.0,1056.5214395340563,3.408133675916311,241.0,84.0,14.0,143.0,301.00171018550947,77.0,7.0,11.0,3.0,11.0,58.0,4.0,70.0,0.0,0.0,40.996634585787284,19.00507559972218,93816,639,0,0,49,UTAH
2692,490476,310.0,1051.0043562988917,3.3903366332222307,0.0,0.0,0.0,0.0,42.00637343002714,0.0,0.0,0.0,0.0,0.0,0.0,0.0,0.0,1.0031036623215397,0.0,21.99819416798342,19.00507559972218,82291,0,0,0,49,UTAH
2683,490467,729.0,2376.023846610968,3.2592919706597634,926.0,137.0,45.0,744.0,1014.0081423563761,137.0,0.0,8.0,37.0,37.0,160.0,137.0,410.0,0.0,0.0,43.99638833596684,44.011754020409256,112636,1397,0,0,49,UTAH
2686,490470,235.0,872.6186650285636,3.713270915015164,603.0,329.0,3.0,271.0,673.9990611689964,274.0,55.0,0.0,3.0,22.0,47.0,90.0,112.0,0.0,0.0,56.99532125341159,14.003739915584765,109118,0,0,0,49,UTAH
2745,490529,455.0,1667.99816476482,3.665930032450154,298.0,7.0,15.0,276.0,399.0043242776995,7.0,0.0,1.0,14.0,33.0,79.0,26.0,138.0,1.0031036623215397,0.0,72.99400792103589,27.007212694342044,173787,626,27,0,49,UTAH
2740,490524,179.0,638.1426275340601,3.565042611922124,1860.0,59.0,1.0,1800.0,1871.0029385051023,59.0,0.0,1.0,0.0,64.0,236.0,1471.0,29.0,0.0,0.0,0.0,11.002938505102314,79428,0,0,0,49,UTAH
2737,490521,673.0,1944.7718403955869,2.889705557794334,578.0,6.0,0.0,572.0,618.0106854730993,4.0,2.0,0.0,0.0,36.0,0.0,335.0,201.0,0.0,0.0,0.0,40.01068547309933,51088,0,0,0,49,UTAH
2752,490536,434.0,1312.1462960966917,3.023378562434773,687.0,31.0,59.0,597.0,724.0060426415063,23.0,8.0,0.0,59.0,14.0,151.0,0.0,432.0,0.0,0.0,10.99909708399171,26.00694555751456,79314,730,1420,0,49,UTAH
2753,490537,621.0,2003.6207282373448,3.226442396517463,0.0,0.0,0.0,0.0,67.00742156441245,0.0,0.0,0.0,0.0,0.0,0.0,0.0,0.0,0.0,0.0,29.997537501795573,37.00988406261688,83251,0,0,0,49,UTAH
2767,490551,194.0,448.7227697934025,2.3130039680072296,545.0,157.0,74.0,314.0,557.0032056419298,22.0,135.0,43.0,31.0,87.0,36.0,38.0,153.0,0.0,0.0,0.0,12.003205641929798,52957,0,0,0,49,UTAH
2762,490546,0.0,0.0,0.0,791.0,30.0,246.0,515.0,835.9963062526933,30.0,0.0,168.0,78.0,97.0,71.0,33.0,314.0,0.0,0.0,44.99630625269336,0.0,52957,0,0,0,49,UTAH
2826,490610,146.0,466.19353337142434,3.193106392954961,2666.0,354.0,27.0,2285.0,2675.002404231447,354.0,0.0,22.0,5.0,1456.0,37.0,6.0,786.0,0.0,0.0,0.0,9.002404231447349,105921,0,0,0,49,UTAH
2964,490748,1.0,1.8390277450549284,1.8390277450549284,142.0,15.0,44.0,83.0,142.0,15.0,0.0,27.0,17.0,36.0,1.0,1.0,45.0,0.0,0.0,0.0,0.0,48606,0,0,0,49,UTAH
2963,490747,242.0,749.4038061098834,3.096709942602824,61.0,28.0,0.0,33.0,75.00373991558476,11.0,17.0,0.0,0.0,6.0,1.0,1.0,25.0,0.0,0.0,0.0,14.003739915584765,55528,0,0,0,49,UTAH
3011,490795,166.0,416.53978425494125,2.5092758087647065,231.0,79.0,13.0,139.0,241.00267136827483,43.0,36.0,11.0,2.0,31.0,4.0,3.0,101.0,0.0,0.0,0.0,10.002671368274832,34038,0,0,0,49,UTAH
3009,490793,31.0,79.07819303736193,2.550909452818127,693.0,146.0,192.0,355.0,695.0005342736549,101.0,45.0,155.0,37.0,2.0,24.0,51.0,278.0,0.0,0.0,0.0,2.0005342736549663,56681,0,0,0,49,UTAH
3025,490809,737.0,2298.7846813186607,3.1191108294690104,259.0,4.0,61.0,194.0,338.0088811058374,4.0,0.0,13.0,48.0,104.0,9.0,10.0,71.0,0.0,0.0,34.99712708542817,44.011754020409256,78781,0,0,0,49,UTAH
3026,490810,546.0,1667.078650892293,3.0532576023668363,0.0,0.0,0.0,0.0,33.00881551530694,0.0,0.0,0.0,0.0,0.0,0.0,0.0,0.0,0.0,0.0,0.0,33.00881551530694,77600,0,0,0,49,UTAH
3034,490818,244.0,791.7014442461467,3.2446780501891257,233.0,94.0,14.0,125.0,391.992187061031,83.0,11.0,8.0,6.0,71.0,9.0,0.0,45.0,0.0,0.0,143.98818000861874,15.004007052412248,78781,0,0,0,49,UTAH
3041,490825,545.0,1715.8128861362482,3.1482805250206387,0.0,0.0,0.0,0.0,63.00635301710251,0.0,0.0,0.0,0.0,0.0,0.0,0.0,0.0,0.0,0.0,29.997537501795573,33.00881551530694,77159,0,0,0,49,UTAH
3040,490824,590.0,1700.1811503032814,2.881662966615731,383.0,95.0,7.0,281.0,425.0087752060476,63.0,32.0,7.0,0.0,18.0,16.0,101.0,146.0,0.0,0.0,6.999425417085634,35.00934978896191,62782,0,0,0,49,UTAH
3089,490873,27.0,81.83673465494431,3.0309901724053447,68.0,13.0,35.0,20.0,88.00861401151737,5.0,8.0,7.0,28.0,1.0,2.0,0.0,17.0,3.009310986964618,0.0,14.998768750897787,2.0005342736549663,61179,0,0,0,49,UTAH
3196,490980,672.0,2299.704195191188,3.4221788618916484,0.0,0.0,0.0,0.0,43.01043922327889,0.0,0.0,0.0,0.0,0.0,0.0,0.0,0.0,0.0,0.0,2.9997537501795573,40.01068547309933,98650,0,0,0,49,UTAH
3174,490958,276.0,913.077275419772,3.308250997897724,0.0,0.0,0.0,0.0,17.004541326067212,0.0,0.0,0.0,0.0,0.0,0.0,0.0,0.0,0.0,0.0,0.0,17.004541326067212,106471,0,0,0,49,UTAH
3236,491020,7.0,12.8731942153845,1.8390277450549284,0.0,0.0,0.0,0.0,7.0217256362507765,0.0,0.0,0.0,0.0,0.0,0.0,0.0,0.0,7.0217256362507765,0.0,0.0,0.0,51304,0,0,0,49,UTAH
3226,491010,5.0,11.03416647032957,2.206833294065914,0.0,0.0,0.0,0.0,11.034140285536932,0.0,0.0,0.0,0.0,0.0,0.0,0.0,0.0,11.034140285536932,0.0,0.0,0.0,51304,0,0,0,49,UTAH
3240,491024,7.0,19.309791323076748,2.7585416175823925,0.0,0.0,0.0,0.0,5.015518311607697,0.0,0.0,0.0,0.0,0.0,0.0,0.0,0.0,5.015518311607697,0.0,0.0,0.0,51304,0,0,0,49,UTAH
3342,491126,670.0,1857.4180225054777,2.7722657052320563,139.0,90.0,18.0,31.0,180.01378913542086,86.0,4.0,7.0,11.0,5.0,4.0,0.0,22.0,1.0031036623215397,0.0,0.0,40.01068547309933,56564,0,0,0,49,UTAH
3406,491190,114.0,370.56409062856807,3.250562198496211,178.0,61.0,5.0,112.0,185.0018699577924,37.0,24.0,1.0,4.0,56.0,11.0,6.0,39.0,0.0,0.0,0.0,7.0018699577923815,75108,0,0,0,49,UTAH
3407,491191,239.0,745.7257506197734,3.1201914251873366,186.0,50.0,9.0,127.0,287.002970161982,24.0,26.0,0.0,9.0,5.0,12.0,19.0,91.0,2.006207324643079,0.0,84.99302292175412,14.003739915584765,69330,0,0,0,49,UTAH
3419,491203,339.0,1143.8752574241655,3.3742632962364763,241.0,9.0,13.0,219.0,475.98769483275123,9.0,0.0,0.0,13.0,40.0,87.0,4.0,88.0,0.0,0.0,214.9823520962016,20.005342736549665,104591,731,0,0,49,UTAH
3422,491206,256.0,815.6088049318607,3.185971894265081,15.0,4.0,0.0,11.0,42.0062077987255,4.0,0.0,0.0,0.0,0.0,0.0,2.0,9.0,1.0031036623215397,0.0,10.99909708399171,15.004007052412248,83722,0,0,0,49,UTAH
3429,491213,339.0,1182.494840070319,3.488185368938994,67.0,10.0,7.0,50.0,103.00402940417396,3.0,7.0,1.0,6.0,17.0,6.0,3.0,24.0,0.0,0.0,15.998686667624305,20.005342736549665,120577,0,0,0,49,UTAH
3420,491204,339.0,1123.645952228561,3.314589829582777,0.0,0.0,0.0,0.0,152.9944256611767,0.0,0.0,0.0,0.0,0.0,0.0,0.0,0.0,0.0,0.0,132.98908292462704,20.005342736549665,120078,0,0,0,49,UTAH
3425,491209,254.0,785.2648471384545,3.091593886371868,0.0,0.0,0.0,0.0,157.9922691443045,0.0,0.0,0.0,0.0,0.0,0.0,0.0,0.0,0.0,0.0,142.98826209189224,15.004007052412248,83427,0,0,0,49,UTAH
3356,491140,48.0,127.81242828131752,2.6627589225274484,1014.0,573.0,4.0,437.0,1017.0008014104825,427.0,146.0,0.0,4.0,13.0,177.0,86.0,161.0,0.0,0.0,0.0,3.0008014104824494,64873,0,0,0,49,UTAH
2338,490122,356.0,1062.9580366417483,2.985837181577945,0.0,0.0,0.0,0.0,110.99822237876386,0.0,0.0,0.0,0.0,0.0,0.0,0.0,0.0,0.0,0.0,89.99261250538672,21.005609873377143,66402,0,0,0,49,UTAH
2281,490065,328.0,806.4136662065861,2.458578250629836,0.0,0.0,0.0,0.0,366.98641707743684,0.0,0.0,0.0,0.0,0.0,0.0,0.0,0.0,3.009310986964618,0.0,343.97176335392254,20.005342736549665,81720,0,0,0,49,UTAH
2285,490069,301.0,835.8381101274649,2.7768707977656644,497.0,1.0,9.0,487.0,519.0172231121809,0.0,1.0,2.0,7.0,110.0,142.0,231.0,4.0,4.012414649286158,0.0,0.0,18.004808462894697,81720,0,0,0,49,UTAH
2245,490029,0.0,0.0,0.0,0.0,0.0,0.0,0.0,0.0,0.0,0.0,0.0,0.0,0.0,0.0,0.0,0.0,0.0,0.0,0.0,0.0,81720,0,0,0,49,UTAH
3265,491049,17.0,38.619582646153496,2.271740155656088,0.0,0.0,0.0,0.0,4.009578123792101,0.0,0.0,0.0,0.0,0.0,0.0,0.0,0.0,3.009310986964618,0.0,0.0,1.0002671368274831,76841,0,0,0,49,UTAH
3281,491065,18.0,45.05617975384575,2.503121097435874,0.0,0.0,0.0,0.0,5.012681786113641,0.0,0.0,0.0,0.0,0.0,0.0,0.0,0.0,4.012414649286158,0.0,0.0,1.0002671368274831,76841,0,0,0,49,UTAH
3470,491254,55.0,153.55881671208653,2.7919784856743006,0.0,0.0,0.0,0.0,3.0008014104824494,0.0,0.0,0.0,0.0,0.0,0.0,0.0,0.0,0.0,0.0,0.0,3.0008014104824494,67754,0,0,0,49,UTAH
2438,490222,13.0,39.53909651868096,3.0414689629754585,0.0,0.0,0.0,0.0,59.18027955147677,0.0,0.0,0.0,0.0,0.0,0.0,0.0,0.0,58.18001241464929,0.0,0.0,1.0002671368274831,81720,0,0,0,49,UTAH
3496,491280,121.0,324.5883970021949,2.6825487355553297,0.0,0.0,0.0,0.0,291.784551943664,0.0,0.0,0.0,0.0,0.0,0.0,0.0,0.0,253.7852265673495,0.0,30.99745541852209,7.0018699577923815,81240,0,0,0,49,UTAH
3495,491279,52.0,156.3173583296689,3.0061030448013253,0.0,0.0,0.0,0.0,31.05266075394033,0.0,0.0,0.0,0.0,0.0,0.0,0.0,0.0,17.05276225946617,0.0,10.99909708399171,3.0008014104824494,74530,0,0,0,49,UTAH
3489,491273,30.0,81.83673465494431,2.7278911551648104,0.0,0.0,0.0,0.0,38.112266117230384,0.0,0.0,0.0,0.0,0.0,0.0,0.0,0.0,36.11173184357542,0.0,0.0,2.0005342736549663,67754,0,0,0,49,UTAH
2442,490226,1.0,4.597569362637321,4.597569362637321,0.0,0.0,0.0,0.0,0.0,0.0,0.0,0.0,0.0,0.0,0.0,0.0,0.0,0.0,0.0,0.0,0.0,91516,0,0,0,49,UTAH
3525,491309,0.0,0.0,0.0,0.0,0.0,0.0,0.0,0.0,0.0,0.0,0.0,0.0,0.0,0.0,0.0,0.0,0.0,0.0,0.0,0.0,74530,0,0,0,49,UTAH
2643,490427,1898.0,6165.340515296647,3.2483353610625114,0.0,0.0,0.0,0.0,118.03012526523916,0.0,0.0,0.0,0.0,0.0,0.0,0.0,0.0,0.0,0.0,3.9996716669060763,114.03045359833308,109972,0,0,0,49,UTAH
2651,490435,1363.0,4490.905753424135,3.294868491140231,102.0,92.0,0.0,10.0,224.01862188891437,92.0,0.0,0.0,0.0,5.0,1.0,2.0,2.0,0.0,0.0,39.99671666906076,82.02190521985362,144254,0,0,0,49,UTAH
3246,491030,15.0,34.94152715604364,2.3294351437362426,140.0,8.0,29.0,103.0,144.0095781237921,8.0,0.0,0.0,29.0,2.0,40.0,47.0,14.0,3.009310986964618,0.0,0.0,1.0002671368274831,51304,0,0,0,49,UTAH
3254,491038,5.0,9.195138725274642,1.8390277450549284,0.0,0.0,0.0,0.0,5.015518311607697,0.0,0.0,0.0,0.0,0.0,0.0,0.0,0.0,5.015518311607697,0.0,0.0,0.0,76841,0,0,0,49,UTAH
2298,490082,2.0,5.517083235164785,2.7585416175823925,335.0,278.0,1.0,56.0,341.0186219739292,0.0,278.0,0.0,1.0,2.0,52.0,0.0,2.0,6.018621973929237,0.0,0.0,0.0,66402,0,0,0,49,UTAH
3279,491063,7.0,13.792708087911963,1.970386869701709,0.0,0.0,0.0,0.0,5.015518311607697,0.0,0.0,0.0,0.0,0.0,0.0,0.0,0.0,5.015518311607697,0.0,0.0,0.0,76841,0,0,0,49,UTAH
3493,491277,39.0,109.42215083076825,2.805696175147904,6.0,1.0,3.0,2.0,63.164864210149595,1.0,0.0,0.0,3.0,0.0,1.0,1.0,0.0,53.16449410304159,0.0,1.9998358334530382,2.0005342736549663,68506,0,0,0,49,UTAH
2446,490230,435.0,998.5920655648262,2.2956139438271865,169.0,1.0,8.0,160.0,195.00694555751457,1.0,0.0,0.0,8.0,13.0,12.0,127.0,8.0,0.0,0.0,0.0,26.00694555751456,91516,0,0,0,49,UTAH
2531,490315,165.0,559.0644344966983,3.388269299979989,241.0,8.0,48.0,185.0,300.01139227025436,7.0,1.0,0.0,48.0,24.0,83.0,0.0,78.0,4.012414649286158,0.0,44.99630625269336,10.002671368274832,96089,1041,0,0,49,UTAH
2540,490324,320.0,1133.7606048263633,3.5430018900823854,38.0,2.0,12.0,24.0,57.005075599722176,0.0,2.0,1.0,11.0,14.0,1.0,1.0,8.0,0.0,0.0,0.0,19.00507559972218,95907,0,0,0,49,UTAH
2596,490380,145.0,456.0788807736223,3.1453715915422222,0.0,0.0,0.0,0.0,14.017922543055047,0.0,0.0,0.0,0.0,0.0,0.0,0.0,0.0,5.015518311607697,0.0,0.0,9.002404231447349,85040,0,0,0,49,UTAH
2687,490471,521.0,1879.4863554461367,3.60745941544364,0.0,0.0,0.0,0.0,31.00828124165198,0.0,0.0,0.0,0.0,0.0,0.0,0.0,0.0,0.0,0.0,0.0,31.00828124165198,87378,0,0,0,49,UTAH
2786,490570,169.0,526.881448958237,3.117641709812053,424.0,33.0,0.0,391.0,449.0014401191726,5.0,28.0,0.0,0.0,69.0,4.0,124.0,194.0,0.0,0.0,14.998768750897787,10.002671368274832,84179,0,0,0,49,UTAH
2778,490562,199.0,596.7645032703242,2.998816599348363,0.0,0.0,0.0,0.0,24.002220642648027,0.0,0.0,0.0,0.0,0.0,0.0,0.0,0.0,0.0,0.0,11.999015000718229,12.003205641929798,69037,0,0,0,49,UTAH
2793,490577,0.0,0.0,0.0,243.0,0.0,38.0,205.0,243.0,0.0,0.0,38.0,0.0,135.0,9.0,0.0,61.0,0.0,0.0,0.0,0.0,76529,0,0,0,49,UTAH
2808,490592,774.0,2171.8917669098705,2.806061714353838,0.0,0.0,0.0,0.0,46.01228829406423,0.0,0.0,0.0,0.0,0.0,0.0,0.0,0.0,0.0,0.0,0.0,46.01228829406423,76529,0,0,0,49,UTAH
2873,490657,416.0,1288.238935410977,3.0967282101225417,715.0,28.0,26.0,661.0,740.0066784206871,28.0,0.0,0.0,26.0,9.0,166.0,28.0,458.0,0.0,0.0,0.0,25.00667842068708,64873,0,0,1299,49,UTAH
2895,490679,2.0,4.597569362637321,2.2987846813186605,4406.0,51.0,247.0,4108.0,4406.0,36.0,15.0,0.0,247.0,3391.0,42.0,71.0,604.0,0.0,0.0,0.0,0.0,67334,0,0,0,49,UTAH
2943,490727,360.0,1070.3141476219682,2.9730948545054674,0.0,0.0,0.0,0.0,22.005877010204628,0.0,0.0,0.0,0.0,0.0,0.0,0.0,0.0,0.0,0.0,0.0,22.005877010204628,74472,0,0,0,49,UTAH
2946,490730,6.0,19.309791323076748,3.218298553846125,312.0,4.0,179.0,129.0,313.00310366232156,4.0,0.0,0.0,179.0,1.0,63.0,0.0,65.0,1.0031036623215397,0.0,0.0,0.0,58209,0,0,0,49,UTAH
3044,490828,148.0,450.5617975384574,3.044336469854442,513.0,235.0,7.0,271.0,522.0024042314474,194.0,41.0,3.0,4.0,109.0,15.0,6.0,141.0,0.0,0.0,0.0,9.002404231447349,78079,0,0,0,49,UTAH
3043,490827,179.0,527.8009628307644,2.9486087308981253,189.0,79.0,2.0,108.0,200.00293850510232,25.0,54.0,2.0,0.0,19.0,9.0,42.0,38.0,0.0,0.0,0.0,11.002938505102314,62782,0,0,0,49,UTAH
3077,490861,568.0,1834.430175692291,3.2296305910075547,598.0,67.0,253.0,278.0,636.0119400646356,66.0,1.0,231.0,22.0,165.0,43.0,0.0,70.0,1.0031036623215397,0.0,2.9997537501795573,34.009082652134424,55124,0,0,0,49,UTAH
3102,490886,190.0,629.867002681313,3.315089487796384,29.0,10.0,1.0,18.0,52.001953505820545,10.0,0.0,0.0,1.0,7.0,1.0,0.0,10.0,0.0,0.0,11.999015000718229,11.002938505102314,87864,0,0,0,49,UTAH
3123,490907,274.0,814.6892910593333,2.973318580508516,936.0,103.0,103.0,730.0,1241.9804700399304,95.0,8.0,76.0,27.0,126.0,33.0,8.0,563.0,0.0,0.0,289.97619585069054,16.00427418923973,103707,0,0,0,49,UTAH
3223,491007,199.0,684.1183211604333,3.437780508343886,3.0,0.0,2.0,1.0,33.00172814300714,0.0,0.0,0.0,2.0,0.0,0.0,0.0,1.0,0.0,0.0,17.998522501077343,12.003205641929798,98673,0,0,0,49,UTAH
3204,490988,246.0,788.0233887560369,3.203347108764377,0.0,0.0,0.0,0.0,19.006864464913345,0.0,0.0,0.0,0.0,0.0,0.0,0.0,0.0,1.0031036623215397,0.0,2.9997537501795573,15.004007052412248,105921,0,0,0,49,UTAH
3202,490986,7.0,12.8731942153845,1.8390277450549284,10.0,1.0,1.0,8.0,18.024829298572314,1.0,0.0,0.0,1.0,5.0,1.0,0.0,2.0,8.024829298572316,0.0,0.0,0.0,51304,0,0,0,49,UTAH
3248,491032,14.0,27.585416175823926,1.970386869701709,0.0,0.0,0.0,0.0,26.07785869486597,0.0,0.0,0.0,0.0,0.0,0.0,0.0,0.0,25.07759155803849,0.0,0.0,1.0002671368274831,76841,0,0,0,49,UTAH
3318,491102,55.0,201.37353808351463,3.661337056063903,0.0,0.0,0.0,0.0,13.031838033697843,0.0,0.0,0.0,0.0,0.0,0.0,0.0,0.0,10.031036623215394,0.0,0.0,3.0008014104824494,60977,0,0,0,49,UTAH
3433,491217,227.0,583.8913090549397,2.5722084099336557,242.0,2.0,33.0,207.0,260.01615456487093,2.0,0.0,2.0,31.0,94.0,31.0,0.0,82.0,4.012414649286158,0.0,0.0,14.003739915584765,56564,0,0,0,49,UTAH
3458,491242,590.0,2104.767254215365,3.567402125788755,260.0,14.0,23.0,223.0,385.00514803994366,13.0,1.0,0.0,23.0,20.0,85.0,24.0,94.0,1.0031036623215397,0.0,88.9926945886602,35.00934978896191,78125,516,0,0,49,UTAH
3466,491250,20.0,35.8610410285711,1.793052051428555,92.0,2.0,70.0,20.0,96.00957812379211,2.0,0.0,0.0,70.0,2.0,7.0,0.0,11.0,3.009310986964618,0.0,0.0,1.0002671368274831,52410,0,0,0,49,UTAH
3474,491258,601.0,1944.7718403955869,3.2358932452505607,4.0,0.0,1.0,3.0,185.99763276786118,0.0,0.0,0.0,1.0,2.0,0.0,0.0,1.0,0.0,0.0,145.98801584207177,36.009616925789395,67754,0,0,0,49,UTAH
3476,491260,19.0,49.65374911648307,2.613355216657004,263.0,5.0,5.0,253.0,618.9743133203367,1.0,4.0,0.0,5.0,50.0,36.0,147.0,20.0,1.0031036623215397,0.0,353.97094252118774,1.0002671368274831,67754,0,0,0,49,UTAH
3485,491269,4.0,6.0,1.5,0.0,0.0,0.0,0.0,15.046554934823092,0.0,0.0,0.0,0.0,0.0,0.0,0.0,0.0,15.046554934823092,0.0,0.0,0.0,74530,0,0,0,49,UTAH
3481,491265,52.0,171.02958029010833,3.289030390194391,0.0,0.0,0.0,0.0,32.01434972352661,0.0,0.0,0.0,0.0,0.0,0.0,0.0,0.0,5.015518311607697,0.0,23.998030001436458,3.0008014104824494,74530,0,0,0,49,UTAH
3479,491263,55.0,173.78812190769074,3.1597840346852863,310.0,41.0,13.0,256.0,319.01942338441165,35.0,6.0,4.0,9.0,132.0,24.0,77.0,23.0,6.018621973929237,0.0,0.0,3.0008014104824494,74530,0,0,0,49,UTAH
3017,490801,71.0,197.6954825934048,2.7844434168085184,624.0,20.0,91.0,513.0,628.00106854731,13.0,7.0,86.0,5.0,176.0,200.0,16.0,121.0,0.0,0.0,0.0,4.0010685473099326,56681,0,0,0,49,UTAH
3251,491035,9.0,24.82687455824153,2.758541617582393,0.0,0.0,0.0,0.0,13.03751108468596,0.0,0.0,0.0,0.0,0.0,0.0,0.0,0.0,12.037243947858476,0.0,0.0,1.0002671368274831,76841,0,0,0,49,UTAH
2457,490241,62.0,222.52235715164636,3.589070276639457,0.0,0.0,0.0,0.0,4.0010685473099326,0.0,0.0,0.0,0.0,0.0,0.0,0.0,0.0,0.0,0.0,0.0,4.0010685473099326,106764,0,0,0,49,UTAH
2456,490240,526.0,1643.1712902065783,3.1238997912672595,0.0,0.0,0.0,0.0,227.99211083677625,0.0,0.0,0.0,0.0,0.0,0.0,0.0,0.0,0.0,0.0,196.98382959512426,31.00828124165198,106764,0,0,0,49,UTAH
2333,490117,592.0,1987.06947853185,3.356536281303801,0.0,0.0,0.0,0.0,123.00531220649061,0.0,0.0,0.0,0.0,0.0,0.0,0.0,0.0,1.0031036623215397,0.0,86.99285875520717,35.00934978896191,66402,0,0,0,49,UTAH
2695,490479,374.0,1351.6853926153724,3.614132065816504,742.0,20.0,15.0,707.0,791.0036607618206,19.0,1.0,0.0,15.0,176.0,273.0,2.0,256.0,0.0,0.0,26.997783751616016,22.005877010204628,93584,745,1983,0,49,UTAH
2580,490364,270.0,935.1456083604312,3.463502253186782,0.0,0.0,0.0,0.0,75.99934919283088,0.0,0.0,0.0,0.0,0.0,0.0,0.0,0.0,0.0,0.0,59.99507500359115,16.00427418923973,116706,0,0,0,49,UTAH
3231,491015,16.0,36.78055490109857,2.2987846813186605,0.0,0.0,0.0,0.0,6.01578544843518,0.0,0.0,0.0,0.0,0.0,0.0,0.0,0.0,5.015518311607697,0.0,0.0,1.0002671368274831,51304,0,0,0,49,UTAH
2577,490361,430.0,1360.880531340647,3.1648384449782485,1491.0,753.0,40.0,698.0,1521.0066172244208,549.0,204.0,40.0,0.0,314.0,76.0,91.0,217.0,0.0,0.0,3.9996716669060763,26.00694555751456,105595,0,0,0,49,UTAH
2690,490474,577.0,1913.508368729653,3.316305665042726,10.0,1.0,5.0,4.0,132.00539428976407,1.0,0.0,3.0,2.0,1.0,1.0,0.0,2.0,1.0031036623215397,0.0,85.99294083848064,35.00934978896191,99835,0,0,0,49,UTAH
2439,490223,10.0,27.585416175823926,2.7585416175823925,0.0,0.0,0.0,0.0,54.16476123986907,0.0,0.0,0.0,0.0,0.0,0.0,0.0,0.0,53.16449410304159,0.0,0.0,1.0002671368274831,91516,0,0,0,49,UTAH
3483,491267,198.0,674.9231824351588,3.4087029415917107,5.0,1.0,0.0,4.0,89.0960537596848,1.0,0.0,0.0,0.0,0.0,1.0,0.0,3.0,31.096213531967724,0.0,40.996634585787284,12.003205641929798,74530,0,0,0,49,UTAH
2441,490225,0.0,0.0,0.0,0.0,0.0,0.0,0.0,0.0,0.0,0.0,0.0,0.0,0.0,0.0,0.0,0.0,0.0,0.0,0.0,0.0,91516,0,0,0,49,UTAH
2455,490239,653.0,2032.125658285696,3.111984162765231,0.0,0.0,0.0,0.0,639.9610862889099,0.0,0.0,0.0,0.0,0.0,0.0,0.0,0.0,0.0,0.0,600.950667952638,39.01041833627184,91516,0,0,0,49,UTAH
2428,490212,0.0,0.0,0.0,995.0,52.0,3.0,940.0,995.0,52.0,0.0,1.0,2.0,577.0,35.0,73.0,255.0,0.0,0.0,0.0,0.0,102760,0,0,0,49,UTAH
2662,490446,480.0,1693.744553195589,3.528634485824144,0.0,0.0,0.0,0.0,88.00290405486163,0.0,0.0,0.0,0.0,0.0,0.0,0.0,0.0,0.0,0.0,58.99515708686462,29.00774696799701,149585,0,0,0,49,UTAH
2657,490441,414.0,1422.4879607999871,3.4359612579709835,202.0,3.0,87.0,112.0,227.00667842068708,3.0,0.0,0.0,87.0,14.0,50.0,1.0,47.0,0.0,0.0,0.0,25.00667842068708,87510,0,0,0,49,UTAH
2656,490440,414.0,1392.1440030065808,3.3626666739289397,102.0,1.0,1.0,100.0,147.00503675521747,1.0,0.0,0.0,1.0,17.0,5.0,59.0,19.0,0.0,0.0,19.99835833453038,25.00667842068708,149909,0,0,0,49,UTAH
2874,490658,381.0,1092.3824805626275,2.8671456182746127,16.0,1.0,0.0,15.0,57.363632069420916,0.0,1.0,0.0,0.0,7.0,1.0,0.0,7.0,0.0,18.357487922388803,0.0,23.006144147032117,74224,0,0,0,49,UTAH
3113,490897,233.0,759.5184587076855,3.259735874281912,30.0,0.0,1.0,29.0,88.55450510437245,0.0,0.0,0.0,1.0,7.0,0.0,14.0,8.0,5.015518311607697,27.536231876461763,11.999015000718229,14.003739915584765,103707,0,0,0,49,UTAH
3112,490896,281.0,911.2382476747172,3.2428407390559326,0.0,0.0,0.0,0.0,34.01588889279812,0.0,0.0,0.0,0.0,0.0,0.0,0.0,0.0,4.012414649286158,0.0,12.998932917444748,17.004541326067212,110400,0,0,0,49,UTAH
3247,491031,11.0,28.50493004835139,2.591357277122853,0.0,0.0,0.0,0.0,28.08406601950905,0.0,0.0,0.0,0.0,0.0,0.0,0.0,0.0,27.083798882681567,0.0,0.0,1.0002671368274831,74530,0,0,0,49,UTAH
3343,491127,233.0,658.3719327296643,2.8256306125736668,28.0,14.0,0.0,14.0,167.9997689143162,14.0,0.0,0.0,0.0,0.0,0.0,0.0,14.0,2.006207324643079,0.0,123.98982167408836,14.003739915584765,56564,0,0,0,49,UTAH
3432,491216,138.0,393.55193744175466,2.851825633635903,160.0,31.0,23.0,106.0,424.9905989301203,31.0,0.0,3.0,20.0,45.0,17.0,0.0,44.0,3.009310986964618,0.0,253.97915084853585,8.002137094619865,56564,0,0,0,49,UTAH
3416,491200,596.0,1791.2130236835003,3.005390979334732,3080.0,327.0,358.0,2395.0,3702.9709912810413,267.0,60.0,235.0,123.0,471.0,283.0,560.0,1081.0,3.009310986964618,0.0,583.9520633682871,36.009616925789395,120577,0,0,0,49,UTAH
3415,491199,192.0,605.9596419955989,3.156039802060411,1253.0,372.0,120.0,761.0,1466.9926470917758,366.0,6.0,47.0,73.0,212.0,119.0,106.0,324.0,2.006207324643079,0.0,200.98350126203033,11.002938505102314,120577,0,0,0,49,UTAH
3427,491211,499.0,1782.0178849582255,3.5711781261687885,0.0,0.0,0.0,0.0,128.99988786074988,0.0,0.0,0.0,0.0,0.0,0.0,0.0,0.0,0.0,0.0,98.99187375592538,30.008014104824493,109773,0,0,0,49,UTAH
3468,491252,21.0,59.768401714285176,2.846114367346913,21.0,21.0,0.0,0.0,25.0095781237921,20.0,1.0,0.0,0.0,0.0,0.0,0.0,0.0,3.009310986964618,0.0,0.0,1.0002671368274831,52410,0,0,0,49,UTAH
3472,491256,413.0,1384.787892026361,3.352997317255112,0.0,0.0,0.0,0.0,25.00667842068708,0.0,0.0,0.0,0.0,0.0,0.0,0.0,0.0,0.0,0.0,0.0,25.00667842068708,67754,0,0,0,49,UTAH
3473,491257,661.0,1963.162117846136,2.9699880754101904,0.0,0.0,0.0,0.0,40.01068547309933,0.0,0.0,0.0,0.0,0.0,0.0,0.0,0.0,0.0,0.0,0.0,40.01068547309933,67754,0,0,0,49,UTAH
3477,491261,69.0,190.33937161318508,2.7585416175823925,0.0,0.0,0.0,0.0,26.999180632019872,0.0,0.0,0.0,0.0,0.0,0.0,0.0,0.0,0.0,0.0,22.998112084709938,4.0010685473099326,67754,0,0,0,49,UTAH
2516,490300,548.0,1788.4544820659178,3.263603069463353,224.0,1.0,4.0,219.0,415.9989500204185,0.0,1.0,0.0,4.0,80.0,2.0,128.0,9.0,1.0031036623215397,0.0,157.98703084279,33.00881551530694,91670,0,0,0,49,UTAH
2691,490475,315.0,1047.3263008087818,3.324845399392958,0.0,0.0,0.0,0.0,37.00359810079952,0.0,0.0,0.0,0.0,0.0,0.0,0.0,0.0,0.0,0.0,17.998522501077343,19.00507559972218,80235,0,0,0,49,UTAH
2750,490534,565.0,1681.790872852732,2.9766210138986406,15.0,9.0,0.0,6.0,172.9989043262228,2.0,7.0,0.0,0.0,0.0,0.0,2.0,4.0,0.0,0.0,123.98982167408836,34.009082652134424,68046,0,0,0,49,UTAH
2822,490606,391.0,1115.370327375814,2.8526095329304706,967.0,84.0,287.0,596.0,1010.0045024815626,84.0,0.0,1.0,286.0,227.0,215.0,6.0,148.0,0.0,0.0,19.99835833453038,23.006144147032117,55597,710,1183,0,49,UTAH
2595,490379,0.0,0.0,0.0,440.0,40.0,68.0,332.0,443.00931098696464,40.0,0.0,0.0,68.0,51.0,48.0,0.0,233.0,3.009310986964618,0.0,0.0,0.0,87096,0,0,0,49,UTAH
2588,490372,0.0,0.0,0.0,0.0,0.0,0.0,0.0,0.0,0.0,0.0,0.0,0.0,0.0,0.0,0.0,0.0,0.0,0.0,0.0,0.0,87096,0,0,0,49,UTAH
2587,490371,37.0,110.3416647032957,2.982207154143127,36.0,2.0,28.0,6.0,41.009845260619585,2.0,0.0,0.0,28.0,0.0,0.0,0.0,6.0,3.009310986964618,0.0,0.0,2.0005342736549663,87096,0,0,0,49,UTAH
3110,490894,206.0,696.9915153758178,3.383453958135038,242.0,25.0,11.0,206.0,289.003518472953,25.0,0.0,2.0,9.0,55.0,70.0,14.0,67.0,1.0031036623215397,0.0,33.99720916870165,12.003205641929798,112744,571,0,0,49,UTAH
3103,490887,122.0,372.403118373623,3.052484576832976,0.0,0.0,0.0,0.0,127.99193788170119,0.0,0.0,0.0,0.0,0.0,0.0,0.0,0.0,0.0,0.0,120.99006792390881,7.0018699577923815,87537,0,0,0,49,UTAH
3105,490889,207.0,695.152487630763,3.358224577926391,107.0,43.0,23.0,41.0,119.0032056419298,43.0,0.0,0.0,23.0,6.0,21.0,3.0,11.0,0.0,0.0,0.0,12.003205641929798,90154,0,0,0,49,UTAH
3114,490898,112.0,381.5982570988977,3.407127295525872,0.0,0.0,0.0,0.0,8.00497362011392,0.0,0.0,0.0,0.0,0.0,0.0,0.0,0.0,1.0031036623215397,0.0,0.0,7.0018699577923815,113111,0,0,0,49,UTAH
3115,490899,76.0,286.8883282285688,3.774846424060116,540.0,11.0,270.0,259.0,546.004439346459,11.0,0.0,185.0,85.0,0.0,69.0,35.0,155.0,1.0031036623215397,0.0,0.0,5.001335684137416,113111,0,0,0,49,UTAH
3120,490904,38.0,132.40999764395485,3.484473622209338,0.0,0.0,0.0,0.0,30.007793178782563,0.0,0.0,0.0,0.0,0.0,0.0,0.0,0.0,3.009310986964618,0.0,24.99794791816298,2.0005342736549663,113111,0,0,0,49,UTAH
3126,490910,60.0,237.23457911208573,3.953909651868096,2.0,0.0,1.0,1.0,8.007275871953011,0.0,0.0,0.0,1.0,0.0,1.0,0.0,0.0,2.006207324643079,0.0,0.0,4.0010685473099326,113111,0,0,0,49,UTAH
3125,490909,74.0,237.23457911208573,3.205872690703861,8.0,0.0,5.0,3.0,14.007275871953011,0.0,0.0,0.0,5.0,0.0,0.0,1.0,2.0,2.006207324643079,0.0,0.0,4.0010685473099326,113111,0,0,0,49,UTAH
3181,490965,107.0,303.4395779340632,2.8358839059258245,0.0,0.0,0.0,0.0,96.99731898867316,0.0,0.0,0.0,0.0,0.0,0.0,0.0,0.0,1.0031036623215397,0.0,89.99261250538672,6.001602820964899,91005,0,0,0,49,UTAH
2715,490499,209.0,610.5572113582363,2.9213263701351018,1382.0,1.0,230.0,1151.0,1396.0065764410788,1.0,0.0,81.0,149.0,1088.0,19.0,1.0,43.0,1.0031036623215397,0.0,0.0,13.00347277875728,67267,0,0,0,49,UTAH
2701,490485,0.0,0.0,0.0,1720.0,1134.0,6.0,580.0,1720.0,870.0,264.0,5.0,1.0,99.0,135.0,101.0,245.0,0.0,0.0,0.0,0.0,36579,0,0,0,49,UTAH
2633,490417,89.0,255.62485656263505,2.872189399580169,1293.0,667.0,13.0,613.0,1355.9965748542754,448.0,219.0,8.0,5.0,127.0,87.0,1.0,398.0,0.0,0.0,57.995239170138106,5.001335684137416,100955,0,0,0,49,UTAH
2879,490663,0.0,0.0,0.0,808.0,137.0,280.0,391.0,808.0,137.0,0.0,131.0,149.0,190.0,74.0,1.0,126.0,0.0,0.0,0.0,0.0,76529,0,0,194,49,UTAH
3020,490804,0.0,0.0,0.0,1519.0,770.0,27.0,722.0,1519.0,491.0,279.0,20.0,7.0,163.0,129.0,33.0,397.0,0.0,0.0,0.0,0.0,56681,0,0,0,49,UTAH
2797,490581,0.0,0.0,0.0,1834.0,190.0,771.0,873.0,1834.0,171.0,19.0,346.0,425.0,491.0,110.0,1.0,271.0,0.0,0.0,0.0,0.0,76529,0,0,0,49,UTAH
3048,490832,397.0,1172.3801874725168,2.953098708998783,68.0,44.0,1.0,23.0,286.9935907911258,44.0,0.0,1.0,0.0,4.0,0.0,0.0,19.0,1.0031036623215397,0.0,193.9840758449447,24.006411283859595,51304,0,0,0,49,UTAH
3050,490834,119.0,330.10548023735964,2.77399563224672,0.0,0.0,0.0,0.0,12.01738826940008,0.0,0.0,0.0,0.0,0.0,0.0,0.0,0.0,5.015518311607697,0.0,0.0,7.0018699577923815,51304,0,0,0,49,UTAH
3244,491028,14.0,43.21715200879082,3.086939429199344,0.0,0.0,0.0,0.0,6.01578544843518,0.0,0.0,0.0,0.0,0.0,0.0,0.0,0.0,5.015518311607697,0.0,0.0,1.0002671368274831,51304,0,0,0,49,UTAH
3250,491034,22.0,57.00986009670278,2.591357277122853,36.0,5.0,6.0,25.0,40.0095781237921,5.0,0.0,0.0,6.0,5.0,5.0,0.0,15.0,3.009310986964618,0.0,0.0,1.0002671368274831,51304,0,0,0,49,UTAH
3245,491029,7.0,15.631735832966893,2.23310511899527,0.0,0.0,0.0,0.0,6.018621973929237,0.0,0.0,0.0,0.0,0.0,0.0,0.0,0.0,6.018621973929237,0.0,0.0,0.0,51304,0,0,0,49,UTAH
3259,491043,4.0,10.114652597802106,2.5286631494505265,0.0,0.0,0.0,0.0,4.012414649286158,0.0,0.0,0.0,0.0,0.0,0.0,0.0,0.0,4.012414649286158,0.0,0.0,0.0,76841,0,0,0,49,UTAH
3264,491048,8.0,21.14881906813168,2.6436023835164595,0.0,0.0,0.0,0.0,4.012414649286158,0.0,0.0,0.0,0.0,0.0,0.0,0.0,0.0,4.012414649286158,0.0,0.0,0.0,76841,0,0,0,49,UTAH
3258,491042,11.0,26.665902303296463,2.424172936663315,0.0,0.0,0.0,0.0,5.012681786113641,0.0,0.0,0.0,0.0,0.0,0.0,0.0,0.0,4.012414649286158,0.0,0.0,1.0002671368274831,76841,0,0,0,49,UTAH
3249,491033,15.0,44.13666588131828,2.9424443920878853,0.0,0.0,0.0,0.0,4.009578123792101,0.0,0.0,0.0,0.0,0.0,0.0,0.0,0.0,3.009310986964618,0.0,0.0,1.0002671368274831,51304,0,0,0,49,UTAH
3256,491040,12.0,30.34395779340632,2.5286631494505265,0.0,0.0,0.0,0.0,5.012681786113641,0.0,0.0,0.0,0.0,0.0,0.0,0.0,0.0,4.012414649286158,0.0,0.0,1.0002671368274831,76841,0,0,0,49,UTAH
3257,491041,6.0,18.390277450549284,3.065046241758214,0.0,0.0,0.0,0.0,5.015518311607697,0.0,0.0,0.0,0.0,0.0,0.0,0.0,0.0,5.015518311607697,0.0,0.0,0.0,76841,0,0,0,49,UTAH
3253,491037,0.0,0.0,0.0,0.0,0.0,0.0,0.0,5.015518311607697,0.0,0.0,0.0,0.0,0.0,0.0,0.0,0.0,5.015518311607697,0.0,0.0,0.0,76841,0,0,0,49,UTAH
3255,491039,9.0,22.06833294065914,2.452036993406571,0.0,0.0,0.0,0.0,5.012681786113641,0.0,0.0,0.0,0.0,0.0,0.0,0.0,0.0,4.012414649286158,0.0,0.0,1.0002671368274831,76841,0,0,0,49,UTAH
3243,491027,13.0,29.42444392087885,2.2634187631445277,0.0,0.0,0.0,0.0,6.01578544843518,0.0,0.0,0.0,0.0,0.0,0.0,0.0,0.0,5.015518311607697,0.0,0.0,1.0002671368274831,51304,0,0,0,49,UTAH
3242,491026,7.0,21.14881906813168,3.021259866875954,0.0,0.0,0.0,0.0,6.018621973929237,0.0,0.0,0.0,0.0,0.0,0.0,0.0,0.0,6.018621973929237,0.0,0.0,0.0,51304,0,0,0,49,UTAH
3241,491025,10.0,22.06833294065914,2.206833294065914,0.0,0.0,0.0,0.0,6.01578544843518,0.0,0.0,0.0,0.0,0.0,0.0,0.0,0.0,5.015518311607697,0.0,0.0,1.0002671368274831,51304,0,0,0,49,UTAH
3239,491023,5.0,11.03416647032957,2.206833294065914,0.0,0.0,0.0,0.0,3.009310986964618,0.0,0.0,0.0,0.0,0.0,0.0,0.0,0.0,3.009310986964618,0.0,0.0,0.0,51304,0,0,0,49,UTAH
3267,491051,16.0,35.8610410285711,2.241315064285694,0.0,0.0,0.0,0.0,4.009578123792101,0.0,0.0,0.0,0.0,0.0,0.0,0.0,0.0,3.009310986964618,0.0,0.0,1.0002671368274831,51304,0,0,0,49,UTAH
3270,491054,16.0,32.182985538461246,2.011436596153828,0.0,0.0,0.0,0.0,6.01578544843518,0.0,0.0,0.0,0.0,0.0,0.0,0.0,0.0,5.015518311607697,0.0,0.0,1.0002671368274831,51304,0,0,0,49,UTAH
3266,491050,11.0,24.82687455824153,2.256988596203776,0.0,0.0,0.0,0.0,5.012681786113641,0.0,0.0,0.0,0.0,0.0,0.0,0.0,0.0,4.012414649286158,0.0,0.0,1.0002671368274831,51304,0,0,0,49,UTAH
3275,491059,16.0,52.41229073406546,3.275768170879091,48.0,0.0,6.0,42.0,52.0095781237921,0.0,0.0,5.0,1.0,1.0,38.0,2.0,1.0,3.009310986964618,0.0,0.0,1.0002671368274831,76841,0,0,0,49,UTAH
3282,491066,20.0,39.53909651868096,1.976954825934048,7.0,0.0,3.0,4.0,13.01578544843518,0.0,0.0,0.0,3.0,0.0,0.0,0.0,4.0,5.015518311607697,0.0,0.0,1.0002671368274831,76841,0,0,0,49,UTAH
3276,491060,8.0,22.987846813186604,2.873480851648325,0.0,0.0,0.0,0.0,4.012414649286158,0.0,0.0,0.0,0.0,0.0,0.0,0.0,0.0,4.012414649286158,0.0,0.0,0.0,76841,0,0,0,49,UTAH
3277,491061,5.0,11.953680342857034,2.3907360685714067,0.0,0.0,0.0,0.0,4.012414649286158,0.0,0.0,0.0,0.0,0.0,0.0,0.0,0.0,4.012414649286158,0.0,0.0,0.0,76841,0,0,0,49,UTAH
3278,491062,2.0,3.0,1.5,0.0,0.0,0.0,0.0,5.015518311607697,0.0,0.0,0.0,0.0,0.0,0.0,0.0,0.0,5.015518311607697,0.0,0.0,0.0,76841,0,0,0,49,UTAH
3280,491064,10.0,21.14881906813168,2.114881906813168,0.0,0.0,0.0,0.0,6.01578544843518,0.0,0.0,0.0,0.0,0.0,0.0,0.0,0.0,5.015518311607697,0.0,0.0,1.0002671368274831,76841,0,0,0,49,UTAH
3287,491071,11.0,28.50493004835139,2.591357277122853,0.0,0.0,0.0,0.0,8.02199277307826,0.0,0.0,0.0,0.0,0.0,0.0,0.0,0.0,7.0217256362507765,0.0,0.0,1.0002671368274831,75589,0,0,0,49,UTAH
3304,491088,3.0,5.517083235164785,1.8390277450549284,0.0,0.0,0.0,0.0,5.015518311607697,0.0,0.0,0.0,0.0,0.0,0.0,0.0,0.0,5.015518311607697,0.0,0.0,0.0,75589,0,0,0,49,UTAH
3303,491087,7.0,16.551249705494357,2.364464243642051,0.0,0.0,0.0,0.0,4.012414649286158,0.0,0.0,0.0,0.0,0.0,0.0,0.0,0.0,4.012414649286158,0.0,0.0,0.0,75589,0,0,0,49,UTAH
3302,491086,15.0,49.65374911648307,3.3102499410988715,0.0,0.0,0.0,0.0,4.009578123792101,0.0,0.0,0.0,0.0,0.0,0.0,0.0,0.0,3.009310986964618,0.0,0.0,1.0002671368274831,75589,0,0,0,49,UTAH
3299,491083,7.0,19.309791323076748,2.7585416175823925,0.0,0.0,0.0,0.0,4.012414649286158,0.0,0.0,0.0,0.0,0.0,0.0,0.0,0.0,4.012414649286158,0.0,0.0,0.0,75589,0,0,0,49,UTAH
3300,491084,5.0,12.8731942153845,2.5746388430769,0.0,0.0,0.0,0.0,4.012414649286158,0.0,0.0,0.0,0.0,0.0,0.0,0.0,0.0,4.012414649286158,0.0,0.0,0.0,75589,0,0,0,49,UTAH
3293,491077,3.0,17.47076357802182,5.823587859340607,0.0,0.0,0.0,0.0,5.015518311607697,0.0,0.0,0.0,0.0,0.0,0.0,0.0,0.0,5.015518311607697,0.0,0.0,0.0,75589,0,0,0,49,UTAH
3296,491080,4.0,11.03416647032957,2.7585416175823925,0.0,0.0,0.0,0.0,4.012414649286158,0.0,0.0,0.0,0.0,0.0,0.0,0.0,0.0,4.012414649286158,0.0,0.0,0.0,75589,0,0,0,49,UTAH
3295,491079,12.0,30.34395779340632,2.5286631494505265,0.0,0.0,0.0,0.0,4.009578123792101,0.0,0.0,0.0,0.0,0.0,0.0,0.0,0.0,3.009310986964618,0.0,0.0,1.0002671368274831,75589,0,0,0,49,UTAH
3298,491082,5.0,14.712221960439429,2.9424443920878853,0.0,0.0,0.0,0.0,4.012414649286158,0.0,0.0,0.0,0.0,0.0,0.0,0.0,0.0,4.012414649286158,0.0,0.0,0.0,75589,0,0,0,49,UTAH
3313,491097,281.0,836.7576239999925,2.9777851387900087,88.0,26.0,1.0,61.0,242.00285315438538,26.0,0.0,0.0,1.0,0.0,8.0,1.0,52.0,3.009310986964618,0.0,133.98900084135354,17.004541326067212,75589,0,0,0,49,UTAH
3312,491096,251.0,786.1843610109819,3.132208609605505,0.0,0.0,0.0,0.0,18.013318039376866,0.0,0.0,0.0,0.0,0.0,0.0,0.0,0.0,3.009310986964618,0.0,0.0,15.004007052412248,75589,0,0,0,49,UTAH
3330,491114,408.0,1166.863104237352,2.85995858881704,0.0,0.0,0.0,0.0,142.0062826943739,0.0,0.0,0.0,0.0,0.0,0.0,0.0,0.0,3.009310986964618,0.0,114.9905604235497,24.006411283859595,31028,0,0,0,49,UTAH
3390,491174,37.0,106.66360921318584,2.882800249005023,0.0,0.0,0.0,0.0,132.99615285601902,0.0,0.0,0.0,0.0,0.0,0.0,0.0,0.0,2.006207324643079,0.0,128.98941125772097,2.0005342736549663,105921,0,0,0,49,UTAH
3393,491177,46.0,140.68562249670202,3.058383097754392,35.0,1.0,1.0,33.0,40.00700873512553,0.0,1.0,0.0,1.0,4.0,1.0,0.0,28.0,2.006207324643079,0.0,0.0,3.0008014104824494,80628,0,0,0,49,UTAH
3396,491180,239.0,680.4402656703235,2.8470304002942406,42.0,3.0,9.0,30.0,229.9958289171891,2.0,1.0,0.0,9.0,1.0,2.0,1.0,26.0,2.006207324643079,0.0,171.98588167696127,14.003739915584765,30043,0,0,0,49,UTAH
3397,491181,169.0,499.2960327824131,2.954414395162208,238.0,7.0,3.0,228.0,422.9914925410107,6.0,1.0,1.0,2.0,46.0,14.0,5.0,163.0,1.0031036623215397,0.0,173.98571751041433,10.002671368274832,89915,0,0,0,49,UTAH
3398,491182,137.0,406.4251316571392,2.966606800417074,0.0,0.0,0.0,0.0,11.011448081584483,0.0,0.0,0.0,0.0,0.0,0.0,0.0,0.0,3.009310986964618,0.0,0.0,8.002137094619865,89915,0,0,0,49,UTAH
3423,491207,115.0,383.43728484395257,3.334237259512631,0.0,0.0,0.0,0.0,9.00807728243546,0.0,0.0,0.0,0.0,0.0,0.0,0.0,0.0,2.006207324643079,0.0,0.0,7.0018699577923815,89700,0,0,0,49,UTAH
3392,491176,120.0,414.70075650988633,3.455839637582386,0.0,0.0,0.0,0.0,180.99714470499177,0.0,0.0,0.0,0.0,0.0,0.0,0.0,0.0,3.009310986964618,0.0,170.98596376023477,7.0018699577923815,30043,0,0,0,49,UTAH
3391,491175,200.0,595.8449893977968,2.979224946988984,0.0,0.0,0.0,0.0,697.9596394987019,0.0,0.0,0.0,0.0,0.0,0.0,0.0,0.0,4.012414649286158,0.0,681.944019207486,12.003205641929798,105921,0,0,0,49,UTAH
3327,491111,103.0,296.08346695384347,2.8745967665421697,0.0,0.0,0.0,0.0,248.9912138222941,0.0,0.0,0.0,0.0,0.0,0.0,0.0,0.0,3.009310986964618,0.0,239.9803000143646,6.001602820964899,30043,0,0,0,49,UTAH
3283,491067,16.0,56.09034622417531,3.505646639010957,8.0,0.0,2.0,6.0,11.006474461470562,0.0,0.0,0.0,2.0,0.0,2.0,0.0,4.0,2.006207324643079,0.0,0.0,1.0002671368274831,75589,0,0,0,49,UTAH
3284,491068,26.0,94.7099288703288,3.642689571935724,0.0,0.0,0.0,0.0,5.009845260619585,0.0,0.0,0.0,0.0,0.0,0.0,0.0,0.0,3.009310986964618,0.0,0.0,2.0005342736549663,75589,0,0,0,49,UTAH
3286,491070,13.0,44.13666588131828,3.3951281447167907,0.0,0.0,0.0,0.0,3.006474461470562,0.0,0.0,0.0,0.0,0.0,0.0,0.0,0.0,2.006207324643079,0.0,0.0,1.0002671368274831,75589,0,0,0,49,UTAH
3274,491058,24.0,81.83673465494431,3.409863943956013,4.0,1.0,2.0,1.0,9.01268178611364,1.0,0.0,1.0,1.0,0.0,0.0,1.0,0.0,4.012414649286158,0.0,0.0,1.0002671368274831,75589,0,0,0,49,UTAH
3273,491057,9.0,30.34395779340632,3.371550865934035,0.0,0.0,0.0,0.0,6.01578544843518,0.0,0.0,0.0,0.0,0.0,0.0,0.0,0.0,5.015518311607697,0.0,0.0,1.0002671368274831,75589,0,0,0,49,UTAH
3157,490941,285.0,717.2208205714221,2.516564282706744,0.0,0.0,0.0,0.0,17.004541326067212,0.0,0.0,0.0,0.0,0.0,0.0,0.0,0.0,0.0,0.0,0.0,17.004541326067212,51304,0,0,0,49,UTAH
2727,490511,184.0,639.0621414065877,3.4731638119923245,344.0,17.0,6.0,321.0,356.00604216742386,2.0,15.0,1.0,5.0,207.0,4.0,33.0,77.0,1.0031036623215397,0.0,0.0,11.002938505102314,83312,0,0,0,49,UTAH
2772,490556,520.0,1483.1758763867997,2.8522613007438458,94.0,13.0,66.0,15.0,134.01072823778566,13.0,0.0,1.0,65.0,5.0,1.0,0.0,9.0,1.0031036623215397,0.0,7.999343333812153,31.00828124165198,60581,0,0,0,49,UTAH
2777,490561,31.0,112.18069244835064,3.6187320144629234,861.0,86.0,441.0,334.0,863.0005342736549,86.0,0.0,392.0,49.0,124.0,22.0,2.0,186.0,0.0,0.0,0.0,2.0005342736549663,65221,0,0,0,49,UTAH
2774,490558,91.0,272.1761062681294,2.9909462227266967,704.0,79.0,5.0,620.0,710.004439346459,78.0,1.0,4.0,1.0,512.0,16.0,1.0,91.0,1.0031036623215397,0.0,0.0,5.001335684137416,60581,0,0,0,49,UTAH
3334,491118,714.0,1829.8326063296536,2.5627907651675823,0.0,0.0,0.0,0.0,51.01083021739393,0.0,0.0,0.0,0.0,0.0,0.0,0.0,0.0,0.0,0.0,7.999343333812153,43.011486883581775,75589,0,0,0,49,UTAH
3381,491165,184.0,503.8936021450504,2.7385521855709256,489.0,267.0,16.0,206.0,516.0048109183217,267.0,0.0,13.0,3.0,127.0,17.0,11.0,51.0,1.0031036623215397,0.0,14.998768750897787,11.002938505102314,105921,0,0,0,49,UTAH
3220,491004,0.0,0.0,0.0,0.0,0.0,0.0,0.0,4.012414649286158,0.0,0.0,0.0,0.0,0.0,0.0,0.0,0.0,4.012414649286158,0.0,0.0,0.0,69330,0,0,0,49,UTAH
3216,491000,7.0,17.47076357802182,2.495823368288832,0.0,0.0,0.0,0.0,3.009310986964618,0.0,0.0,0.0,0.0,0.0,0.0,0.0,0.0,3.009310986964618,0.0,0.0,0.0,69330,0,0,0,49,UTAH
3218,491002,49.0,177.46617739780058,3.621758722404093,0.0,0.0,0.0,0.0,121.99421924653323,0.0,0.0,0.0,0.0,0.0,0.0,0.0,0.0,1.0031036623215397,0.0,117.99031417372925,3.0008014104824494,69330,0,0,0,49,UTAH
3224,491008,180.0,594.0059616527419,3.3000331202930107,0.0,0.0,0.0,0.0,74.00095300446804,0.0,0.0,0.0,0.0,0.0,0.0,0.0,0.0,1.0031036623215397,0.0,61.99491083704418,11.002938505102314,69330,0,0,0,49,UTAH
3263,491047,12.0,23.907360685714067,1.992280057142839,0.0,0.0,0.0,0.0,5.012681786113641,0.0,0.0,0.0,0.0,0.0,0.0,0.0,0.0,4.012414649286158,0.0,0.0,1.0002671368274831,76841,0,0,0,49,UTAH
3260,491044,3.0,6.43659710769225,2.1455323692307497,0.0,0.0,0.0,0.0,5.015518311607697,0.0,0.0,0.0,0.0,0.0,0.0,0.0,0.0,5.015518311607697,0.0,0.0,0.0,76841,0,0,0,49,UTAH
3261,491045,12.0,32.182985538461246,2.6819154615384373,0.0,0.0,0.0,0.0,4.009578123792101,0.0,0.0,0.0,0.0,0.0,0.0,0.0,0.0,3.009310986964618,0.0,0.0,1.0002671368274831,76841,0,0,0,49,UTAH
3252,491036,5.0,8.275624852747178,1.6551249705494355,0.0,0.0,0.0,0.0,8.024829298572316,0.0,0.0,0.0,0.0,0.0,0.0,0.0,0.0,8.024829298572316,0.0,0.0,0.0,76841,0,0,0,49,UTAH
3317,491101,8.0,23.907360685714067,2.9884200857142584,0.0,0.0,0.0,0.0,5.015518311607697,0.0,0.0,0.0,0.0,0.0,0.0,0.0,0.0,5.015518311607697,0.0,0.0,0.0,56564,0,0,0,49,UTAH
3234,491018,7.0,15.631735832966893,2.23310511899527,0.0,0.0,0.0,0.0,5.015518311607697,0.0,0.0,0.0,0.0,0.0,0.0,0.0,0.0,5.015518311607697,0.0,0.0,0.0,51304,0,0,0,49,UTAH
2950,490734,2.0,7.3561109802197135,3.6780554901098568,123.0,4.0,15.0,104.0,125.00620732464309,4.0,0.0,1.0,14.0,5.0,9.0,1.0,89.0,2.006207324643079,0.0,0.0,0.0,58209,0,0,0,49,UTAH
2917,490701,115.0,336.5420773450519,2.9264528464787123,0.0,0.0,0.0,0.0,24.003660287738228,0.0,0.0,0.0,0.0,0.0,0.0,0.0,0.0,1.0031036623215397,0.0,15.998686667624305,7.0018699577923815,65974,0,0,0,49,UTAH
2987,490771,530.0,1509.841778690096,2.8487580730001816,23.0,1.0,1.0,21.0,55.00854837847946,1.0,0.0,0.0,1.0,0.0,0.0,0.0,21.0,0.0,0.0,0.0,32.00854837847946,24407,0,0,0,49,UTAH
2991,490775,589.0,1701.1006641758088,2.8881165775480624,0.0,0.0,0.0,0.0,35.00934978896191,0.0,0.0,0.0,0.0,0.0,0.0,0.0,0.0,0.0,0.0,0.0,35.00934978896191,23848,0,0,0,49,UTAH
2965,490749,144.0,407.34464552966665,2.828782260622685,195.0,24.0,153.0,18.0,204.00240423144734,24.0,0.0,145.0,8.0,3.0,2.0,0.0,13.0,0.0,0.0,0.0,9.002404231447349,48606,0,0,0,49,UTAH
3012,490796,119.0,273.0956201406569,2.294921177652579,57.0,2.0,40.0,15.0,64.00186995779238,2.0,0.0,23.0,17.0,0.0,1.0,0.0,14.0,0.0,0.0,0.0,7.0018699577923815,31799,0,0,0,49,UTAH
2921,490705,133.0,346.656729942854,2.6064415785176998,648.0,2.0,56.0,590.0,656.0021370946199,2.0,0.0,34.0,22.0,436.0,105.0,24.0,25.0,0.0,0.0,0.0,8.002137094619865,45835,0,0,0,49,UTAH
2922,490706,300.0,838.5966517450473,2.795322172483491,49.0,2.0,17.0,30.0,67.0048084628947,2.0,0.0,1.0,16.0,10.0,2.0,0.0,18.0,0.0,0.0,0.0,18.004808462894697,64980,0,0,0,49,UTAH
2883,490667,224.0,689.6354043955981,3.07872948390892,41.0,0.0,2.0,39.0,54.00347277875728,0.0,0.0,0.0,2.0,3.0,0.0,35.0,1.0,0.0,0.0,0.0,13.00347277875728,63356,0,0,0,49,UTAH
2881,490665,198.0,586.6498506725221,2.9628780336996066,102.0,19.0,7.0,76.0,114.0032056419298,19.0,0.0,7.0,0.0,2.0,5.0,32.0,37.0,0.0,0.0,0.0,12.003205641929798,76529,0,0,0,49,UTAH
2798,490582,92.0,279.5322172483491,3.0383936657429254,561.0,41.0,61.0,459.0,598.9989761562135,41.0,0.0,60.0,1.0,12.0,137.0,126.0,184.0,0.0,0.0,31.99737333524861,6.001602820964899,76529,1104,0,0,49,UTAH
2867,490651,623.0,1757.1910103999842,2.820531316853907,834.0,448.0,1.0,385.0,871.0098840626168,391.0,57.0,0.0,1.0,166.0,29.0,32.0,158.0,0.0,0.0,0.0,37.00988406261688,52442,0,0,0,49,UTAH
2849,490633,145.0,405.5056177846117,2.796590467480081,30.0,2.0,1.0,27.0,50.001501315439064,2.0,0.0,0.0,1.0,1.0,1.0,1.0,24.0,0.0,0.0,10.99909708399171,9.002404231447349,50017,0,0,0,49,UTAH
2287,490071,66.0,136.0880531340647,2.06194019900098,204.0,1.0,13.0,190.0,214.01969052123917,0.0,1.0,3.0,10.0,66.0,21.0,90.0,13.0,6.018621973929237,0.0,0.0,4.0010685473099326,81720,0,0,0,49,UTAH
2288,490072,0.0,0.0,0.0,297.0,0.0,24.0,273.0,584.9986602364027,0.0,0.0,20.0,4.0,99.0,56.0,95.0,23.0,7.0217256362507765,0.0,280.9769346001519,0.0,81720,0,0,0,49,UTAH
2315,490099,0.0,0.0,0.0,170.0,0.0,0.0,170.0,173.0093109869646,0.0,0.0,0.0,0.0,93.0,23.0,53.0,1.0,3.009310986964618,0.0,0.0,0.0,81720,0,0,0,49,UTAH
2289,490073,0.0,0.0,0.0,1513.0,11.0,82.0,1420.0,1518.0155183116076,0.0,11.0,69.0,13.0,318.0,552.0,478.0,72.0,5.015518311607697,0.0,0.0,0.0,81720,0,0,0,49,UTAH
2311,490095,33.0,89.19284563516403,2.70281350409588,0.0,0.0,0.0,0.0,4.006741598298046,0.0,0.0,0.0,0.0,0.0,0.0,0.0,0.0,2.006207324643079,0.0,0.0,2.0005342736549663,81720,0,0,0,49,UTAH
2231,490015,3.0,9.195138725274642,3.065046241758214,0.0,0.0,0.0,0.0,4.012414649286158,0.0,0.0,0.0,0.0,0.0,0.0,0.0,0.0,4.012414649286158,0.0,0.0,0.0,81720,0,0,0,49,UTAH
2302,490086,6.0,24.82687455824153,4.137812426373589,269.0,93.0,5.0,171.0,276.0217256362508,92.0,1.0,5.0,0.0,18.0,25.0,3.0,125.0,7.0217256362507765,0.0,0.0,0.0,66402,0,0,0,49,UTAH
2335,490119,108.0,321.8298553846125,2.979906068376041,0.0,0.0,0.0,0.0,153.99264024208475,0.0,0.0,0.0,0.0,0.0,0.0,0.0,0.0,1.0031036623215397,0.0,146.9879337587983,6.001602820964899,66402,0,0,0,49,UTAH
2307,490091,0.0,0.0,0.0,1051.0,198.0,72.0,781.0,1194.9913657542138,195.0,3.0,10.0,62.0,412.0,124.0,40.0,205.0,1.0031036623215397,0.0,142.98826209189224,0.0,66402,0,0,0,49,UTAH
2306,490090,41.0,125.05388666373511,3.0500947966764667,106.0,8.0,2.0,96.0,282.9989126831759,8.0,0.0,1.0,1.0,36.0,14.0,0.0,46.0,4.012414649286158,0.0,170.98596376023477,2.0005342736549663,66402,0,0,0,49,UTAH
2303,490087,112.0,327.34693861977723,2.922740523390868,0.0,0.0,0.0,0.0,137.9943027945614,0.0,0.0,0.0,0.0,0.0,0.0,0.0,0.0,1.0031036623215397,0.0,129.98932917444748,7.0018699577923815,66402,0,0,0,49,UTAH
2339,490123,260.0,871.699151156036,3.352689042907831,0.0,0.0,0.0,0.0,16.00427418923973,0.0,0.0,0.0,0.0,0.0,0.0,0.0,0.0,0.0,0.0,0.0,16.00427418923973,66402,0,0,0,49,UTAH
2341,490125,228.0,698.8305431208728,3.065046241758214,0.0,0.0,0.0,0.0,28.00577649535105,0.0,0.0,0.0,0.0,0.0,0.0,0.0,0.0,1.0031036623215397,0.0,12.998932917444748,14.003739915584765,66402,0,0,0,49,UTAH
2337,490121,74.0,229.87846813186604,3.1064657855657574,0.0,0.0,0.0,0.0,74.00169420935632,0.0,0.0,0.0,0.0,0.0,0.0,0.0,0.0,2.006207324643079,0.0,67.9944183374033,4.0010685473099326,66402,0,0,0,49,UTAH
2304,490088,39.0,95.62944274285628,2.452036993406571,743.0,277.0,6.0,460.0,749.0129489229411,2.0,275.0,1.0,5.0,29.0,222.0,0.0,209.0,4.012414649286158,0.0,0.0,2.0005342736549663,81720,0,0,0,49,UTAH
2309,490093,142.0,431.25200621538073,3.0369859592632444,0.0,0.0,0.0,0.0,269.98063127696787,0.0,0.0,0.0,0.0,0.0,0.0,0.0,0.0,0.0,0.0,261.978494182348,8.002137094619865,66402,0,0,0,49,UTAH
2305,490089,3.0,5.517083235164785,1.8390277450549284,0.0,0.0,0.0,0.0,4.012414649286158,0.0,0.0,0.0,0.0,0.0,0.0,0.0,0.0,4.012414649286158,0.0,0.0,0.0,66402,0,0,0,49,UTAH
2297,490081,0.0,0.0,0.0,10.0,0.0,0.0,10.0,299.99212457866565,0.0,0.0,0.0,0.0,2.0,0.0,0.0,8.0,5.015518311607697,0.0,284.97660626705795,0.0,66402,0,0,0,49,UTAH
2299,490083,0.0,0.0,0.0,10.0,0.0,0.0,10.0,50.01264539703587,0.0,0.0,0.0,0.0,2.0,1.0,0.0,7.0,5.015518311607697,0.0,34.99712708542817,0.0,66402,0,0,0,49,UTAH
2296,490080,0.0,0.0,0.0,168.0,168.0,0.0,0.0,173.0155183116077,0.0,168.0,0.0,0.0,0.0,0.0,0.0,0.0,5.015518311607697,0.0,0.0,0.0,66402,0,0,0,49,UTAH
2226,490010,0.0,0.0,0.0,0.0,0.0,0.0,0.0,0.0,0.0,0.0,0.0,0.0,0.0,0.0,0.0,0.0,0.0,0.0,0.0,0.0,81720,0,0,0,49,UTAH
2229,490013,0.0,0.0,0.0,0.0,0.0,0.0,0.0,0.0,0.0,0.0,0.0,0.0,0.0,0.0,0.0,0.0,0.0,0.0,0.0,0.0,81720,0,0,0,49,UTAH
2321,490105,0.0,0.0,0.0,332.0,2.0,24.0,306.0,335.00931098696464,0.0,2.0,24.0,0.0,42.0,61.0,203.0,0.0,3.009310986964618,0.0,0.0,0.0,81720,0,0,0,49,UTAH
2359,490143,0.0,0.0,0.0,365.0,20.0,25.0,320.0,560.9998404063729,0.0,20.0,25.0,0.0,94.0,115.0,111.0,0.0,5.015518311607697,0.0,190.98432209476513,0.0,81720,0,0,0,49,UTAH
2352,490136,0.0,0.0,0.0,0.0,0.0,0.0,0.0,6.018621973929237,0.0,0.0,0.0,0.0,0.0,0.0,0.0,0.0,6.018621973929237,0.0,0.0,0.0,81720,0,0,0,49,UTAH
2402,490186,0.0,0.0,0.0,13.0,9.0,0.0,4.0,14.00310366232154,9.0,0.0,0.0,0.0,0.0,0.0,0.0,4.0,1.0031036623215397,0.0,0.0,0.0,81720,0,0,0,49,UTAH
2366,490150,181.0,515.8472824879074,2.849984986121035,0.0,0.0,0.0,0.0,83.00021425500671,0.0,0.0,0.0,0.0,0.0,0.0,0.0,0.0,1.0031036623215397,0.0,70.99417208758285,11.002938505102314,62109,0,0,0,49,UTAH
2368,490152,275.0,793.5404719912016,2.885601716331642,898.0,298.0,64.0,536.0,915.0073778515613,5.0,293.0,53.0,11.0,203.0,228.0,26.0,79.0,1.0031036623215397,0.0,0.0,16.00427418923973,74211,0,0,0,49,UTAH
2396,490180,162.0,476.3081859692264,2.9401739874643606,0.0,0.0,0.0,0.0,13.01198235523945,0.0,0.0,0.0,0.0,0.0,0.0,0.0,0.0,3.009310986964618,0.0,0.0,10.002671368274832,79647,0,0,0,49,UTAH
2398,490182,54.0,162.75395543736116,3.0139621377289103,0.0,0.0,0.0,0.0,5.007008735125528,0.0,0.0,0.0,0.0,0.0,0.0,0.0,0.0,2.006207324643079,0.0,0.0,3.0008014104824494,79647,0,0,0,49,UTAH
2401,490185,218.0,676.7622101802136,3.1044138081661177,70.0,6.0,7.0,57.0,207.9995838607622,6.0,0.0,0.0,7.0,0.0,11.0,6.0,40.0,2.006207324643079,0.0,122.98990375736184,13.00347277875728,79647,0,0,0,49,UTAH
2400,490184,0.0,0.0,0.0,367.0,207.0,6.0,154.0,370.00931098696464,199.0,8.0,1.0,5.0,17.0,15.0,12.0,110.0,3.009310986964618,0.0,0.0,0.0,81720,0,0,0,49,UTAH
2381,490165,0.0,0.0,0.0,1.0,0.0,0.0,1.0,5.012414649286158,0.0,0.0,0.0,0.0,0.0,1.0,0.0,0.0,4.012414649286158,0.0,0.0,0.0,81720,0,0,0,49,UTAH
2388,490172,0.0,0.0,0.0,169.0,104.0,1.0,64.0,174.0155183116077,0.0,104.0,0.0,1.0,18.0,19.0,24.0,3.0,5.015518311607697,0.0,0.0,0.0,81720,0,0,0,49,UTAH
2389,490173,0.0,0.0,0.0,146.0,22.0,0.0,124.0,292.9943052499883,2.0,20.0,0.0,0.0,13.0,31.0,51.0,29.0,2.006207324643079,0.0,144.98809792534527,0.0,81720,0,0,0,49,UTAH
2380,490164,0.0,0.0,0.0,0.0,0.0,0.0,0.0,3.009310986964618,0.0,0.0,0.0,0.0,0.0,0.0,0.0,0.0,3.009310986964618,0.0,0.0,0.0,81720,0,0,0,49,UTAH
2343,490127,0.0,0.0,0.0,216.0,0.0,26.0,190.0,366.003616236953,0.0,0.0,25.0,1.0,70.0,50.0,53.0,17.0,5.015518311607697,0.0,144.98809792534527,0.0,81720,0,0,0,49,UTAH
2324,490108,0.0,0.0,0.0,520.0,22.0,9.0,489.0,523.0093109869646,0.0,22.0,5.0,4.0,36.0,247.0,183.0,23.0,3.009310986964618,0.0,0.0,0.0,81720,0,0,0,49,UTAH
2318,490102,91.0,279.5322172483491,3.071782607124716,0.0,0.0,0.0,0.0,141.99327602126556,0.0,0.0,0.0,0.0,0.0,0.0,0.0,0.0,1.0031036623215397,0.0,135.9888366748066,5.001335684137416,66402,0,0,0,49,UTAH
2319,490103,191.0,610.5572113582363,3.196634614441028,0.0,0.0,0.0,0.0,18.00554966778297,0.0,0.0,0.0,0.0,0.0,0.0,0.0,0.0,1.0031036623215397,0.0,5.9995075003591145,11.002938505102314,66402,0,0,0,49,UTAH
2328,490112,9.0,19.309791323076748,2.1455323692307497,2.0,1.0,1.0,0.0,55.00237029779652,1.0,0.0,0.0,1.0,0.0,0.0,0.0,0.0,2.006207324643079,0.0,49.99589583632596,1.0002671368274831,66402,0,0,0,49,UTAH
2327,490111,0.0,0.0,0.0,704.0,273.0,51.0,380.0,709.0155183116077,267.0,6.0,11.0,40.0,45.0,59.0,6.0,270.0,5.015518311607697,0.0,0.0,0.0,66402,0,0,0,49,UTAH
2282,490066,202.0,496.5374911648306,2.4581063919051025,0.0,0.0,0.0,0.0,129.9998913068491,0.0,0.0,0.0,0.0,0.0,0.0,0.0,0.0,2.006207324643079,0.0,115.99047834027621,12.003205641929798,81720,0,0,0,49,UTAH
2249,490033,0.0,0.0,0.0,0.0,0.0,0.0,0.0,5.015518311607697,0.0,0.0,0.0,0.0,0.0,0.0,0.0,0.0,5.015518311607697,0.0,0.0,0.0,81720,0,0,0,49,UTAH
2252,490036,0.0,0.0,0.0,0.0,0.0,0.0,0.0,4.012414649286158,0.0,0.0,0.0,0.0,0.0,0.0,0.0,0.0,4.012414649286158,0.0,0.0,0.0,81720,0,0,0,49,UTAH
2250,490034,0.0,0.0,0.0,0.0,0.0,0.0,0.0,5.015518311607697,0.0,0.0,0.0,0.0,0.0,0.0,0.0,0.0,5.015518311607697,0.0,0.0,0.0,81720,0,0,0,49,UTAH
2350,490134,0.0,0.0,0.0,700.0,98.0,6.0,596.0,810.0100853134873,0.0,98.0,2.0,4.0,88.0,219.0,243.0,46.0,6.018621973929237,0.0,103.99146333955798,0.0,81720,0,0,0,49,UTAH
2349,490133,0.0,0.0,0.0,3.0,1.0,0.0,2.0,6.009310986964618,1.0,0.0,0.0,0.0,0.0,0.0,0.0,2.0,3.009310986964618,0.0,0.0,0.0,81720,0,0,0,49,UTAH
2348,490132,0.0,0.0,0.0,322.0,10.0,0.0,312.0,328.0186219739292,0.0,10.0,0.0,0.0,15.0,159.0,135.0,3.0,6.018621973929237,0.0,0.0,0.0,81720,0,0,0,49,UTAH
2290,490074,0.0,0.0,0.0,735.0,5.0,43.0,687.0,883.9941410834415,0.0,5.0,43.0,0.0,137.0,345.0,200.0,5.0,2.006207324643079,0.0,146.9879337587983,0.0,81720,0,0,0,49,UTAH
2344,490128,0.0,0.0,0.0,694.0,3.0,39.0,652.0,847.993730667074,0.0,3.0,34.0,5.0,128.0,181.0,310.0,33.0,2.006207324643079,0.0,151.9875233424309,0.0,81720,0,0,0,49,UTAH
2346,490130,0.0,0.0,0.0,854.0,31.0,16.0,807.0,857.0093109869646,0.0,31.0,11.0,5.0,71.0,284.0,425.0,27.0,3.009310986964618,0.0,0.0,0.0,81720,0,0,0,49,UTAH
2284,490068,50.0,146.2027057318668,2.9240541146373364,0.0,0.0,0.0,0.0,5.007008735125528,0.0,0.0,0.0,0.0,0.0,0.0,0.0,0.0,2.006207324643079,0.0,0.0,3.0008014104824494,81720,0,0,0,49,UTAH
2283,490067,196.0,479.9862414593363,2.448909395200696,0.0,0.0,0.0,0.0,251.9866914018894,0.0,0.0,0.0,0.0,0.0,0.0,0.0,0.0,1.0031036623215397,0.0,238.98038209763806,12.003205641929798,81720,0,0,0,49,UTAH
2280,490064,404.0,984.799357476914,2.4376221719725595,0.0,0.0,0.0,0.0,26.012618608502674,0.0,0.0,0.0,0.0,0.0,0.0,0.0,0.0,2.006207324643079,0.0,0.0,24.006411283859595,81720,0,0,0,49,UTAH
2225,490009,0.0,0.0,0.0,0.0,0.0,0.0,0.0,0.0,0.0,0.0,0.0,0.0,0.0,0.0,0.0,0.0,0.0,0.0,0.0,0.0,81720,0,0,0,49,UTAH
2278,490062,157.0,411.942214892304,2.623835763645248,0.0,0.0,0.0,0.0,12.011715218411966,0.0,0.0,0.0,0.0,0.0,0.0,0.0,0.0,3.009310986964618,0.0,0.0,9.002404231447349,81720,0,0,0,49,UTAH
2228,490012,2.0,3.0,1.5,0.0,0.0,0.0,0.0,2.006207324643079,0.0,0.0,0.0,0.0,0.0,0.0,0.0,0.0,2.006207324643079,0.0,0.0,0.0,81720,0,0,0,49,UTAH
2227,490011,4.0,15.631735832966893,3.9079339582417223,0.0,0.0,0.0,0.0,5.015518311607697,0.0,0.0,0.0,0.0,0.0,0.0,0.0,0.0,5.015518311607697,0.0,0.0,0.0,81720,0,0,0,49,UTAH
2236,490020,0.0,0.0,0.0,0.0,0.0,0.0,0.0,0.0,0.0,0.0,0.0,0.0,0.0,0.0,0.0,0.0,0.0,0.0,0.0,0.0,81720,0,0,0,49,UTAH
2244,490028,0.0,0.0,0.0,0.0,0.0,0.0,0.0,5.015518311607697,0.0,0.0,0.0,0.0,0.0,0.0,0.0,0.0,5.015518311607697,0.0,0.0,0.0,81720,0,0,0,49,UTAH
2251,490035,123.0,366.8860351384582,2.9828132938086034,192.0,17.0,5.0,170.0,200.00497362011393,17.0,0.0,3.0,2.0,20.0,17.0,104.0,29.0,1.0031036623215397,0.0,0.0,7.0018699577923815,81720,0,0,0,49,UTAH
2258,490042,10.0,29.42444392087885,2.9424443920878853,0.0,0.0,0.0,0.0,6.01578544843518,0.0,0.0,0.0,0.0,0.0,0.0,0.0,0.0,5.015518311607697,0.0,0.0,1.0002671368274831,81720,0,0,0,49,UTAH
2407,490191,0.0,0.0,0.0,806.0,358.0,5.0,443.0,811.0155183116077,0.0,358.0,5.0,0.0,137.0,256.0,17.0,33.0,5.015518311607697,0.0,0.0,0.0,81720,0,0,0,49,UTAH
2378,490162,0.0,0.0,0.0,137.0,10.0,0.0,127.0,140.0093109869646,0.0,10.0,0.0,0.0,87.0,30.0,7.0,3.0,3.009310986964618,0.0,0.0,0.0,81720,0,0,0,49,UTAH
2253,490037,61.0,163.67346930988862,2.6831716280309608,0.0,0.0,0.0,0.0,4.0010685473099326,0.0,0.0,0.0,0.0,0.0,0.0,0.0,0.0,0.0,0.0,0.0,4.0010685473099326,81720,0,0,0,49,UTAH
2240,490024,0.0,0.0,0.0,0.0,0.0,0.0,0.0,1.0031036623215397,0.0,0.0,0.0,0.0,0.0,0.0,0.0,0.0,1.0031036623215397,0.0,0.0,0.0,81720,0,0,0,49,UTAH
2235,490019,0.0,0.0,0.0,0.0,0.0,0.0,0.0,1.0031036623215397,0.0,0.0,0.0,0.0,0.0,0.0,0.0,0.0,1.0031036623215397,0.0,0.0,0.0,81720,0,0,0,49,UTAH
3159,490943,109.0,323.6688831296674,2.9694392947675907,0.0,0.0,0.0,0.0,8.00497362011392,0.0,0.0,0.0,0.0,0.0,0.0,0.0,0.0,1.0031036623215397,0.0,0.0,7.0018699577923815,51304,0,0,0,49,UTAH
3081,490865,71.0,205.0515935736245,2.888050613713021,1085.0,81.0,5.0,999.0,1089.0010685473098,32.0,49.0,4.0,1.0,35.0,139.0,15.0,810.0,0.0,0.0,0.0,4.0010685473099326,73772,692,0,0,49,UTAH
2487,490271,864.0,2656.475577731844,3.0746245112637087,0.0,0.0,0.0,0.0,245.99796695997384,0.0,0.0,0.0,0.0,0.0,0.0,0.0,0.0,0.0,0.0,193.9840758449447,52.013891115029125,96415,0,0,0,49,UTAH
2488,490272,294.0,915.8358170373544,3.115087813052225,0.0,0.0,0.0,0.0,18.004808462894697,0.0,0.0,0.0,0.0,0.0,0.0,0.0,0.0,0.0,0.0,0.0,18.004808462894697,96415,0,0,0,49,UTAH
2489,490273,650.0,2113.9623929406403,3.2522498352932927,0.0,0.0,0.0,0.0,39.01041833627184,0.0,0.0,0.0,0.0,0.0,0.0,0.0,0.0,0.0,0.0,0.0,39.01041833627184,96415,0,0,0,49,UTAH
2483,490267,517.0,1687.3079560878969,3.2636517525878084,239.0,6.0,6.0,227.0,271.0113849039735,0.0,6.0,6.0,0.0,81.0,12.0,14.0,120.0,1.0031036623215397,0.0,0.0,31.00828124165198,70166,0,0,0,49,UTAH
2480,490264,468.0,1469.3831682988878,3.139707624570273,542.0,8.0,13.0,521.0,578.0100089105767,5.0,3.0,9.0,4.0,144.0,35.0,213.0,129.0,1.0031036623215397,0.0,6.999425417085634,28.00747983116953,96951,0,0,0,49,UTAH
2449,490233,490.0,1496.0490706021842,3.053161368575886,0.0,0.0,0.0,0.0,29.00774696799701,0.0,0.0,0.0,0.0,0.0,0.0,0.0,0.0,0.0,0.0,0.0,29.00774696799701,91516,0,0,0,49,UTAH
2482,490266,333.0,1163.1850487472425,3.493048194436163,1.0,0.0,0.0,1.0,166.99654432421647,0.0,0.0,0.0,0.0,1.0,0.0,0.0,0.0,1.0031036623215397,0.0,144.98809792534527,20.005342736549665,70166,0,0,0,49,UTAH
2506,490290,238.0,615.1547807208735,2.5846839526087124,0.0,0.0,0.0,0.0,16.009947240227845,0.0,0.0,0.0,0.0,0.0,0.0,0.0,0.0,2.006207324643079,0.0,0.0,14.003739915584765,93988,0,0,0,49,UTAH
2356,490140,104.0,316.3127721494477,3.0414689629754585,901.0,189.0,103.0,609.0,908.0047064832864,189.0,0.0,0.0,103.0,34.0,262.0,0.0,313.0,1.0031036623215397,0.0,0.0,6.001602820964899,74211,0,611,1379,49,UTAH
2262,490046,56.0,160.91492769230624,2.873480851648325,0.0,0.0,0.0,0.0,65.00845522990672,0.0,0.0,0.0,0.0,0.0,0.0,0.0,0.0,4.012414649286158,0.0,57.995239170138106,3.0008014104824494,81720,0,0,0,49,UTAH
2261,490045,168.0,478.1472137142814,2.846114367346913,0.0,0.0,0.0,0.0,268.9877832916333,0.0,0.0,0.0,0.0,0.0,0.0,0.0,0.0,2.006207324643079,0.0,256.9789045987154,10.002671368274832,81720,0,0,0,49,UTAH
2263,490047,41.0,121.37583117362529,2.9603861261859823,0.0,0.0,0.0,0.0,64.00818809307923,0.0,0.0,0.0,0.0,0.0,0.0,0.0,0.0,4.012414649286158,0.0,57.995239170138106,2.0005342736549663,81720,0,0,0,49,UTAH
2247,490031,116.0,365.0470073934033,3.14695696028796,0.0,0.0,0.0,0.0,10.011180944757,0.0,0.0,0.0,0.0,0.0,0.0,0.0,0.0,3.009310986964618,0.0,0.0,7.0018699577923815,81720,0,0,0,49,UTAH
2243,490027,1.0,9.195138725274642,9.195138725274642,0.0,0.0,0.0,0.0,6.018621973929237,0.0,0.0,0.0,0.0,0.0,0.0,0.0,0.0,6.018621973929237,0.0,0.0,0.0,81720,0,0,0,49,UTAH
2274,490058,90.0,314.47374440439273,3.494152715604364,381.0,116.0,14.0,251.0,535.0050340043639,114.0,2.0,14.0,0.0,44.0,15.0,18.0,174.0,5.015518311607697,0.0,143.98818000861874,5.001335684137416,81720,0,0,0,49,UTAH
2238,490022,0.0,0.0,0.0,0.0,0.0,0.0,0.0,5.015518311607697,0.0,0.0,0.0,0.0,0.0,0.0,0.0,0.0,5.015518311607697,0.0,0.0,0.0,81720,0,0,0,49,UTAH
2234,490018,0.0,0.0,0.0,0.0,0.0,0.0,0.0,3.009310986964618,0.0,0.0,0.0,0.0,0.0,0.0,0.0,0.0,3.009310986964618,0.0,0.0,0.0,81720,0,0,0,49,UTAH
2233,490017,0.0,0.0,0.0,338.0,226.0,5.0,107.0,340.00620732464307,226.0,0.0,4.0,1.0,15.0,18.0,1.0,73.0,2.006207324643079,0.0,0.0,0.0,81720,0,0,0,49,UTAH
2222,490006,116.0,373.3226322461505,3.218298553846125,565.0,99.0,49.0,417.0,595.0732541911877,26.0,73.0,43.0,6.0,66.0,71.0,90.0,190.0,23.071384233395406,0.0,0.0,7.0018699577923815,81720,0,0,0,49,UTAH
2472,490256,50.0,137.00756700659215,2.740151340131843,0.0,0.0,0.0,0.0,5.007008735125528,0.0,0.0,0.0,0.0,0.0,0.0,0.0,0.0,2.006207324643079,0.0,0.0,3.0008014104824494,96951,0,0,0,49,UTAH
2611,490395,3.0,8.275624852747178,2.758541617582393,263.0,79.0,127.0,57.0,263.0,79.0,0.0,43.0,84.0,32.0,0.0,0.0,25.0,0.0,0.0,0.0,0.0,96918,0,0,0,49,UTAH
3456,491240,258.0,960.8919967912,3.724387584462016,149.0,80.0,5.0,64.0,164.00400705241225,80.0,0.0,0.0,5.0,3.0,9.0,40.0,12.0,0.0,0.0,0.0,15.004007052412248,84614,0,0,0,49,UTAH
3530,491314,26.0,78.15867916483445,3.0061030448013253,0.0,0.0,0.0,0.0,8.9999596907406,0.0,0.0,0.0,0.0,0.0,0.0,0.0,0.0,0.0,0.0,6.999425417085634,2.0005342736549663,67754,0,0,0,49,UTAH
3498,491282,0.0,0.0,0.0,0.0,0.0,0.0,0.0,0.0,0.0,0.0,0.0,0.0,0.0,0.0,0.0,0.0,0.0,0.0,0.0,0.0,67754,0,0,0,49,UTAH
3497,491281,49.0,141.60513636922948,2.889900742229173,4981.0,105.0,579.0,4297.0,5148.041497428747,63.0,42.0,330.0,249.0,1312.0,748.0,862.0,1375.0,17.05276225946617,0.0,146.9879337587983,3.0008014104824494,81720,0,0,0,49,UTAH
3527,491311,4.0,12.8731942153845,3.218298553846125,0.0,0.0,0.0,0.0,2.9997537501795573,0.0,0.0,0.0,0.0,0.0,0.0,0.0,0.0,0.0,0.0,2.9997537501795573,0.0,81720,0,0,0,49,UTAH
3526,491310,0.0,0.0,0.0,0.0,0.0,0.0,0.0,0.0,0.0,0.0,0.0,0.0,0.0,0.0,0.0,0.0,0.0,0.0,0.0,0.0,87096,0,0,0,49,UTAH
2218,490002,3.0,6.43659710769225,2.1455323692307497,283.0,1.0,42.0,240.0,283.0,0.0,1.0,7.0,35.0,71.0,20.0,82.0,67.0,0.0,0.0,0.0,0.0,81720,0,0,0,49,UTAH
2590,490374,78.0,256.54437043516253,3.289030390194392,192.0,15.0,17.0,160.0,198.00443934645895,15.0,0.0,0.0,17.0,34.0,3.0,0.0,123.0,1.0031036623215397,0.0,0.0,5.001335684137416,107045,0,290,214,49,UTAH
2591,490375,25.0,97.4684704879112,3.898738819516448,343.0,2.0,10.0,331.0,345.003370799149,0.0,2.0,8.0,2.0,142.0,0.0,2.0,187.0,1.0031036623215397,0.0,0.0,1.0002671368274831,85040,0,0,0,49,UTAH
2555,490339,3.0,7.3561109802197135,2.4520369934065718,12.0,2.0,0.0,10.0,13.00310366232154,2.0,0.0,0.0,0.0,2.0,0.0,0.0,8.0,1.0031036623215397,0.0,0.0,0.0,107045,0,0,0,49,UTAH
2217,490001,19.0,46.89520749890068,2.4681688157316146,0.0,0.0,0.0,0.0,19.001975383499847,0.0,0.0,0.0,0.0,0.0,0.0,0.0,0.0,1.0031036623215397,0.0,16.998604584350826,1.0002671368274831,81720,0,0,0,49,UTAH
3528,491312,0.0,0.0,0.0,0.0,0.0,0.0,0.0,0.0,0.0,0.0,0.0,0.0,0.0,0.0,0.0,0.0,0.0,0.0,0.0,0.0,74530,0,0,0,49,UTAH
3529,491313,0.0,0.0,0.0,0.0,0.0,0.0,0.0,0.0,0.0,0.0,0.0,0.0,0.0,0.0,0.0,0.0,0.0,0.0,0.0,0.0,67754,0,0,0,49,UTAH
3471,491255,159.0,427.5739507252708,2.689144344184093,24.0,0.0,1.0,23.0,34.00267136827483,0.0,0.0,1.0,0.0,14.0,2.0,3.0,4.0,0.0,0.0,0.0,10.002671368274832,67754,0,0,0,49,UTAH
2269,490053,0.0,0.0,0.0,63.0,1.0,2.0,60.0,84.06517690875233,0.0,1.0,1.0,1.0,4.0,4.0,52.0,0.0,21.065176908752328,0.0,0.0,0.0,87096,0,0,0,49,UTAH
2270,490054,0.0,0.0,0.0,0.0,0.0,0.0,0.0,21.065176908752328,0.0,0.0,0.0,0.0,0.0,0.0,0.0,0.0,21.065176908752328,0.0,0.0,0.0,87096,0,0,0,49,UTAH
2255,490039,6.0,16.551249705494357,2.758541617582393,0.0,0.0,0.0,0.0,5.015518311607697,0.0,0.0,0.0,0.0,0.0,0.0,0.0,0.0,5.015518311607697,0.0,0.0,0.0,81720,0,0,0,49,UTAH
2259,490043,238.0,635.3840859164777,2.669681033262512,0.0,0.0,0.0,0.0,279.0042880672775,0.0,0.0,0.0,0.0,0.0,0.0,0.0,0.0,7.0217256362507765,0.0,257.97882251544195,14.003739915584765,81720,0,0,0,49,UTAH
2848,490632,196.0,546.1912402813138,2.7866900014352742,6146.0,47.0,3.0,6096.0,6158.0032056419295,0.0,47.0,1.0,2.0,25.0,5832.0,0.0,239.0,0.0,0.0,0.0,12.003205641929798,50017,0,0,606,49,UTAH
2517,490301,0.0,0.0,0.0,0.0,0.0,0.0,0.0,7.0217256362507765,0.0,0.0,0.0,0.0,0.0,0.0,0.0,0.0,7.0217256362507765,0.0,0.0,0.0,87096,0,0,0,49,UTAH
2720,490504,26.0,94.7099288703288,3.642689571935724,0.0,0.0,0.0,0.0,7.016052585262663,0.0,0.0,0.0,0.0,0.0,0.0,0.0,0.0,5.015518311607697,0.0,0.0,2.0005342736549663,83312,0,0,0,49,UTAH
2268,490052,0.0,0.0,0.0,833.0,397.0,7.0,429.0,838.0155183116077,67.0,330.0,4.0,3.0,102.0,89.0,219.0,19.0,5.015518311607697,0.0,0.0,0.0,81720,0,0,0,49,UTAH
2267,490051,0.0,0.0,0.0,1287.0,908.0,5.0,374.0,1291.0124146492863,39.0,869.0,4.0,1.0,48.0,192.0,115.0,19.0,4.012414649286158,0.0,0.0,0.0,81720,0,0,0,49,UTAH
2265,490049,0.0,0.0,0.0,1155.0,693.0,2.0,460.0,1160.0155183116076,1.0,692.0,0.0,2.0,10.0,249.0,189.0,12.0,5.015518311607697,0.0,0.0,0.0,81720,0,0,0,49,UTAH
2415,490199,0.0,0.0,0.0,0.0,0.0,0.0,0.0,5.015518311607697,0.0,0.0,0.0,0.0,0.0,0.0,0.0,0.0,5.015518311607697,0.0,0.0,0.0,81720,0,0,0,49,UTAH
2416,490200,0.0,0.0,0.0,0.0,0.0,0.0,0.0,4.012414649286158,0.0,0.0,0.0,0.0,0.0,0.0,0.0,0.0,4.012414649286158,0.0,0.0,0.0,81720,0,0,0,49,UTAH
2414,490198,0.0,0.0,0.0,14.0,10.0,1.0,3.0,16.00620732464308,0.0,10.0,0.0,1.0,0.0,0.0,1.0,2.0,2.006207324643079,0.0,0.0,0.0,81720,0,0,0,49,UTAH
2412,490196,0.0,0.0,0.0,804.0,80.0,27.0,697.0,804.0,7.0,73.0,5.0,22.0,84.0,122.0,416.0,75.0,0.0,0.0,0.0,0.0,81720,0,0,0,49,UTAH
2411,490195,105.0,343.89818832527163,3.2752208411930632,48.0,0.0,0.0,48.0,184.99722140332895,0.0,0.0,0.0,0.0,6.0,3.0,37.0,2.0,2.006207324643079,0.0,128.98941125772097,6.001602820964899,95747,0,0,0,49,UTAH
2404,490188,0.0,0.0,0.0,119.0,45.0,1.0,73.0,119.0,0.0,45.0,0.0,1.0,24.0,18.0,1.0,30.0,0.0,0.0,0.0,0.0,81720,0,0,0,49,UTAH
2447,490231,0.0,0.0,0.0,0.0,0.0,0.0,0.0,0.0,0.0,0.0,0.0,0.0,0.0,0.0,0.0,0.0,0.0,0.0,0.0,0.0,91516,0,0,0,49,UTAH
2440,490224,7.0,22.987846813186604,3.2839781161695147,0.0,0.0,0.0,0.0,18.04630868500265,0.0,0.0,0.0,0.0,0.0,0.0,0.0,0.0,15.046554934823092,0.0,2.9997537501795573,0.0,91516,0,0,0,49,UTAH
2444,490228,525.0,1550.3003890813047,2.952953122059628,0.0,0.0,0.0,0.0,459.9730675173287,0.0,0.0,0.0,0.0,0.0,0.0,0.0,0.0,0.0,0.0,428.9647862756767,31.00828124165198,91516,0,0,0,49,UTAH
3136,490920,0.0,0.0,0.0,221.0,1.0,201.0,19.0,224.0093109869646,1.0,0.0,187.0,14.0,0.0,16.0,0.0,3.0,3.009310986964618,0.0,0.0,0.0,51304,0,0,0,49,UTAH
3307,491091,27.0,69.88305431208728,2.588261270818048,11.0,5.0,1.0,5.0,17.012948922941124,5.0,0.0,0.0,1.0,2.0,2.0,0.0,1.0,4.012414649286158,0.0,0.0,2.0005342736549663,75589,0,0,0,49,UTAH
3309,491093,246.0,747.5647783648284,3.038881212865156,0.0,0.0,0.0,0.0,338.9805978173995,0.0,0.0,0.0,0.0,0.0,0.0,0.0,0.0,1.0031036623215397,0.0,322.9734871026657,15.004007052412248,75589,0,0,0,49,UTAH
2422,490206,255.0,862.5040124307615,3.382368676199065,0.0,0.0,0.0,0.0,20.003596636044843,0.0,0.0,0.0,0.0,0.0,0.0,0.0,0.0,0.0,0.0,4.999589583632595,15.004007052412248,102760,0,0,0,49,UTAH
2294,490078,0.0,0.0,0.0,2272.0,46.0,57.0,2169.0,2413.988344175166,40.0,6.0,49.0,8.0,309.0,460.0,1266.0,134.0,0.0,0.0,141.9883441751657,0.0,66402,0,0,0,49,UTAH
2291,490075,3.0,4.597569362637321,1.532523120879107,635.0,11.0,108.0,516.0,796.9930740008862,9.0,2.0,19.0,89.0,186.0,67.0,44.0,219.0,2.006207324643079,0.0,159.98686667624304,0.0,66402,0,0,0,49,UTAH
2912,490696,27.0,74.4806236747246,2.7585416175823925,0.0,0.0,0.0,0.0,9.022259909905742,0.0,0.0,0.0,0.0,0.0,0.0,0.0,0.0,7.0217256362507765,0.0,0.0,2.0005342736549663,55528,0,0,0,49,UTAH
3545,491329,0.0,0.0,0.0,0.0,0.0,0.0,0.0,0.0,0.0,0.0,0.0,0.0,0.0,0.0,0.0,0.0,0.0,0.0,0.0,0.0,87096,0,0,0,49,UTAH
3544,491328,0.0,0.0,0.0,0.0,0.0,0.0,0.0,0.0,0.0,0.0,0.0,0.0,0.0,0.0,0.0,0.0,0.0,0.0,0.0,0.0,87096,0,0,0,49,UTAH
3541,491325,18.0,57.00986009670278,3.167214449816821,0.0,0.0,0.0,0.0,1.0002671368274831,0.0,0.0,0.0,0.0,0.0,0.0,0.0,0.0,0.0,0.0,0.0,1.0002671368274831,109773,0,0,0,49,UTAH
3532,491316,10.0,32.182985538461246,3.2182985538461244,0.0,0.0,0.0,0.0,1.0002671368274831,0.0,0.0,0.0,0.0,0.0,0.0,0.0,0.0,0.0,0.0,0.0,1.0002671368274831,144534,0,0,0,49,UTAH
3536,491320,13.0,33.10249941098871,2.5463461085375934,77.0,15.0,5.0,57.0,78.00026713682749,12.0,3.0,3.0,2.0,10.0,4.0,3.0,40.0,0.0,0.0,0.0,1.0002671368274831,101715,0,0,0,49,UTAH
3538,491322,0.0,0.0,0.0,0.0,0.0,0.0,0.0,0.0,0.0,0.0,0.0,0.0,0.0,0.0,0.0,0.0,0.0,0.0,0.0,0.0,87096,0,0,0,49,UTAH
3537,491321,0.0,0.0,0.0,0.0,0.0,0.0,0.0,0.0,0.0,0.0,0.0,0.0,0.0,0.0,0.0,0.0,0.0,0.0,0.0,0.0,87096,0,0,0,49,UTAH
3535,491319,0.0,0.0,0.0,0.0,0.0,0.0,0.0,0.0,0.0,0.0,0.0,0.0,0.0,0.0,0.0,0.0,0.0,0.0,0.0,0.0,68752,0,0,0,49,UTAH
3533,491317,0.0,0.0,0.0,0.0,0.0,0.0,0.0,0.0,0.0,0.0,0.0,0.0,0.0,0.0,0.0,0.0,0.0,0.0,0.0,0.0,92729,0,0,0,49,UTAH
3499,491283,0.0,0.0,0.0,0.0,0.0,0.0,0.0,0.0,0.0,0.0,0.0,0.0,0.0,0.0,0.0,0.0,0.0,0.0,0.0,0.0,77419,0,0,0,49,UTAH
3501,491285,0.0,0.0,0.0,0.0,0.0,0.0,0.0,0.0,0.0,0.0,0.0,0.0,0.0,0.0,0.0,0.0,0.0,0.0,0.0,0.0,77419,0,0,0,49,UTAH
3500,491284,0.0,0.0,0.0,0.0,0.0,0.0,0.0,0.0,0.0,0.0,0.0,0.0,0.0,0.0,0.0,0.0,0.0,0.0,0.0,0.0,77419,0,0,0,49,UTAH
3534,491318,81.0,254.7053426901076,3.144510403581575,0.0,0.0,0.0,0.0,126.99132152477274,0.0,0.0,0.0,0.0,0.0,0.0,0.0,0.0,0.0,0.0,121.98998584063533,5.001335684137416,72466,0,0,0,49,UTAH
3502,491286,1.0,3.6780554901098568,3.6780554901098568,0.0,0.0,0.0,0.0,0.0,0.0,0.0,0.0,0.0,0.0,0.0,0.0,0.0,0.0,0.0,0.0,0.0,108155,0,0,0,49,UTAH
3510,491294,9.0,19.309791323076748,2.1455323692307497,0.0,0.0,0.0,0.0,1.0002671368274831,0.0,0.0,0.0,0.0,0.0,0.0,0.0,0.0,0.0,0.0,0.0,1.0002671368274831,88236,0,0,0,49,UTAH
3511,491295,0.0,0.0,0.0,0.0,0.0,0.0,0.0,0.0,0.0,0.0,0.0,0.0,0.0,0.0,0.0,0.0,0.0,0.0,0.0,0.0,87096,0,0,0,49,UTAH
3512,491296,0.0,0.0,0.0,0.0,0.0,0.0,0.0,0.0,0.0,0.0,0.0,0.0,0.0,0.0,0.0,0.0,0.0,0.0,0.0,0.0,87096,0,0,0,49,UTAH
3513,491297,0.0,0.0,0.0,0.0,0.0,0.0,0.0,0.0,0.0,0.0,0.0,0.0,0.0,0.0,0.0,0.0,0.0,0.0,0.0,0.0,87096,0,0,0,49,UTAH
3514,491298,0.0,0.0,0.0,0.0,0.0,0.0,0.0,0.0,0.0,0.0,0.0,0.0,0.0,0.0,0.0,0.0,0.0,0.0,0.0,0.0,87096,0,0,0,49,UTAH
3539,491323,27.0,81.83673465494431,3.0309901724053447,135.0,2.0,15.0,118.0,139.000370107108,0.0,2.0,15.0,0.0,13.0,20.0,5.0,80.0,0.0,0.0,1.9998358334530382,2.0005342736549663,103837,0,0,0,49,UTAH
3516,491300,0.0,0.0,0.0,0.0,0.0,0.0,0.0,0.0,0.0,0.0,0.0,0.0,0.0,0.0,0.0,0.0,0.0,0.0,0.0,0.0,98256,0,0,0,49,UTAH
3517,491301,0.0,0.0,0.0,0.0,0.0,0.0,0.0,0.0,0.0,0.0,0.0,0.0,0.0,0.0,0.0,0.0,0.0,0.0,0.0,0.0,87096,0,0,0,49,UTAH
3515,491299,0.0,0.0,0.0,0.0,0.0,0.0,0.0,0.0,0.0,0.0,0.0,0.0,0.0,0.0,0.0,0.0,0.0,0.0,0.0,0.0,95466,0,0,0,49,UTAH
3543,491327,0.0,0.0,0.0,0.0,0.0,0.0,0.0,0.0,0.0,0.0,0.0,0.0,0.0,0.0,0.0,0.0,0.0,0.0,0.0,0.0,87096,0,0,0,49,UTAH
3518,491302,0.0,0.0,0.0,0.0,0.0,0.0,0.0,0.0,0.0,0.0,0.0,0.0,0.0,0.0,0.0,0.0,0.0,0.0,0.0,0.0,87096,0,0,0,49,UTAH
3519,491303,0.0,0.0,0.0,0.0,0.0,0.0,0.0,0.0,0.0,0.0,0.0,0.0,0.0,0.0,0.0,0.0,0.0,0.0,0.0,0.0,87096,0,0,0,49,UTAH
3542,491326,0.0,0.0,0.0,0.0,0.0,0.0,0.0,0.0,0.0,0.0,0.0,0.0,0.0,0.0,0.0,0.0,0.0,0.0,0.0,0.0,74183,0,0,0,49,UTAH
3540,491324,2.0,5.517083235164785,2.7585416175823925,0.0,0.0,0.0,0.0,0.0,0.0,0.0,0.0,0.0,0.0,0.0,0.0,0.0,0.0,0.0,0.0,0.0,120577,0,0,0,49,UTAH
3520,491304,0.0,0.0,0.0,0.0,0.0,0.0,0.0,0.0,0.0,0.0,0.0,0.0,0.0,0.0,0.0,0.0,0.0,0.0,0.0,0.0,109773,0,0,0,49,UTAH
3521,491305,0.0,0.0,0.0,0.0,0.0,0.0,0.0,0.0,0.0,0.0,0.0,0.0,0.0,0.0,0.0,0.0,0.0,0.0,0.0,0.0,109773,0,0,0,49,UTAH
3522,491306,0.0,0.0,0.0,0.0,0.0,0.0,0.0,0.0,0.0,0.0,0.0,0.0,0.0,0.0,0.0,0.0,0.0,0.0,0.0,0.0,109773,0,0,0,49,UTAH
3505,491289,0.0,0.0,0.0,0.0,0.0,0.0,0.0,0.0,0.0,0.0,0.0,0.0,0.0,0.0,0.0,0.0,0.0,0.0,0.0,0.0,77419,0,0,0,49,UTAH
3509,491293,0.0,0.0,0.0,0.0,0.0,0.0,0.0,0.0,0.0,0.0,0.0,0.0,0.0,0.0,0.0,0.0,0.0,0.0,0.0,0.0,77419,0,0,0,49,UTAH
3503,491287,0.0,0.0,0.0,0.0,0.0,0.0,0.0,0.0,0.0,0.0,0.0,0.0,0.0,0.0,0.0,0.0,0.0,0.0,0.0,0.0,81813,0,0,0,49,UTAH
3506,491290,0.0,0.0,0.0,0.0,0.0,0.0,0.0,0.0,0.0,0.0,0.0,0.0,0.0,0.0,0.0,0.0,0.0,0.0,0.0,0.0,77419,0,0,0,49,UTAH
3508,491292,0.0,0.0,0.0,0.0,0.0,0.0,0.0,0.0,0.0,0.0,0.0,0.0,0.0,0.0,0.0,0.0,0.0,0.0,0.0,0.0,77419,0,0,0,49,UTAH
3504,491288,0.0,0.0,0.0,0.0,0.0,0.0,0.0,0.0,0.0,0.0,0.0,0.0,0.0,0.0,0.0,0.0,0.0,0.0,0.0,0.0,77419,0,0,0,49,UTAH
3546,491330,0.0,0.0,0.0,0.0,0.0,0.0,0.0,0.0,0.0,0.0,0.0,0.0,0.0,0.0,0.0,0.0,0.0,0.0,0.0,0.0,87096,0,0,0,49,UTAH
3507,491291,0.0,0.0,0.0,0.0,0.0,0.0,0.0,0.0,0.0,0.0,0.0,0.0,0.0,0.0,0.0,0.0,0.0,0.0,0.0,0.0,77419,0,0,0,49,UTAH
